Scalar MT under Modal for nodeset
17
   8.2328E+01
  0.0000E+00
  0.0000E+00
  0.0000E+00
  1.9710E+00
  0.0000E+00
  0.0000E+00
  1.9679E+00
  3.2196E-01
  6.1401E-01
  8.7662E-01
  1.1102E+00
  1.3153E+00
  1.4922E+00
  1.6413E+00
  1.7631E+00
  1.8578E+00
  1.9259E+00
   1.2742E+02
  0.0000E+00
  0.0000E+00
  0.0000E+00
  1.9689E+00
  0.0000E+00
  0.0000E+00
  1.9658E+00
  3.2065E-01
  6.1162E-01
  8.7338E-01
  1.1064E+00
  1.3110E+00
  1.4877E+00
  1.6369E+00
  1.7589E+00
  1.8541E+00
  1.9229E+00
   7.2748E+02
  0.0000E+00
  0.0000E+00
  0.0000E+00
  1.6864E+01
  0.0000E+00
  0.0000E+00
  1.6830E+01
  1.5300E+00
  3.0600E+00
  4.5899E+00
  6.1199E+00
  7.6499E+00
  9.1799E+00
  1.0710E+01
  1.2240E+01
  1.3770E+01
  1.5300E+01
   1.1907E+03
  0.0000E+00
  0.0000E+00
  0.0000E+00
  6.2693E-01
  0.0000E+00
  0.0000E+00
  6.2521E-01
  5.6837E-02
  1.1367E-01
  1.7051E-01
  2.2735E-01
  2.8419E-01
  3.4102E-01
  3.9786E-01
  4.5470E-01
  5.1154E-01
  5.6837E-01
