Scalar DZ under FrequencyResponse for NODALGROUP 1: NODENUMBER X0  Y0  Z0  RESULT-1 RESULT-2 ... RESULT-N
240
   5.0000E+02
           4 -8.8870E-03 -1.4080E-03  0.0000E+00 -4.0791E-03
          26 -7.8990E-03 -1.2510E-03  0.0000E+00 -4.0920E-03
          38 -6.9120E-03 -1.0950E-03  0.0000E+00 -4.1046E-03
          50 -5.9250E-03 -9.3800E-04  0.0000E+00 -4.1167E-03
          74 -8.5570E-03 -2.7810E-03  0.0000E+00 -4.0791E-03
          85 -7.6070E-03 -2.4720E-03  0.0000E+00 -4.0920E-03
          91 -6.6560E-03 -2.1630E-03  0.0000E+00 -4.1045E-03
          97 -5.7050E-03 -1.8540E-03  0.0000E+00 -4.1167E-03
         110 -8.0180E-03 -4.0860E-03  0.0000E+00 -4.0792E-03
         121 -7.1270E-03 -3.6320E-03  0.0000E+00 -4.0920E-03
         127 -6.2360E-03 -3.1780E-03  0.0000E+00 -4.1045E-03
         133 -5.3450E-03 -2.7240E-03  0.0000E+00 -4.1167E-03
         146 -7.2810E-03 -5.2900E-03  0.0000E+00 -4.0792E-03
         157 -6.4720E-03 -4.7020E-03  0.0000E+00 -4.0920E-03
         163 -5.6630E-03 -4.1140E-03  0.0000E+00 -4.1046E-03
         169 -4.8540E-03 -3.5270E-03  0.0000E+00 -4.1167E-03
         182 -6.3640E-03 -6.3640E-03  0.0000E+00 -4.0792E-03
         193 -5.6570E-03 -5.6570E-03  0.0000E+00 -4.0920E-03
         199 -4.9500E-03 -4.9500E-03  0.0000E+00 -4.1045E-03
         205 -4.2430E-03 -4.2430E-03  0.0000E+00 -4.1167E-03
         218 -5.2900E-03 -7.2810E-03  0.0000E+00 -4.0791E-03
         229 -4.7020E-03 -6.4720E-03  0.0000E+00 -4.0920E-03
         235 -4.1140E-03 -5.6630E-03  0.0000E+00 -4.1045E-03
         241 -3.5270E-03 -4.8540E-03  0.0000E+00 -4.1167E-03
         254 -4.0860E-03 -8.0180E-03  0.0000E+00 -4.0791E-03
         265 -3.6320E-03 -7.1270E-03  0.0000E+00 -4.0920E-03
         271 -3.1780E-03 -6.2360E-03  0.0000E+00 -4.1045E-03
         277 -2.7240E-03 -5.3450E-03  0.0000E+00 -4.1167E-03
         290 -2.7810E-03 -8.5570E-03  0.0000E+00 -4.0791E-03
         301 -2.4720E-03 -7.6070E-03  0.0000E+00 -4.0920E-03
         307 -2.1630E-03 -6.6560E-03  0.0000E+00 -4.1045E-03
         313 -1.8540E-03 -5.7050E-03  0.0000E+00 -4.1167E-03
         326 -1.4080E-03 -8.8870E-03  0.0000E+00 -4.0791E-03
         337 -1.2510E-03 -7.8990E-03  0.0000E+00 -4.0920E-03
         343 -1.0950E-03 -6.9120E-03  0.0000E+00 -4.1045E-03
         349 -9.3800E-04 -5.9250E-03  0.0000E+00 -4.1167E-03
         362  1.7400E-12 -9.0000E-03  0.0000E+00 -4.0791E-03
         373  1.5460E-12 -8.0000E-03  0.0000E+00 -4.0919E-03
         379  1.3530E-12 -7.0000E-03  0.0000E+00 -4.1045E-03
         385  1.1600E-12 -6.0000E-03  0.0000E+00 -4.1167E-03
         398  1.4075E-03 -8.8870E-03  0.0000E+00 -4.0791E-03
         409  1.2511E-03 -7.8990E-03  0.0000E+00 -4.0920E-03
         415  1.0947E-03 -6.9120E-03  0.0000E+00 -4.1045E-03
         421  9.3830E-04 -5.9250E-03  0.0000E+00 -4.1167E-03
         434  2.7806E-03 -8.5570E-03  0.0000E+00 -4.0791E-03
         445  2.4717E-03 -7.6070E-03  0.0000E+00 -4.0920E-03
         451  2.1627E-03 -6.6560E-03  0.0000E+00 -4.1045E-03
         457  1.8538E-03 -5.7050E-03  0.0000E+00 -4.1167E-03
         470  4.0856E-03 -8.0180E-03  0.0000E+00 -4.0791E-03
         481  3.6316E-03 -7.1270E-03  0.0000E+00 -4.0920E-03
         487  3.1777E-03 -6.2360E-03  0.0000E+00 -4.1045E-03
         493  2.7237E-03 -5.3450E-03  0.0000E+00 -4.1167E-03
         506  5.2899E-03 -7.2810E-03  0.0000E+00 -4.0791E-03
         517  4.7021E-03 -6.4720E-03  0.0000E+00 -4.0920E-03
         523  4.1144E-03 -5.6630E-03  0.0000E+00 -4.1045E-03
         529  3.5266E-03 -4.8540E-03  0.0000E+00 -4.1167E-03
         542  6.3639E-03 -6.3640E-03  0.0000E+00 -4.0792E-03
         553  5.6568E-03 -5.6570E-03  0.0000E+00 -4.0920E-03
         559  4.9497E-03 -4.9500E-03  0.0000E+00 -4.1045E-03
         565  4.2426E-03 -4.2430E-03  0.0000E+00 -4.1167E-03
         578  7.2807E-03 -5.2900E-03  0.0000E+00 -4.0792E-03
         589  6.4717E-03 -4.7020E-03  0.0000E+00 -4.0920E-03
         595  5.6627E-03 -4.1140E-03  0.0000E+00 -4.1045E-03
         601  4.8538E-03 -3.5270E-03  0.0000E+00 -4.1167E-03
         614  8.0179E-03 -4.0860E-03  0.0000E+00 -4.0792E-03
         625  7.1270E-03 -3.6320E-03  0.0000E+00 -4.0920E-03
         631  6.2361E-03 -3.1780E-03  0.0000E+00 -4.1045E-03
         637  5.3453E-03 -2.7240E-03  0.0000E+00 -4.1167E-03
         650  8.5574E-03 -2.7810E-03  0.0000E+00 -4.0791E-03
         661  7.6066E-03 -2.4720E-03  0.0000E+00 -4.0920E-03
         667  6.6558E-03 -2.1630E-03  0.0000E+00 -4.1045E-03
         673  5.7050E-03 -1.8540E-03  0.0000E+00 -4.1167E-03
         686  8.8868E-03 -1.4080E-03  0.0000E+00 -4.0791E-03
         697  7.8994E-03 -1.2510E-03  0.0000E+00 -4.0920E-03
         703  6.9119E-03 -1.0950E-03  0.0000E+00 -4.1045E-03
         709  5.9245E-03 -9.3800E-04  0.0000E+00 -4.1167E-03
         760 -5.9250E-03  9.3830E-04  0.0000E+00 -4.1167E-03
         782 -6.9120E-03  1.0947E-03  0.0000E+00 -4.1046E-03
         794 -7.8990E-03  1.2511E-03  0.0000E+00 -4.0920E-03
         806 -8.8870E-03  1.4075E-03  0.0000E+00 -4.0791E-03
         830 -5.7050E-03  1.8538E-03  0.0000E+00 -4.1167E-03
         841 -6.6560E-03  2.1627E-03  0.0000E+00 -4.1045E-03
         847 -7.6070E-03  2.4717E-03  0.0000E+00 -4.0920E-03
         853 -8.5570E-03  2.7806E-03  0.0000E+00 -4.0791E-03
         866 -5.3450E-03  2.7237E-03  0.0000E+00 -4.1167E-03
         877 -6.2360E-03  3.1777E-03  0.0000E+00 -4.1045E-03
         883 -7.1270E-03  3.6316E-03  0.0000E+00 -4.0920E-03
         889 -8.0180E-03  4.0856E-03  0.0000E+00 -4.0792E-03
         902 -4.8540E-03  3.5266E-03  0.0000E+00 -4.1167E-03
         913 -5.6630E-03  4.1144E-03  0.0000E+00 -4.1045E-03
         919 -6.4720E-03  4.7021E-03  0.0000E+00 -4.0920E-03
         925 -7.2810E-03  5.2899E-03  0.0000E+00 -4.0792E-03
         938 -4.2430E-03  4.2426E-03  0.0000E+00 -4.1167E-03
         949 -4.9500E-03  4.9497E-03  0.0000E+00 -4.1045E-03
         955 -5.6570E-03  5.6568E-03  0.0000E+00 -4.0920E-03
         961 -6.3640E-03  6.3639E-03  0.0000E+00 -4.0792E-03
         974 -3.5270E-03  4.8538E-03  0.0000E+00 -4.1167E-03
         985 -4.1140E-03  5.6627E-03  0.0000E+00 -4.1045E-03
         991 -4.7020E-03  6.4717E-03  0.0000E+00 -4.0920E-03
         997 -5.2900E-03  7.2807E-03  0.0000E+00 -4.0791E-03
        1010 -2.7240E-03  5.3453E-03  0.0000E+00 -4.1167E-03
        1021 -3.1780E-03  6.2361E-03  0.0000E+00 -4.1045E-03
        1027 -3.6320E-03  7.1270E-03  0.0000E+00 -4.0920E-03
        1033 -4.0860E-03  8.0179E-03  0.0000E+00 -4.0791E-03
        1046 -1.8540E-03  5.7050E-03  0.0000E+00 -4.1167E-03
        1057 -2.1630E-03  6.6558E-03  0.0000E+00 -4.1045E-03
        1063 -2.4720E-03  7.6066E-03  0.0000E+00 -4.0920E-03
        1069 -2.7810E-03  8.5574E-03  0.0000E+00 -4.0791E-03
        1082 -9.3800E-04  5.9245E-03  0.0000E+00 -4.1167E-03
        1093 -1.0950E-03  6.9119E-03  0.0000E+00 -4.1045E-03
        1099 -1.2510E-03  7.8994E-03  0.0000E+00 -4.0920E-03
        1105 -1.4080E-03  8.8868E-03  0.0000E+00 -4.0791E-03
        1118  1.6020E-12  6.0000E-03  0.0000E+00 -4.1167E-03
        1129  1.8690E-12  7.0000E-03  0.0000E+00 -4.1045E-03
        1135  2.1360E-12  8.0000E-03  0.0000E+00 -4.0919E-03
        1141  2.4030E-12  9.0000E-03  0.0000E+00 -4.0790E-03
        1154  9.3830E-04  5.9245E-03  0.0000E+00 -4.1167E-03
        1165  1.0947E-03  6.9119E-03  0.0000E+00 -4.1045E-03
        1171  1.2511E-03  7.8994E-03  0.0000E+00 -4.0920E-03
        1177  1.4075E-03  8.8868E-03  0.0000E+00 -4.0791E-03
        1190  1.8538E-03  5.7050E-03  0.0000E+00 -4.1167E-03
        1201  2.1627E-03  6.6558E-03  0.0000E+00 -4.1045E-03
        1207  2.4717E-03  7.6066E-03  0.0000E+00 -4.0920E-03
        1213  2.7806E-03  8.5574E-03  0.0000E+00 -4.0791E-03
        1226  2.7237E-03  5.3453E-03  0.0000E+00 -4.1167E-03
        1237  3.1777E-03  6.2361E-03  0.0000E+00 -4.1045E-03
        1243  3.6316E-03  7.1270E-03  0.0000E+00 -4.0920E-03
        1249  4.0856E-03  8.0179E-03  0.0000E+00 -4.0791E-03
        1262  3.5266E-03  4.8538E-03  0.0000E+00 -4.1167E-03
        1273  4.1144E-03  5.6628E-03  0.0000E+00 -4.1045E-03
        1279  4.7021E-03  6.4717E-03  0.0000E+00 -4.0920E-03
        1285  5.2899E-03  7.2807E-03  0.0000E+00 -4.0791E-03
        1298  4.2426E-03  4.2427E-03  0.0000E+00 -4.1167E-03
        1309  4.9497E-03  4.9498E-03  0.0000E+00 -4.1045E-03
        1315  5.6568E-03  5.6569E-03  0.0000E+00 -4.0920E-03
        1321  6.3639E-03  6.3640E-03  0.0000E+00 -4.0792E-03
        1334  4.8538E-03  3.5266E-03  0.0000E+00 -4.1167E-03
        1345  5.6627E-03  4.1144E-03  0.0000E+00 -4.1045E-03
        1351  6.4717E-03  4.7022E-03  0.0000E+00 -4.0920E-03
        1357  7.2807E-03  5.2900E-03  0.0000E+00 -4.0792E-03
        1370  5.3453E-03  2.7237E-03  0.0000E+00 -4.1167E-03
        1381  6.2361E-03  3.1777E-03  0.0000E+00 -4.1045E-03
        1387  7.1270E-03  3.6316E-03  0.0000E+00 -4.0920E-03
        1393  8.0179E-03  4.0856E-03  0.0000E+00 -4.0791E-03
        1406  5.7050E-03  1.8538E-03  0.0000E+00 -4.1167E-03
        1417  6.6558E-03  2.1627E-03  0.0000E+00 -4.1045E-03
        1423  7.6066E-03  2.4717E-03  0.0000E+00 -4.0920E-03
        1429  8.5574E-03  2.7806E-03  0.0000E+00 -4.0791E-03
        1442  5.9245E-03  9.3830E-04  0.0000E+00 -4.1167E-03
        1453  6.9119E-03  1.0947E-03  0.0000E+00 -4.1045E-03
        1459  7.8994E-03  1.2511E-03  0.0000E+00 -4.0920E-03
        1465  8.8868E-03  1.4075E-03  0.0000E+00 -4.0791E-03
       27964  9.0000E-03  0.0000E+00  0.0000E+00 -4.0790E-03
       27965  9.8742E-03  1.5639E-03  0.0000E+00 -4.0660E-03
       27966  1.0000E-02  0.0000E+00  0.0000E+00 -4.0659E-03
       27968  8.0000E-03  0.0000E+00  0.0000E+00 -4.0919E-03
       27970  7.0000E-03  0.0000E+00  0.0000E+00 -4.1045E-03
       27972  6.0000E-03  0.0000E+00  0.0000E+00 -4.1167E-03
       27979  4.9371E-03  7.8200E-04  0.0000E+00 -4.1295E-03
       27980  5.0000E-03  0.0000E+00  0.0000E+00 -4.1295E-03
       27982  9.5083E-03  3.0896E-03  0.0000E+00 -4.0661E-03
       27984  4.7541E-03  1.5448E-03  0.0000E+00 -4.1294E-03
       27986  8.9088E-03  4.5395E-03  0.0000E+00 -4.0661E-03
       27988  4.4544E-03  2.2698E-03  0.0000E+00 -4.1294E-03
       27990  8.0896E-03  5.8777E-03  0.0000E+00 -4.0662E-03
       27992  4.0448E-03  2.9389E-03  0.0000E+00 -4.1294E-03
       27994  7.0710E-03  7.0711E-03  0.0000E+00 -4.0662E-03
       27996  3.5355E-03  3.5355E-03  0.0000E+00 -4.1294E-03
       27998  5.8777E-03  8.0897E-03  0.0000E+00 -4.0661E-03
       28000  2.9388E-03  4.0448E-03  0.0000E+00 -4.1294E-03
       28002  4.5395E-03  8.9088E-03  0.0000E+00 -4.0660E-03
       28004  2.2698E-03  4.4544E-03  0.0000E+00 -4.1294E-03
       28006  3.0896E-03  9.5083E-03  0.0000E+00 -4.0660E-03
       28008  1.5448E-03  4.7541E-03  0.0000E+00 -4.1295E-03
       28010  1.5639E-03  9.8742E-03  0.0000E+00 -4.0660E-03
       28012  7.8200E-04  4.9371E-03  0.0000E+00 -4.1295E-03
       28014  2.6700E-12  1.0000E-02  0.0000E+00 -4.0659E-03
       28016  1.3350E-12  5.0000E-03  0.0000E+00 -4.1295E-03
       28018 -1.5640E-03  9.8742E-03  0.0000E+00 -4.0660E-03
       28020 -7.8200E-04  4.9371E-03  0.0000E+00 -4.1295E-03
       28022 -3.0900E-03  9.5083E-03  0.0000E+00 -4.0660E-03
       28024 -1.5450E-03  4.7541E-03  0.0000E+00 -4.1295E-03
       28026 -4.5400E-03  8.9088E-03  0.0000E+00 -4.0660E-03
       28028 -2.2700E-03  4.4544E-03  0.0000E+00 -4.1294E-03
       28030 -5.8780E-03  8.0896E-03  0.0000E+00 -4.0661E-03
       28032 -2.9390E-03  4.0448E-03  0.0000E+00 -4.1294E-03
       28034 -7.0710E-03  7.0710E-03  0.0000E+00 -4.0662E-03
       28036 -3.5360E-03  3.5355E-03  0.0000E+00 -4.1294E-03
       28038 -8.0900E-03  5.8777E-03  0.0000E+00 -4.0662E-03
       28040 -4.0450E-03  2.9388E-03  0.0000E+00 -4.1294E-03
       28042 -8.9090E-03  4.5395E-03  0.0000E+00 -4.0661E-03
       28044 -4.4540E-03  2.2698E-03  0.0000E+00 -4.1294E-03
       28046 -9.5080E-03  3.0896E-03  0.0000E+00 -4.0661E-03
       28048 -4.7540E-03  1.5448E-03  0.0000E+00 -4.1294E-03
       28050 -9.8740E-03  1.5639E-03  0.0000E+00 -4.0660E-03
       28052 -4.9370E-03  7.8200E-04  0.0000E+00 -4.1295E-03
       28059 -9.0000E-03  0.0000E+00  0.0000E+00 -4.0791E-03
       28060 -1.0000E-02  0.0000E+00  0.0000E+00 -4.0659E-03
       28062 -8.0000E-03  0.0000E+00  0.0000E+00 -4.0919E-03
       28064 -7.0000E-03  0.0000E+00  0.0000E+00 -4.1045E-03
       28066 -6.0000E-03  0.0000E+00  0.0000E+00 -4.1167E-03
       28072 -5.0000E-03  0.0000E+00  0.0000E+00 -4.1295E-03
       28081  4.9371E-03 -7.8200E-04  0.0000E+00 -4.1295E-03
       28095  9.8742E-03 -1.5640E-03  0.0000E+00 -4.0660E-03
       28098  4.7541E-03 -1.5450E-03  0.0000E+00 -4.1294E-03
       28100  9.5083E-03 -3.0900E-03  0.0000E+00 -4.0661E-03
       28102  4.4544E-03 -2.2700E-03  0.0000E+00 -4.1294E-03
       28104  8.9088E-03 -4.5400E-03  0.0000E+00 -4.0661E-03
       28106  4.0448E-03 -2.9390E-03  0.0000E+00 -4.1294E-03
       28108  8.0896E-03 -5.8780E-03  0.0000E+00 -4.0662E-03
       28110  3.5355E-03 -3.5360E-03  0.0000E+00 -4.1294E-03
       28112  7.0710E-03 -7.0710E-03  0.0000E+00 -4.0662E-03
       28114  2.9388E-03 -4.0450E-03  0.0000E+00 -4.1294E-03
       28116  5.8777E-03 -8.0900E-03  0.0000E+00 -4.0661E-03
       28118  2.2698E-03 -4.4540E-03  0.0000E+00 -4.1294E-03
       28120  4.5395E-03 -8.9090E-03  0.0000E+00 -4.0660E-03
       28122  1.5448E-03 -4.7540E-03  0.0000E+00 -4.1295E-03
       28124  3.0896E-03 -9.5080E-03  0.0000E+00 -4.0660E-03
       28126  7.8200E-04 -4.9370E-03  0.0000E+00 -4.1295E-03
       28128  1.5639E-03 -9.8740E-03  0.0000E+00 -4.0660E-03
       28130  9.6640E-13 -5.0000E-03  0.0000E+00 -4.1294E-03
       28132  1.9330E-12 -1.0000E-02  0.0000E+00 -4.0659E-03
       28134 -7.8200E-04 -4.9370E-03  0.0000E+00 -4.1295E-03
       28136 -1.5640E-03 -9.8740E-03  0.0000E+00 -4.0660E-03
       28138 -1.5450E-03 -4.7540E-03  0.0000E+00 -4.1295E-03
       28140 -3.0900E-03 -9.5080E-03  0.0000E+00 -4.0660E-03
       28142 -2.2700E-03 -4.4540E-03  0.0000E+00 -4.1294E-03
       28144 -4.5400E-03 -8.9090E-03  0.0000E+00 -4.0660E-03
       28146 -2.9390E-03 -4.0450E-03  0.0000E+00 -4.1294E-03
       28148 -5.8780E-03 -8.0900E-03  0.0000E+00 -4.0661E-03
       28150 -3.5360E-03 -3.5360E-03  0.0000E+00 -4.1294E-03
       28152 -7.0710E-03 -7.0710E-03  0.0000E+00 -4.0662E-03
       28154 -4.0450E-03 -2.9390E-03  0.0000E+00 -4.1294E-03
       28156 -8.0900E-03 -5.8780E-03  0.0000E+00 -4.0662E-03
       28158 -4.4540E-03 -2.2700E-03  0.0000E+00 -4.1294E-03
       28160 -8.9090E-03 -4.5400E-03  0.0000E+00 -4.0661E-03
       28162 -4.7540E-03 -1.5450E-03  0.0000E+00 -4.1294E-03
       28164 -9.5080E-03 -3.0900E-03  0.0000E+00 -4.0661E-03
       28166 -4.9370E-03 -7.8200E-04  0.0000E+00 -4.1295E-03
       28168 -9.8740E-03 -1.5640E-03  0.0000E+00 -4.0660E-03
