Scalar MT under FrequencyResponse for nodeset
189
   1.0000E+01
  0.0000E+00
  0.0000E+00
  0.0000E+00
  0.0000E+00
  0.0000E+00
  0.0000E+00
  0.0000E+00
  0.0000E+00
  0.0000E+00
  3.0303E-15
  3.0281E-15
  3.0303E-15
  3.0281E-15
  3.0260E-15
  3.0281E-15
  3.0303E-15
  3.0281E-15
  3.0303E-15
  1.2081E-14
  1.2074E-14
  1.2081E-14
  1.2074E-14
  1.2066E-14
  1.2074E-14
  1.2081E-14
  1.2074E-14
  1.2081E-14
  4.5137E-14
  4.5112E-14
  4.5137E-14
  4.5112E-14
  4.5087E-14
  4.5112E-14
  4.5137E-14
  4.5112E-14
  4.5137E-14
  1.6788E-13
  1.6780E-13
  1.6788E-13
  1.6780E-13
  1.6771E-13
  1.6780E-13
  1.6788E-13
  1.6780E-13
  1.6788E-13
  6.2418E-13
  6.2392E-13
  6.2418E-13
  6.2392E-13
  6.2365E-13
  6.2392E-13
  6.2418E-13
  6.2392E-13
  6.2418E-13
  2.3207E-12
  2.3199E-12
  2.3207E-12
  2.3199E-12
  2.3190E-12
  2.3199E-12
  2.3207E-12
  2.3199E-12
  2.3207E-12
  8.6286E-12
  8.6259E-12
  8.6286E-12
  8.6259E-12
  8.6232E-12
  8.6259E-12
  8.6286E-12
  8.6259E-12
  8.6286E-12
  3.2082E-11
  3.2073E-11
  3.2082E-11
  3.2073E-11
  3.2065E-11
  3.2073E-11
  3.2082E-11
  3.2073E-11
  3.2082E-11
  1.1928E-10
  1.1926E-10
  1.1928E-10
  1.1926E-10
  1.1923E-10
  1.1926E-10
  1.1928E-10
  1.1926E-10
  1.1928E-10
  4.4350E-10
  4.4342E-10
  4.4350E-10
  4.4342E-10
  4.4334E-10
  4.4342E-10
  4.4350E-10
  4.4342E-10
  4.4350E-10
  1.6490E-09
  1.6488E-09
  1.6490E-09
  1.6488E-09
  1.6485E-09
  1.6488E-09
  1.6490E-09
  1.6488E-09
  1.6490E-09
  6.1311E-09
  6.1305E-09
  6.1311E-09
  6.1305E-09
  6.1298E-09
  6.1305E-09
  6.1311E-09
  6.1305E-09
  6.1311E-09
  2.2796E-08
  2.2795E-08
  2.2796E-08
  2.2795E-08
  2.2793E-08
  2.2795E-08
  2.2796E-08
  2.2795E-08
  2.2796E-08
  8.4761E-08
  8.4756E-08
  8.4761E-08
  8.4756E-08
  8.4752E-08
  8.4756E-08
  8.4761E-08
  8.4756E-08
  8.4761E-08
  3.1516E-07
  3.1515E-07
  3.1516E-07
  3.1515E-07
  3.1513E-07
  3.1515E-07
  3.1516E-07
  3.1515E-07
  3.1516E-07
  1.1718E-06
  1.1718E-06
  1.1718E-06
  1.1718E-06
  1.1718E-06
  1.1718E-06
  1.1718E-06
  1.1718E-06
  1.1718E-06
  4.3571E-06
  4.3570E-06
  4.3571E-06
  4.3570E-06
  4.3570E-06
  4.3570E-06
  4.3571E-06
  4.3570E-06
  4.3571E-06
  1.6201E-05
  1.6201E-05
  1.6201E-05
  1.6201E-05
  1.6201E-05
  1.6201E-05
  1.6201E-05
  1.6201E-05
  1.6201E-05
  6.0238E-05
  6.0238E-05
  6.0238E-05
  6.0238E-05
  6.0238E-05
  6.0238E-05
  6.0238E-05
  6.0238E-05
  6.0238E-05
  2.2398E-04
  2.2398E-04
  2.2398E-04
  2.2398E-04
  2.2398E-04
  2.2398E-04
  2.2398E-04
  2.2398E-04
  2.2398E-04
   1.0000E+01
  0.0000E+00
  0.0000E+00
  0.0000E+00
  0.0000E+00
  0.0000E+00
  0.0000E+00
  0.0000E+00
  0.0000E+00
  0.0000E+00
 -5.1912E-17
 -5.1807E-17
 -5.1912E-17
 -5.1807E-17
 -5.1702E-17
 -5.1807E-17
 -5.1912E-17
 -5.1807E-17
 -5.1912E-17
 -2.0629E-16
 -2.0592E-16
 -2.0629E-16
 -2.0592E-16
 -2.0555E-16
 -2.0592E-16
 -2.0629E-16
 -2.0592E-16
 -2.0629E-16
 -7.6790E-16
 -7.6667E-16
 -7.6790E-16
 -7.6667E-16
 -7.6543E-16
 -7.6667E-16
 -7.6790E-16
 -7.6667E-16
 -7.6790E-16
 -2.8454E-15
 -2.8413E-15
 -2.8454E-15
 -2.8413E-15
 -2.8373E-15
 -2.8413E-15
 -2.8454E-15
 -2.8413E-15
 -2.8454E-15
 -1.0540E-14
 -1.0527E-14
 -1.0540E-14
 -1.0527E-14
 -1.0514E-14
 -1.0527E-14
 -1.0540E-14
 -1.0527E-14
 -1.0540E-14
 -3.9040E-14
 -3.8998E-14
 -3.9040E-14
 -3.8998E-14
 -3.8956E-14
 -3.8998E-14
 -3.9040E-14
 -3.8998E-14
 -3.9040E-14
 -1.4461E-13
 -1.4447E-13
 -1.4461E-13
 -1.4447E-13
 -1.4434E-13
 -1.4447E-13
 -1.4461E-13
 -1.4447E-13
 -1.4461E-13
 -5.3564E-13
 -5.3522E-13
 -5.3564E-13
 -5.3522E-13
 -5.3480E-13
 -5.3522E-13
 -5.3564E-13
 -5.3522E-13
 -5.3564E-13
 -1.9840E-12
 -1.9827E-12
 -1.9840E-12
 -1.9827E-12
 -1.9815E-12
 -1.9827E-12
 -1.9840E-12
 -1.9827E-12
 -1.9840E-12
 -7.3490E-12
 -7.3451E-12
 -7.3490E-12
 -7.3451E-12
 -7.3412E-12
 -7.3451E-12
 -7.3490E-12
 -7.3451E-12
 -7.3490E-12
 -2.7221E-11
 -2.7210E-11
 -2.7221E-11
 -2.7210E-11
 -2.7198E-11
 -2.7210E-11
 -2.7221E-11
 -2.7210E-11
 -2.7221E-11
 -1.0083E-10
 -1.0080E-10
 -1.0083E-10
 -1.0080E-10
 -1.0076E-10
 -1.0080E-10
 -1.0083E-10
 -1.0080E-10
 -1.0083E-10
 -3.7347E-10
 -3.7338E-10
 -3.7347E-10
 -3.7338E-10
 -3.7329E-10
 -3.7338E-10
 -3.7347E-10
 -3.7338E-10
 -3.7347E-10
 -1.3834E-09
 -1.3831E-09
 -1.3834E-09
 -1.3831E-09
 -1.3829E-09
 -1.3831E-09
 -1.3834E-09
 -1.3831E-09
 -1.3834E-09
 -5.1240E-09
 -5.1235E-09
 -5.1240E-09
 -5.1235E-09
 -5.1229E-09
 -5.1235E-09
 -5.1240E-09
 -5.1235E-09
 -5.1240E-09
 -1.8980E-08
 -1.8979E-08
 -1.8980E-08
 -1.8979E-08
 -1.8977E-08
 -1.8979E-08
 -1.8980E-08
 -1.8979E-08
 -1.8980E-08
 -7.0302E-08
 -7.0300E-08
 -7.0302E-08
 -7.0300E-08
 -7.0298E-08
 -7.0300E-08
 -7.0302E-08
 -7.0300E-08
 -7.0302E-08
 -2.6040E-07
 -2.6040E-07
 -2.6040E-07
 -2.6040E-07
 -2.6040E-07
 -2.6040E-07
 -2.6040E-07
 -2.6040E-07
 -2.6040E-07
 -9.6455E-07
 -9.6455E-07
 -9.6455E-07
 -9.6455E-07
 -9.6455E-07
 -9.6455E-07
 -9.6455E-07
 -9.6455E-07
 -9.6455E-07
 -3.5727E-06
 -3.5727E-06
 -3.5727E-06
 -3.5727E-06
 -3.5727E-06
 -3.5727E-06
 -3.5727E-06
 -3.5727E-06
 -3.5727E-06
