Scalar DX under FrequencyResponse for nodeset
189
   1.0000E+01
  0.0000E+00
  0.0000E+00
  0.0000E+00
  0.0000E+00
  0.0000E+00
  0.0000E+00
  0.0000E+00
  0.0000E+00
  0.0000E+00
 -7.4738E-17
 -7.4730E-17
 -7.4738E-17
  9.9454E-32
  3.5657E-32
 -5.6154E-32
  7.4738E-17
  7.4730E-17
  7.4738E-17
  2.8209E-16
  2.8206E-16
  2.8209E-16
 -4.3736E-31
 -1.3492E-31
  2.0151E-31
 -2.8209E-16
 -2.8206E-16
 -2.8209E-16
 -9.9475E-16
 -9.9466E-16
 -9.9475E-16
  1.1506E-30
  8.3854E-31
 -8.5274E-31
  9.9475E-16
  9.9466E-16
  9.9475E-16
  3.4793E-15
  3.4790E-15
  3.4793E-15
 -2.8431E-30
 -4.2935E-30
  3.6181E-30
 -3.4793E-15
 -3.4790E-15
 -3.4793E-15
 -1.2114E-14
 -1.2113E-14
 -1.2114E-14
  7.6165E-30
  1.9340E-29
 -1.2624E-29
  1.2114E-14
  1.2113E-14
  1.2114E-14
  4.1976E-14
  4.1974E-14
  4.1976E-14
 -3.4986E-29
 -6.1114E-29
  4.1833E-29
 -4.1976E-14
 -4.1974E-14
 -4.1976E-14
 -1.4464E-13
 -1.4463E-13
 -1.4464E-13
  1.0894E-28
  2.2882E-28
 -1.5715E-28
  1.4464E-13
  1.4463E-13
  1.4464E-13
  4.9516E-13
  4.9514E-13
  4.9516E-13
 -4.7206E-28
 -7.8927E-28
  4.6874E-28
 -4.9516E-13
 -4.9514E-13
 -4.9516E-13
 -1.6821E-12
 -1.6821E-12
 -1.6821E-12
  1.4656E-27
  2.4276E-27
 -1.4332E-27
  1.6821E-12
  1.6821E-12
  1.6821E-12
  5.6619E-12
  5.6618E-12
  5.6619E-12
 -5.1211E-27
 -9.3580E-27
  6.1969E-27
 -5.6619E-12
 -5.6618E-12
 -5.6619E-12
 -1.8843E-11
 -1.8842E-11
 -1.8843E-11
  8.9342E-27
  2.8469E-26
 -2.4534E-26
  1.8843E-11
  1.8842E-11
  1.8843E-11
  6.1824E-11
  6.1823E-11
  6.1824E-11
 -4.0277E-26
 -9.7165E-26
  6.4635E-26
 -6.1824E-11
 -6.1823E-11
 -6.1824E-11
 -1.9916E-10
 -1.9916E-10
 -1.9916E-10
  2.7724E-25
  2.8606E-25
 -1.2868E-25
  1.9916E-10
  1.9916E-10
  1.9916E-10
  6.2604E-10
  6.2604E-10
  6.2604E-10
 -1.1951E-24
 -9.1432E-25
  1.6693E-25
 -6.2604E-10
 -6.2604E-10
 -6.2604E-10
 -1.9009E-09
 -1.9009E-09
 -1.9009E-09
  4.5664E-24
  3.2602E-24
  8.7299E-25
  1.9009E-09
  1.9009E-09
  1.9009E-09
  5.4765E-09
  5.4765E-09
  5.4765E-09
 -1.3051E-23
 -6.1584E-24
 -4.0921E-24
 -5.4765E-09
 -5.4765E-09
 -5.4765E-09
 -1.4430E-08
 -1.4430E-08
 -1.4430E-08
  3.6085E-23
  2.5874E-23
  1.8289E-23
  1.4430E-08
  1.4430E-08
  1.4430E-08
  3.1534E-08
  3.1535E-08
  3.1534E-08
 -1.1477E-22
 -6.5236E-23
 -1.1309E-22
 -3.1534E-08
 -3.1535E-08
 -3.1534E-08
 -3.4788E-08
 -3.4788E-08
 -3.4788E-08
  1.0393E-22
  2.3284E-22
  4.1526E-22
  3.4788E-08
  3.4788E-08
  3.4788E-08
 -1.7809E-07
 -1.7809E-07
 -1.7809E-07
  1.2655E-22
 -1.4741E-22
 -4.4820E-22
  1.7809E-07
  1.7809E-07
  1.7809E-07
   1.0000E+01
  0.0000E+00
  0.0000E+00
  0.0000E+00
  0.0000E+00
  0.0000E+00
  0.0000E+00
  0.0000E+00
  0.0000E+00
  0.0000E+00
  2.4410E-18
  2.4404E-18
  2.4410E-18
 -3.8759E-33
  1.3843E-33
 -4.6785E-34
 -2.4410E-18
 -2.4404E-18
 -2.4410E-18
 -9.2029E-18
 -9.2010E-18
 -9.2029E-18
  1.7730E-32
 -7.4644E-33
  2.2329E-33
  9.2029E-18
  9.2010E-18
  9.2029E-18
  3.2415E-17
  3.2409E-17
  3.2415E-17
 -5.2370E-32
  9.8335E-33
 -2.3306E-33
 -3.2415E-17
 -3.2409E-17
 -3.2415E-17
 -1.1324E-16
 -1.1323E-16
 -1.1324E-16
  1.0915E-31
  2.8825E-32
 -4.8919E-32
  1.1324E-16
  1.1323E-16
  1.1324E-16
  3.9383E-16
  3.9378E-16
  3.9383E-16
 -3.5166E-31
 -1.6624E-31
  1.1510E-31
 -3.9383E-16
 -3.9378E-16
 -3.9383E-16
 -1.3630E-15
 -1.3628E-15
 -1.3630E-15
  1.5674E-30
  6.1995E-31
 -5.3149E-31
  1.3630E-15
  1.3628E-15
  1.3630E-15
  4.6910E-15
  4.6906E-15
  4.6910E-15
 -3.3442E-30
 -5.0372E-30
  3.4580E-30
 -4.6910E-15
 -4.6906E-15
 -4.6910E-15
 -1.6040E-14
 -1.6039E-14
 -1.6040E-14
  1.5318E-29
  2.4014E-29
 -1.2375E-29
  1.6040E-14
  1.6039E-14
  1.6040E-14
  5.4427E-14
  5.4424E-14
  5.4427E-14
 -5.1596E-29
 -6.9023E-29
  4.4701E-29
 -5.4427E-14
 -5.4424E-14
 -5.4427E-14
 -1.8298E-13
 -1.8297E-13
 -1.8298E-13
  1.8839E-28
  2.6466E-28
 -1.9045E-28
  1.8298E-13
  1.8297E-13
  1.8298E-13
  6.0822E-13
  6.0820E-13
  6.0822E-13
 -3.3830E-28
 -7.5198E-28
  8.2712E-28
 -6.0822E-13
 -6.0820E-13
 -6.0822E-13
 -1.9932E-12
 -1.9932E-12
 -1.9932E-12
  1.3470E-27
  3.4358E-27
 -2.7925E-27
  1.9932E-12
  1.9932E-12
  1.9932E-12
  6.4134E-12
  6.4133E-12
  6.4134E-12
 -9.9416E-27
 -7.8989E-27
  6.0324E-27
 -6.4134E-12
 -6.4133E-12
 -6.4134E-12
 -2.0135E-11
 -2.0135E-11
 -2.0135E-11
  3.7546E-26
  2.7578E-26
 -8.4401E-27
  2.0135E-11
  2.0135E-11
  2.0135E-11
  6.1063E-11
  6.1063E-11
  6.1063E-11
 -1.2940E-25
 -9.9811E-26
 -1.4539E-26
 -6.1063E-11
 -6.1063E-11
 -6.1063E-11
 -1.7571E-10
 -1.7571E-10
 -1.7571E-10
  3.1960E-25
  2.4306E-25
  5.3723E-26
  1.7571E-10
  1.7571E-10
  1.7571E-10
  4.6237E-10
  4.6237E-10
  4.6237E-10
 -1.0534E-24
 -6.6703E-25
 -5.4284E-25
 -4.6237E-10
 -4.6237E-10
 -4.6237E-10
 -1.0090E-09
 -1.0090E-09
 -1.0090E-09
  2.8347E-24
  2.0509E-24
  3.4790E-24
  1.0090E-09
  1.0090E-09
  1.0090E-09
  1.1103E-09
  1.1103E-09
  1.1103E-09
 -3.6706E-24
 -7.5489E-24
 -1.3307E-23
 -1.1103E-09
 -1.1103E-09
 -1.1103E-09
  5.6958E-09
  5.6958E-09
  5.6958E-09
 -3.2053E-24
  4.3427E-24
  1.4361E-23
 -5.6958E-09
 -5.6958E-09
 -5.6958E-09
