Scalar MD under FrequencyResponse for nodeset
189
   1.0000E+01
  0.0000E+00
  0.0000E+00
  0.0000E+00
  0.0000E+00
  0.0000E+00
  0.0000E+00
  0.0000E+00
  0.0000E+00
  0.0000E+00
  3.0303E-15
  3.0281E-15
  3.0303E-15
  3.0281E-15
  3.0260E-15
  3.0281E-15
  3.0303E-15
  3.0281E-15
  3.0303E-15
  1.2081E-14
  1.2074E-14
  1.2081E-14
  1.2074E-14
  1.2066E-14
  1.2074E-14
  1.2081E-14
  1.2074E-14
  1.2081E-14
  4.5137E-14
  4.5112E-14
  4.5137E-14
  4.5112E-14
  4.5087E-14
  4.5112E-14
  4.5137E-14
  4.5112E-14
  4.5137E-14
  1.6788E-13
  1.6780E-13
  1.6788E-13
  1.6780E-13
  1.6771E-13
  1.6780E-13
  1.6788E-13
  1.6780E-13
  1.6788E-13
  6.2419E-13
  6.2392E-13
  6.2419E-13
  6.2392E-13
  6.2366E-13
  6.2392E-13
  6.2419E-13
  6.2392E-13
  6.2419E-13
  2.3207E-12
  2.3199E-12
  2.3207E-12
  2.3199E-12
  2.3190E-12
  2.3199E-12
  2.3207E-12
  2.3199E-12
  2.3207E-12
  8.6286E-12
  8.6259E-12
  8.6286E-12
  8.6259E-12
  8.6232E-12
  8.6259E-12
  8.6286E-12
  8.6259E-12
  8.6286E-12
  3.2082E-11
  3.2073E-11
  3.2082E-11
  3.2073E-11
  3.2065E-11
  3.2073E-11
  3.2082E-11
  3.2073E-11
  3.2082E-11
  1.1928E-10
  1.1926E-10
  1.1928E-10
  1.1926E-10
  1.1923E-10
  1.1926E-10
  1.1928E-10
  1.1926E-10
  1.1928E-10
  4.4350E-10
  4.4342E-10
  4.4350E-10
  4.4342E-10
  4.4334E-10
  4.4342E-10
  4.4350E-10
  4.4342E-10
  4.4350E-10
  1.6490E-09
  1.6488E-09
  1.6490E-09
  1.6488E-09
  1.6485E-09
  1.6488E-09
  1.6490E-09
  1.6488E-09
  1.6490E-09
  6.1311E-09
  6.1305E-09
  6.1311E-09
  6.1305E-09
  6.1298E-09
  6.1305E-09
  6.1311E-09
  6.1305E-09
  6.1311E-09
  2.2796E-08
  2.2795E-08
  2.2796E-08
  2.2795E-08
  2.2793E-08
  2.2795E-08
  2.2796E-08
  2.2795E-08
  2.2796E-08
  8.4761E-08
  8.4756E-08
  8.4761E-08
  8.4756E-08
  8.4752E-08
  8.4756E-08
  8.4761E-08
  8.4756E-08
  8.4761E-08
  3.1516E-07
  3.1515E-07
  3.1516E-07
  3.1515E-07
  3.1513E-07
  3.1515E-07
  3.1516E-07
  3.1515E-07
  3.1516E-07
  1.1718E-06
  1.1718E-06
  1.1718E-06
  1.1718E-06
  1.1718E-06
  1.1718E-06
  1.1718E-06
  1.1718E-06
  1.1718E-06
  4.3571E-06
  4.3570E-06
  4.3571E-06
  4.3570E-06
  4.3570E-06
  4.3570E-06
  4.3571E-06
  4.3570E-06
  4.3571E-06
  1.6201E-05
  1.6201E-05
  1.6201E-05
  1.6201E-05
  1.6201E-05
  1.6201E-05
  1.6201E-05
  1.6201E-05
  1.6201E-05
  6.0238E-05
  6.0238E-05
  6.0238E-05
  6.0238E-05
  6.0238E-05
  6.0238E-05
  6.0238E-05
  6.0238E-05
  6.0238E-05
  2.2398E-04
  2.2398E-04
  2.2398E-04
  2.2398E-04
  2.2398E-04
  2.2398E-04
  2.2398E-04
  2.2398E-04
  2.2398E-04
   1.0000E+01
  0.0000E+00
  0.0000E+00
  0.0000E+00
  0.0000E+00
  0.0000E+00
  0.0000E+00
  0.0000E+00
  0.0000E+00
  0.0000E+00
 -5.1773E-17
 -5.1671E-17
 -5.1773E-17
 -5.1671E-17
 -5.1569E-17
 -5.1671E-17
 -5.1773E-17
 -5.1671E-17
 -5.1773E-17
 -2.0577E-16
 -2.0540E-16
 -2.0577E-16
 -2.0540E-16
 -2.0504E-16
 -2.0540E-16
 -2.0577E-16
 -2.0540E-16
 -2.0577E-16
 -7.6604E-16
 -7.6484E-16
 -7.6604E-16
 -7.6484E-16
 -7.6363E-16
 -7.6484E-16
 -7.6604E-16
 -7.6484E-16
 -7.6604E-16
 -2.8389E-15
 -2.8349E-15
 -2.8389E-15
 -2.8349E-15
 -2.8310E-15
 -2.8349E-15
 -2.8389E-15
 -2.8349E-15
 -2.8389E-15
 -1.0517E-14
 -1.0504E-14
 -1.0517E-14
 -1.0504E-14
 -1.0491E-14
 -1.0504E-14
 -1.0517E-14
 -1.0504E-14
 -1.0517E-14
 -3.8961E-14
 -3.8920E-14
 -3.8961E-14
 -3.8920E-14
 -3.8879E-14
 -3.8920E-14
 -3.8961E-14
 -3.8920E-14
 -3.8961E-14
 -1.4433E-13
 -1.4420E-13
 -1.4433E-13
 -1.4420E-13
 -1.4407E-13
 -1.4420E-13
 -1.4433E-13
 -1.4420E-13
 -1.4433E-13
 -5.3470E-13
 -5.3429E-13
 -5.3470E-13
 -5.3429E-13
 -5.3388E-13
 -5.3429E-13
 -5.3470E-13
 -5.3429E-13
 -5.3470E-13
 -1.9808E-12
 -1.9796E-12
 -1.9808E-12
 -1.9796E-12
 -1.9783E-12
 -1.9796E-12
 -1.9808E-12
 -1.9796E-12
 -1.9808E-12
 -7.3381E-12
 -7.3343E-12
 -7.3381E-12
 -7.3343E-12
 -7.3305E-12
 -7.3343E-12
 -7.3381E-12
 -7.3343E-12
 -7.3381E-12
 -2.7184E-11
 -2.7173E-11
 -2.7184E-11
 -2.7173E-11
 -2.7162E-11
 -2.7173E-11
 -2.7184E-11
 -2.7173E-11
 -2.7184E-11
 -1.0071E-10
 -1.0067E-10
 -1.0071E-10
 -1.0067E-10
 -1.0064E-10
 -1.0067E-10
 -1.0071E-10
 -1.0067E-10
 -1.0071E-10
 -3.7307E-10
 -3.7298E-10
 -3.7307E-10
 -3.7298E-10
 -3.7290E-10
 -3.7298E-10
 -3.7307E-10
 -3.7298E-10
 -3.7307E-10
 -1.3821E-09
 -1.3818E-09
 -1.3821E-09
 -1.3818E-09
 -1.3816E-09
 -1.3818E-09
 -1.3821E-09
 -1.3818E-09
 -1.3821E-09
 -5.1200E-09
 -5.1194E-09
 -5.1200E-09
 -5.1194E-09
 -5.1189E-09
 -5.1194E-09
 -5.1200E-09
 -5.1194E-09
 -5.1200E-09
 -1.8967E-08
 -1.8966E-08
 -1.8967E-08
 -1.8966E-08
 -1.8965E-08
 -1.8966E-08
 -1.8967E-08
 -1.8966E-08
 -1.8967E-08
 -7.0266E-08
 -7.0264E-08
 -7.0266E-08
 -7.0264E-08
 -7.0262E-08
 -7.0264E-08
 -7.0266E-08
 -7.0264E-08
 -7.0266E-08
 -2.6031E-07
 -2.6031E-07
 -2.6031E-07
 -2.6031E-07
 -2.6030E-07
 -2.6031E-07
 -2.6031E-07
 -2.6031E-07
 -2.6031E-07
 -9.6433E-07
 -9.6433E-07
 -9.6433E-07
 -9.6433E-07
 -9.6433E-07
 -9.6433E-07
 -9.6433E-07
 -9.6433E-07
 -9.6433E-07
 -3.5724E-06
 -3.5724E-06
 -3.5724E-06
 -3.5724E-06
 -3.5724E-06
 -3.5724E-06
 -3.5724E-06
 -3.5724E-06
 -3.5724E-06
