Scalar DY under FrequencyResponse for nodeset
189
   1.0000E+01
  0.0000E+00
  0.0000E+00
  0.0000E+00
  0.0000E+00
  0.0000E+00
  0.0000E+00
  0.0000E+00
  0.0000E+00
  0.0000E+00
  7.4738E-17
 -1.2193E-31
 -7.4738E-17
  7.4730E-17
  1.2835E-31
 -7.4730E-17
  7.4738E-17
 -6.9311E-32
 -7.4738E-17
 -2.8209E-16
  4.2323E-31
  2.8209E-16
 -2.8206E-16
 -4.8340E-31
  2.8206E-16
 -2.8209E-16
  2.6241E-31
  2.8209E-16
  9.9476E-16
 -1.5089E-30
 -9.9476E-16
  9.9467E-16
  2.0431E-30
 -9.9467E-16
  9.9476E-16
 -1.1374E-30
 -9.9476E-16
 -3.4793E-15
  4.6744E-30
  3.4793E-15
 -3.4790E-15
 -5.2554E-30
  3.4790E-15
 -3.4793E-15
  6.3324E-30
  3.4793E-15
  1.2114E-14
 -1.3508E-29
 -1.2114E-14
  1.2113E-14
  1.5860E-29
 -1.2113E-14
  1.2114E-14
 -2.1408E-29
 -1.2114E-14
 -4.1976E-14
  4.4034E-29
  4.1976E-14
 -4.1974E-14
 -6.8512E-29
  4.1974E-14
 -4.1976E-14
  6.4955E-29
  4.1976E-14
  1.4464E-13
 -1.6389E-28
 -1.4464E-13
  1.4463E-13
  2.2082E-28
 -1.4463E-13
  1.4464E-13
 -2.3922E-28
 -1.4464E-13
 -4.9516E-13
  5.1696E-28
  4.9516E-13
 -4.9514E-13
 -7.6035E-28
  4.9514E-13
 -4.9516E-13
  7.2383E-28
  4.9516E-13
  1.6821E-12
 -1.5764E-27
 -1.6821E-12
  1.6821E-12
  2.7091E-27
 -1.6821E-12
  1.6821E-12
 -2.4092E-27
 -1.6821E-12
 -5.6619E-12
  6.6244E-27
  5.6619E-12
 -5.6618E-12
 -9.6837E-27
  5.6618E-12
 -5.6619E-12
  7.0800E-27
  5.6619E-12
  1.8843E-11
 -2.1897E-26
 -1.8843E-11
  1.8842E-11
  3.7448E-26
 -1.8842E-11
  1.8843E-11
 -2.2615E-26
 -1.8843E-11
 -6.1824E-11
  7.1739E-26
  6.1824E-11
 -6.1823E-11
 -9.9969E-26
  6.1823E-11
 -6.1824E-11
  6.6165E-26
  6.1824E-11
  1.9916E-10
 -2.3023E-25
 -1.9916E-10
  1.9916E-10
  2.5772E-25
 -1.9916E-10
  1.9916E-10
 -2.0882E-25
 -1.9916E-10
 -6.2604E-10
  7.9582E-25
  6.2604E-10
 -6.2604E-10
 -8.3347E-25
  6.2604E-10
 -6.2604E-10
  6.3648E-25
  6.2604E-10
  1.9009E-09
 -2.1696E-24
 -1.9009E-09
  1.9009E-09
  2.3861E-24
 -1.9009E-09
  1.9009E-09
 -2.0448E-24
 -1.9009E-09
 -5.4765E-09
  7.6348E-24
  5.4765E-09
 -5.4765E-09
 -5.9453E-24
  5.4765E-09
 -5.4765E-09
  6.6397E-24
  5.4765E-09
  1.4430E-08
 -7.1998E-24
 -1.4430E-08
  1.4430E-08
  1.0229E-23
 -1.4430E-08
  1.4430E-08
 -5.0516E-24
 -1.4430E-08
 -3.1535E-08
 -4.6485E-24
  3.1535E-08
 -3.1535E-08
  5.0664E-24
  3.1535E-08
 -3.1535E-08
 -1.5907E-23
  3.1535E-08
  3.4788E-08
  2.3946E-23
 -3.4788E-08
  3.4788E-08
 -3.7920E-23
 -3.4788E-08
  3.4788E-08
  3.2759E-23
 -3.4788E-08
  1.7809E-07
 -1.3127E-22
 -1.7809E-07
  1.7809E-07
  5.4339E-23
 -1.7809E-07
  1.7809E-07
 -1.2282E-22
 -1.7809E-07
   1.0000E+01
  0.0000E+00
  0.0000E+00
  0.0000E+00
  0.0000E+00
  0.0000E+00
  0.0000E+00
  0.0000E+00
  0.0000E+00
  0.0000E+00
 -2.4366E-18
  4.4306E-33
  2.4366E-18
 -2.4360E-18
 -2.6669E-33
  2.4360E-18
 -2.4366E-18
  3.5530E-33
  2.4366E-18
  9.1862E-18
 -1.4381E-32
 -9.1862E-18
  9.1844E-18
  9.5799E-33
 -9.1844E-18
  9.1862E-18
 -1.3351E-32
 -9.1862E-18
 -3.2356E-17
  6.0451E-32
  3.2356E-17
 -3.2351E-17
 -4.6275E-32
  3.2351E-17
 -3.2356E-17
  5.1171E-32
  3.2356E-17
  1.1304E-16
 -2.0339E-31
 -1.1304E-16
  1.1302E-16
  1.0428E-31
 -1.1302E-16
  1.1304E-16
 -1.1515E-31
 -1.1304E-16
 -3.9312E-16
  6.2910E-31
  3.9312E-16
 -3.9306E-16
 -2.8341E-31
  3.9306E-16
 -3.9312E-16
  3.4791E-31
  3.9312E-16
  1.3605E-15
 -2.2580E-30
 -1.3605E-15
  1.3604E-15
  1.7356E-30
 -1.3604E-15
  1.3605E-15
 -1.8251E-30
 -1.3605E-15
 -4.6826E-15
  8.2983E-30
  4.6826E-15
 -4.6821E-15
 -5.5412E-30
  4.6821E-15
 -4.6826E-15
  7.3356E-30
  4.6826E-15
  1.6011E-14
 -2.8927E-29
 -1.6011E-14
  1.6010E-14
  2.5914E-29
 -1.6010E-14
  1.6011E-14
 -2.7105E-29
 -1.6011E-14
 -5.4329E-14
  9.5463E-29
  5.4329E-14
 -5.4326E-14
 -9.5692E-29
  5.4326E-14
 -5.4329E-14
  9.4721E-29
  5.4329E-14
  1.8265E-13
 -3.1418E-28
 -1.8265E-13
  1.8264E-13
  3.2551E-28
 -1.8264E-13
  1.8265E-13
 -2.9895E-28
 -1.8265E-13
 -6.0713E-13
  1.0923E-27
  6.0713E-13
 -6.0711E-13
 -1.4004E-27
  6.0711E-13
 -6.0713E-13
  1.0731E-27
  6.0713E-13
  1.9897E-12
 -4.3018E-27
 -1.9897E-12
  1.9896E-12
  4.0661E-27
 -1.9896E-12
  1.9897E-12
 -2.9180E-27
 -1.9897E-12
 -6.4019E-12
  1.4308E-26
  6.4019E-12
 -6.4018E-12
 -1.0423E-26
  6.4018E-12
 -6.4019E-12
  8.5471E-27
  6.4019E-12
  2.0099E-11
 -4.3550E-26
 -2.0099E-11
  2.0099E-11
  2.7761E-26
 -2.0099E-11
  2.0099E-11
 -2.6486E-26
 -2.0099E-11
 -6.0955E-11
  1.2205E-25
  6.0955E-11
 -6.0954E-11
 -8.2538E-26
  6.0954E-11
 -6.0955E-11
  8.7172E-26
  6.0955E-11
  1.7539E-10
 -3.3835E-25
 -1.7539E-10
  1.7539E-10
  2.1200E-25
 -1.7539E-10
  1.7539E-10
 -2.0462E-25
 -1.7539E-10
 -4.6155E-10
  4.2249E-25
  4.6155E-10
 -4.6155E-10
 -4.3402E-25
  4.6155E-10
 -4.6155E-10
  1.1411E-25
  4.6155E-10
  1.0072E-09
 -3.5856E-26
 -1.0072E-09
  1.0072E-09
 -8.7891E-26
 -1.0072E-09
  1.0072E-09
  3.2940E-25
 -1.0072E-09
 -1.1083E-09
 -7.8778E-25
  1.1083E-09
 -1.1083E-09
  1.8090E-24
  1.1083E-09
 -1.1083E-09
 -1.3975E-24
  1.1083E-09
 -5.6856E-09
  4.6864E-24
  5.6856E-09
 -5.6856E-09
 -9.0396E-25
  5.6856E-09
 -5.6856E-09
  2.9735E-24
  5.6856E-09
