Scalar DZ under FrequencyResponse for nodeset
189
   1.0000E+01
  0.0000E+00
  0.0000E+00
  0.0000E+00
  0.0000E+00
  0.0000E+00
  0.0000E+00
  0.0000E+00
  0.0000E+00
  0.0000E+00
 -3.0284E-15
 -3.0272E-15
 -3.0284E-15
 -3.0272E-15
 -3.0260E-15
 -3.0272E-15
 -3.0284E-15
 -3.0272E-15
 -3.0284E-15
  1.2075E-14
  1.2070E-14
  1.2075E-14
  1.2070E-14
  1.2066E-14
  1.2070E-14
  1.2075E-14
  1.2070E-14
  1.2075E-14
 -4.5115E-14
 -4.5101E-14
 -4.5115E-14
 -4.5101E-14
 -4.5087E-14
 -4.5101E-14
 -4.5115E-14
 -4.5101E-14
 -4.5115E-14
  1.6781E-13
  1.6776E-13
  1.6781E-13
  1.6776E-13
  1.6771E-13
  1.6776E-13
  1.6781E-13
  1.6776E-13
  1.6781E-13
 -6.2395E-13
 -6.2380E-13
 -6.2395E-13
 -6.2380E-13
 -6.2365E-13
 -6.2380E-13
 -6.2395E-13
 -6.2380E-13
 -6.2395E-13
  2.3200E-12
  2.3195E-12
  2.3200E-12
  2.3195E-12
  2.3190E-12
  2.3195E-12
  2.3200E-12
  2.3195E-12
  2.3200E-12
 -8.6262E-12
 -8.6247E-12
 -8.6262E-12
 -8.6247E-12
 -8.6232E-12
 -8.6247E-12
 -8.6262E-12
 -8.6247E-12
 -8.6262E-12
  3.2074E-11
  3.2069E-11
  3.2074E-11
  3.2069E-11
  3.2065E-11
  3.2069E-11
  3.2074E-11
  3.2069E-11
  3.2074E-11
 -1.1926E-10
 -1.1924E-10
 -1.1926E-10
 -1.1924E-10
 -1.1923E-10
 -1.1924E-10
 -1.1926E-10
 -1.1924E-10
 -1.1926E-10
  4.4343E-10
  4.4339E-10
  4.4343E-10
  4.4339E-10
  4.4334E-10
  4.4339E-10
  4.4343E-10
  4.4339E-10
  4.4343E-10
 -1.6488E-09
 -1.6486E-09
 -1.6488E-09
 -1.6486E-09
 -1.6485E-09
 -1.6486E-09
 -1.6488E-09
 -1.6486E-09
 -1.6488E-09
  6.1305E-09
  6.1302E-09
  6.1305E-09
  6.1302E-09
  6.1298E-09
  6.1302E-09
  6.1305E-09
  6.1302E-09
  6.1305E-09
 -2.2795E-08
 -2.2794E-08
 -2.2795E-08
 -2.2794E-08
 -2.2793E-08
 -2.2794E-08
 -2.2795E-08
 -2.2794E-08
 -2.2795E-08
  8.4756E-08
  8.4754E-08
  8.4756E-08
  8.4754E-08
  8.4752E-08
  8.4754E-08
  8.4756E-08
  8.4754E-08
  8.4756E-08
 -3.1515E-07
 -3.1514E-07
 -3.1515E-07
 -3.1514E-07
 -3.1513E-07
 -3.1514E-07
 -3.1515E-07
 -3.1514E-07
 -3.1515E-07
  1.1718E-06
  1.1718E-06
  1.1718E-06
  1.1718E-06
  1.1718E-06
  1.1718E-06
  1.1718E-06
  1.1718E-06
  1.1718E-06
 -4.3570E-06
 -4.3570E-06
 -4.3570E-06
 -4.3570E-06
 -4.3570E-06
 -4.3570E-06
 -4.3570E-06
 -4.3570E-06
 -4.3570E-06
  1.6201E-05
  1.6201E-05
  1.6201E-05
  1.6201E-05
  1.6201E-05
  1.6201E-05
  1.6201E-05
  1.6201E-05
  1.6201E-05
 -6.0238E-05
 -6.0238E-05
 -6.0238E-05
 -6.0238E-05
 -6.0238E-05
 -6.0238E-05
 -6.0238E-05
 -6.0238E-05
 -6.0238E-05
  2.2398E-04
  2.2398E-04
  2.2398E-04
  2.2398E-04
  2.2398E-04
  2.2398E-04
  2.2398E-04
  2.2398E-04
  2.2398E-04
   1.0000E+01
  0.0000E+00
  0.0000E+00
  0.0000E+00
  0.0000E+00
  0.0000E+00
  0.0000E+00
  0.0000E+00
  0.0000E+00
  0.0000E+00
  5.1821E-17
  5.1761E-17
  5.1821E-17
  5.1761E-17
  5.1702E-17
  5.1761E-17
  5.1821E-17
  5.1761E-17
  5.1821E-17
 -2.0597E-16
 -2.0576E-16
 -2.0597E-16
 -2.0576E-16
 -2.0555E-16
 -2.0576E-16
 -2.0597E-16
 -2.0576E-16
 -2.0597E-16
  7.6682E-16
  7.6613E-16
  7.6682E-16
  7.6613E-16
  7.6543E-16
  7.6613E-16
  7.6682E-16
  7.6613E-16
  7.6682E-16
 -2.8418E-15
 -2.8396E-15
 -2.8418E-15
 -2.8396E-15
 -2.8373E-15
 -2.8396E-15
 -2.8418E-15
 -2.8396E-15
 -2.8418E-15
  1.0528E-14
  1.0521E-14
  1.0528E-14
  1.0521E-14
  1.0514E-14
  1.0521E-14
  1.0528E-14
  1.0521E-14
  1.0528E-14
 -3.9003E-14
 -3.8979E-14
 -3.9003E-14
 -3.8979E-14
 -3.8956E-14
 -3.8979E-14
 -3.9003E-14
 -3.8979E-14
 -3.9003E-14
  1.4449E-13
  1.4441E-13
  1.4449E-13
  1.4441E-13
  1.4434E-13
  1.4441E-13
  1.4449E-13
  1.4441E-13
  1.4449E-13
 -5.3526E-13
 -5.3503E-13
 -5.3526E-13
 -5.3503E-13
 -5.3480E-13
 -5.3503E-13
 -5.3526E-13
 -5.3503E-13
 -5.3526E-13
  1.9829E-12
  1.9822E-12
  1.9829E-12
  1.9822E-12
  1.9815E-12
  1.9822E-12
  1.9829E-12
  1.9822E-12
  1.9829E-12
 -7.3454E-12
 -7.3433E-12
 -7.3454E-12
 -7.3433E-12
 -7.3412E-12
 -7.3433E-12
 -7.3454E-12
 -7.3433E-12
 -7.3454E-12
  2.7210E-11
  2.7204E-11
  2.7210E-11
  2.7204E-11
  2.7198E-11
  2.7204E-11
  2.7210E-11
  2.7204E-11
  2.7210E-11
 -1.0080E-10
 -1.0078E-10
 -1.0080E-10
 -1.0078E-10
 -1.0076E-10
 -1.0078E-10
 -1.0080E-10
 -1.0078E-10
 -1.0080E-10
  3.7339E-10
  3.7334E-10
  3.7339E-10
  3.7334E-10
  3.7329E-10
  3.7334E-10
  3.7339E-10
  3.7334E-10
  3.7339E-10
 -1.3831E-09
 -1.3830E-09
 -1.3831E-09
 -1.3830E-09
 -1.3829E-09
 -1.3830E-09
 -1.3831E-09
 -1.3830E-09
 -1.3831E-09
  5.1235E-09
  5.1232E-09
  5.1235E-09
  5.1232E-09
  5.1229E-09
  5.1232E-09
  5.1235E-09
  5.1232E-09
  5.1235E-09
 -1.8978E-08
 -1.8978E-08
 -1.8978E-08
 -1.8978E-08
 -1.8977E-08
 -1.8978E-08
 -1.8978E-08
 -1.8978E-08
 -1.8978E-08
  7.0300E-08
  7.0299E-08
  7.0300E-08
  7.0299E-08
  7.0298E-08
  7.0299E-08
  7.0300E-08
  7.0299E-08
  7.0300E-08
 -2.6040E-07
 -2.6040E-07
 -2.6040E-07
 -2.6040E-07
 -2.6040E-07
 -2.6040E-07
 -2.6040E-07
 -2.6040E-07
 -2.6040E-07
  9.6455E-07
  9.6455E-07
  9.6455E-07
  9.6455E-07
  9.6455E-07
  9.6455E-07
  9.6455E-07
  9.6455E-07
  9.6455E-07
 -3.5727E-06
 -3.5727E-06
 -3.5727E-06
 -3.5727E-06
 -3.5727E-06
 -3.5727E-06
 -3.5727E-06
 -3.5727E-06
 -3.5727E-06
