Vector MODE under Modal for nodeset
189
   8.8230E-04
  0.0000E+00  0.0000E+00  0.0000E+00
  0.0000E+00  0.0000E+00  0.0000E+00
  0.0000E+00  0.0000E+00  0.0000E+00
  0.0000E+00  0.0000E+00  0.0000E+00
  0.0000E+00  0.0000E+00  0.0000E+00
  0.0000E+00  0.0000E+00  0.0000E+00
  0.0000E+00  0.0000E+00  0.0000E+00
  0.0000E+00  0.0000E+00  0.0000E+00
  0.0000E+00  0.0000E+00  0.0000E+00
 -2.9082E-05  1.8609E-05 -5.0959E-05
 -3.8694E-05  1.1417E-17 -4.8965E-05
 -2.9082E-05 -1.8609E-05 -5.0959E-05
 -1.9041E-05  5.0945E-18 -7.7078E-18
 -2.8693E-05  3.3287E-18  2.9109E-19
 -1.9041E-05  5.3383E-18  8.3399E-18
 -2.9082E-05 -1.8609E-05  5.0959E-05
 -3.8694E-05 -6.9706E-18  4.8965E-05
 -2.9082E-05  1.8609E-05  5.0959E-05
 -1.0686E-04  1.7991E-05 -1.0182E-04
 -1.1766E-04  3.1323E-17 -1.0204E-04
 -1.0686E-04 -1.7991E-05 -1.0182E-04
 -9.9933E-05  1.5844E-17 -1.6589E-17
 -1.1042E-04  1.4440E-17  6.6990E-19
 -9.9933E-05  1.6087E-17  1.7914E-17
 -1.0686E-04 -1.7991E-05  1.0182E-04
 -1.1766E-04 -4.7014E-18  1.0204E-04
 -1.0686E-04  1.7991E-05  1.0182E-04
 -2.3682E-04  1.6518E-05 -1.4929E-04
 -2.4671E-04  5.8614E-17 -1.4971E-04
 -2.3682E-04 -1.6518E-05 -1.4929E-04
 -2.2990E-04  3.4074E-17 -2.4882E-17
 -2.3984E-04  3.2673E-17  1.0251E-18
 -2.2990E-04  3.4321E-17  2.6943E-17
 -2.3682E-04 -1.6518E-05  1.4929E-04
 -2.4671E-04  4.4214E-18  1.4971E-04
 -2.3682E-04  1.6518E-05  1.4929E-04
 -4.1214E-04  1.5101E-05 -1.9303E-04
 -4.2120E-04  9.3137E-17 -1.9343E-04
 -4.1214E-04 -1.5101E-05 -1.9303E-04
 -4.0590E-04  5.9341E-17 -3.2969E-17
 -4.1496E-04  5.8061E-17  1.3991E-18
 -4.0590E-04  5.9680E-17  3.5685E-17
 -4.1214E-04 -1.5101E-05  1.9303E-04
 -4.2120E-04  2.0766E-17  1.9343E-04
 -4.1214E-04  1.5101E-05  1.9303E-04
 -6.2925E-04  1.3697E-05 -2.3285E-04
 -6.3747E-04  1.3445E-16 -2.3324E-04
 -6.2925E-04 -1.3697E-05 -2.3285E-04
 -6.2358E-04  9.1645E-17 -4.0843E-17
 -6.3180E-04  9.0320E-17  1.6175E-18
 -6.2358E-04  9.1848E-17  4.4063E-17
 -6.2925E-04 -1.3697E-05  2.3285E-04
 -6.3747E-04  4.4043E-17  2.3324E-04
 -6.2925E-04  1.3697E-05  2.3285E-04
 -8.8418E-04  1.2310E-05 -2.6880E-04
 -8.9157E-04  1.8217E-16 -2.6919E-04
 -8.8418E-04 -1.2310E-05 -2.6880E-04
 -8.7908E-04  1.3075E-16 -4.8524E-17
 -8.8647E-04  1.2928E-16  1.9117E-18
 -8.7908E-04  1.3069E-16  5.2273E-17
 -8.8418E-04 -1.2310E-05  2.6880E-04
 -8.9157E-04  7.4516E-17  2.6919E-04
 -8.8418E-04  1.2310E-05  2.6880E-04
 -1.1731E-03  1.0948E-05 -3.0094E-04
 -1.1797E-03  2.3617E-16 -3.0132E-04
 -1.1731E-03 -1.0948E-05 -3.0094E-04
 -1.1686E-03  1.7610E-16 -5.5935E-17
 -1.1751E-03  1.7490E-16  2.1980E-18
 -1.1686E-03  1.7643E-16  6.0406E-17
 -1.1731E-03 -1.0948E-05  3.0094E-04
 -1.1797E-03  1.1177E-16  3.0132E-04
 -1.1731E-03  1.0948E-05  3.0094E-04
 -1.4922E-03  9.6188E-06 -3.2936E-04
 -1.4979E-03  2.9570E-16 -3.2973E-04
 -1.4922E-03 -9.6188E-06 -3.2936E-04
 -1.4882E-03  2.2791E-16 -6.3376E-17
 -1.4940E-03  2.2655E-16  2.4078E-18
 -1.4882E-03  2.2803E-16  6.8055E-17
 -1.4922E-03 -9.6188E-06  3.2936E-04
 -1.4979E-03  1.5544E-16  3.2973E-04
 -1.4922E-03  9.6188E-06  3.2936E-04
 -1.8377E-03  8.3315E-06 -3.5416E-04
 -1.8428E-03  3.6211E-16 -3.5452E-04
 -1.8377E-03 -8.3315E-06 -3.5416E-04
 -1.8343E-03  2.8587E-16 -7.0889E-17
 -1.8393E-03  2.8473E-16  2.5546E-18
 -1.8343E-03  2.8625E-16  7.5545E-17
 -1.8377E-03 -8.3315E-06  3.5416E-04
 -1.8428E-03  2.0536E-16  3.5452E-04
 -1.8377E-03  8.3315E-06  3.5416E-04
 -2.2062E-03  7.0958E-06 -3.7547E-04
 -2.2105E-03  4.3418E-16 -3.7581E-04
 -2.2062E-03 -7.0958E-06 -3.7547E-04
 -2.2033E-03  3.5043E-16 -7.7796E-17
 -2.2076E-03  3.4904E-16  2.7807E-18
 -2.2033E-03  3.5069E-16  8.3380E-17
 -2.2062E-03 -7.0958E-06  3.7547E-04
 -2.2105E-03  2.6185E-16  3.7581E-04
 -2.2062E-03  7.0958E-06  3.7547E-04
 -2.5942E-03  5.9220E-06 -3.9344E-04
 -2.5977E-03  5.1222E-16 -3.9376E-04
 -2.5942E-03 -5.9220E-06 -3.9344E-04
 -2.5917E-03  4.2058E-16 -8.4896E-17
 -2.5953E-03  4.1960E-16  2.8914E-18
 -2.5917E-03  4.2099E-16  9.0643E-17
 -2.5942E-03 -5.9220E-06  3.9344E-04
 -2.5977E-03  3.2517E-16  3.9376E-04
 -2.5942E-03  5.9220E-06  3.9344E-04
 -2.9983E-03  4.8209E-06 -4.0825E-04
 -3.0012E-03  5.9583E-16 -4.0855E-04
 -2.9983E-03 -4.8209E-06 -4.0825E-04
 -2.9963E-03  4.9730E-16 -9.1646E-17
 -2.9992E-03  4.9599E-16  3.0854E-18
 -2.9963E-03  4.9701E-16  9.7120E-17
 -2.9983E-03 -4.8209E-06  4.0825E-04
 -3.0012E-03  3.9433E-16  4.0855E-04
 -2.9983E-03  4.8209E-06  4.0825E-04
 -3.4155E-03  3.8039E-06 -4.2014E-04
 -3.4177E-03  6.8526E-16 -4.2041E-04
 -3.4155E-03 -3.8039E-06 -4.2014E-04
 -3.4139E-03  5.7867E-16 -9.7491E-17
 -3.4162E-03  5.7766E-16  3.1335E-18
 -3.4139E-03  5.7911E-16  1.0380E-16
 -3.4155E-03 -3.8039E-06  4.2014E-04
 -3.4177E-03  4.6930E-16  4.2041E-04
 -3.4155E-03  3.8039E-06  4.2014E-04
 -3.8429E-03  2.8827E-06 -4.2933E-04
 -3.8447E-03  7.7771E-16 -4.2958E-04
 -3.8429E-03 -2.8827E-06 -4.2933E-04
 -3.8417E-03  6.6643E-16 -1.0221E-16
 -3.8435E-03  6.6522E-16  3.1950E-18
 -3.8417E-03  6.6548E-16  1.0943E-16
 -3.8429E-03 -2.8827E-06  4.2933E-04
 -3.8447E-03  5.5055E-16  4.2958E-04
 -3.8429E-03  2.8827E-06  4.2933E-04
 -4.2781E-03  2.0691E-06 -4.3613E-04
 -4.2793E-03  8.7542E-16 -4.3634E-04
 -4.2781E-03 -2.0691E-06 -4.3613E-04
 -4.2772E-03  7.5641E-16 -1.0630E-16
 -4.2785E-03  7.5616E-16  3.3528E-18
 -4.2772E-03  7.5731E-16  1.1354E-16
 -4.2781E-03 -2.0691E-06  4.3613E-04
 -4.2793E-03  6.3674E-16  4.3634E-04
 -4.2781E-03  2.0691E-06  4.3613E-04
 -4.7186E-03  1.3755E-06 -4.4083E-04
 -4.7194E-03  9.7432E-16 -4.4101E-04
 -4.7186E-03 -1.3755E-06 -4.4083E-04
 -4.7180E-03  8.5145E-16 -1.0909E-16
 -4.7189E-03  8.5062E-16  4.0491E-18
 -4.7180E-03  8.5047E-16  1.1657E-16
 -4.7186E-03 -1.3755E-06  4.4083E-04
 -4.7194E-03  7.2594E-16  4.4101E-04
 -4.7186E-03  1.3755E-06  4.4083E-04
 -5.1626E-03  8.1410E-07 -4.4379E-04
 -5.1631E-03  1.0748E-15 -4.4393E-04
 -5.1626E-03 -8.1410E-07 -4.4379E-04
 -5.1622E-03  9.4622E-16 -1.1106E-16
 -5.1627E-03  9.4622E-16  4.2727E-18
 -5.1622E-03  9.4678E-16  1.1846E-16
 -5.1626E-03 -8.1410E-07  4.4379E-04
 -5.1631E-03  8.1810E-16  4.4393E-04
 -5.1626E-03  8.1410E-07  4.4379E-04
 -5.6084E-03  3.9754E-07 -4.4539E-04
 -5.6086E-03  1.1747E-15 -4.4549E-04
 -5.6084E-03 -3.9754E-07 -4.4539E-04
 -5.6082E-03  1.0432E-15 -1.1133E-16
 -5.6085E-03  1.0431E-15  3.7981E-18
 -5.6082E-03  1.0431E-15  1.1941E-16
 -5.6084E-03 -3.9754E-07  4.4539E-04
 -5.6086E-03  9.1134E-16  4.4549E-04
 -5.6084E-03  3.9754E-07  4.4539E-04
 -6.0549E-03  1.4056E-07 -4.4605E-04
 -6.0550E-03  1.2738E-15 -4.4611E-04
 -6.0549E-03 -1.4056E-07 -4.4605E-04
 -6.0548E-03  1.1394E-15 -1.1186E-16
 -6.0549E-03  1.1406E-15  3.6539E-18
 -6.0548E-03  1.1405E-15  1.1938E-16
 -6.0549E-03 -1.4056E-07  4.4605E-04
 -6.0550E-03  1.0047E-15  4.4611E-04
 -6.0549E-03  1.4056E-07  4.4605E-04
 -6.5013E-03  4.3385E-08 -4.4621E-04
 -6.5013E-03  1.3729E-15 -4.4624E-04
 -6.5013E-03 -4.3385E-08 -4.4621E-04
 -6.5013E-03  1.2370E-15 -1.1272E-16
 -6.5013E-03  1.2368E-15  3.1364E-18
 -6.5013E-03  1.2364E-15  1.1923E-16
 -6.5013E-03 -4.3385E-08  4.4621E-04
 -6.5013E-03  1.1008E-15  4.4624E-04
 -6.5013E-03  4.3385E-08  4.4621E-04
   1.0385E-03
  0.0000E+00  0.0000E+00  0.0000E+00
  0.0000E+00  0.0000E+00  0.0000E+00
  0.0000E+00  0.0000E+00  0.0000E+00
  0.0000E+00  0.0000E+00  0.0000E+00
  0.0000E+00  0.0000E+00  0.0000E+00
  0.0000E+00  0.0000E+00  0.0000E+00
  0.0000E+00  0.0000E+00  0.0000E+00
  0.0000E+00  0.0000E+00  0.0000E+00
  0.0000E+00  0.0000E+00  0.0000E+00
  2.0938E-05 -3.3031E-05  6.0879E-05
 -9.5135E-18 -1.9533E-05 -1.1528E-17
 -2.0938E-05 -3.3031E-05 -6.0879E-05
 -4.4413E-19 -4.0775E-05  5.7990E-05
 -7.1822E-18 -2.7312E-05  6.1549E-21
 -9.4766E-18 -4.0775E-05 -5.7990E-05
 -2.0938E-05 -3.3031E-05  6.0879E-05
 -9.5060E-18 -1.9533E-05  1.1531E-17
  2.0938E-05 -3.3031E-05 -6.0879E-05
  1.9109E-05 -1.1191E-04  1.2141E-04
 -2.8229E-17 -1.0218E-04 -2.3576E-17
 -1.9109E-05 -1.1191E-04 -1.2141E-04
 -1.4998E-17 -1.2006E-04  1.2187E-04
 -2.6672E-17 -1.0986E-04  2.6084E-21
 -3.3576E-17 -1.2006E-04 -1.2187E-04
 -1.9109E-05 -1.1191E-04  1.2141E-04
 -2.8270E-17 -1.0218E-04  2.3573E-17
  1.9109E-05 -1.1191E-04 -1.2141E-04
  1.7385E-05 -2.4262E-04  1.7817E-04
 -5.8084E-17 -2.3298E-04 -3.3846E-17
 -1.7385E-05 -2.4262E-04 -1.7817E-04
 -4.0467E-17 -2.4984E-04  1.7875E-04
 -5.6568E-17 -2.4028E-04  2.3937E-20
 -6.8716E-17 -2.4984E-04 -1.7875E-04
 -1.7385E-05 -2.4262E-04  1.7817E-04
 -5.8068E-17 -2.3298E-04  3.3880E-17
  1.7385E-05 -2.4262E-04 -1.7817E-04
  1.5893E-05 -4.1829E-04  2.3039E-04
 -9.7498E-17 -4.0958E-04 -4.2712E-17
 -1.5893E-05 -4.1829E-04 -2.3039E-04
 -7.5668E-17 -4.2492E-04  2.3091E-04
 -9.6282E-17 -4.1620E-04  1.7929E-20
 -1.1326E-16 -4.2492E-04 -2.3091E-04
 -1.5893E-05 -4.1829E-04  2.3039E-04
 -9.7478E-17 -4.0958E-04  4.2884E-17
  1.5893E-05 -4.1829E-04 -2.3039E-04
  1.4418E-05 -6.3552E-04  2.7791E-04
 -1.4505E-16 -6.2760E-04 -5.0249E-17
 -1.4418E-05 -6.3552E-04 -2.7791E-04
 -1.1890E-16 -6.4153E-04  2.7842E-04
 -1.4409E-16 -6.3361E-04  7.6120E-20
 -1.6610E-16 -6.4153E-04 -2.7842E-04
 -1.4418E-05 -6.3552E-04  2.7791E-04
 -1.4516E-16 -6.2760E-04  5.0295E-17
  1.4418E-05 -6.3552E-04 -2.7791E-04
  1.2958E-05 -8.9035E-04  3.2082E-04
 -1.9930E-16 -8.8323E-04 -5.6349E-17
 -1.2958E-05 -8.9035E-04 -3.2082E-04
 -1.6947E-16 -8.9575E-04  3.2133E-04
 -1.9841E-16 -8.8863E-04 -1.2195E-20
 -2.2529E-16 -8.9575E-04 -3.2133E-04
 -1.2958E-05 -8.9035E-04  3.2082E-04
 -1.9936E-16 -8.8323E-04  5.6462E-17
  1.2958E-05 -8.9035E-04 -3.2082E-04
  1.1524E-05 -1.1789E-03  3.5919E-04
 -2.5905E-16 -1.1726E-03 -6.1092E-17
 -1.1524E-05 -1.1789E-03 -3.5919E-04
 -2.2483E-16 -1.1837E-03  3.5969E-04
 -2.5841E-16 -1.1774E-03  1.5513E-19
 -2.9038E-16 -1.1837E-03 -3.5969E-04
 -1.1524E-05 -1.1789E-03  3.5919E-04
 -2.5899E-16 -1.1726E-03  6.1354E-17
  1.1524E-05 -1.1789E-03 -3.5919E-04
  1.0124E-05 -1.4975E-03  3.9312E-04
 -3.2307E-16 -1.4920E-03 -6.4329E-17
 -1.0124E-05 -1.4975E-03 -3.9312E-04
 -2.8447E-16 -1.5018E-03  3.9360E-04
 -3.2276E-16 -1.4962E-03  2.4865E-19
 -3.5938E-16 -1.5018E-03 -3.9360E-04
 -1.0124E-05 -1.4975E-03  3.9312E-04
 -3.2312E-16 -1.4920E-03  6.4895E-17
  1.0124E-05 -1.4975E-03 -3.9312E-04
  8.7689E-06 -1.8425E-03  4.2273E-04
 -3.8947E-16 -1.8376E-03 -6.6173E-17
 -8.7689E-06 -1.8425E-03 -4.2273E-04
 -3.4618E-16 -1.8461E-03  4.2319E-04
 -3.8934E-16 -1.8413E-03  2.0335E-19
 -4.3205E-16 -1.8461E-03 -4.2319E-04
 -8.7689E-06 -1.8425E-03  4.2273E-04
 -3.8986E-16 -1.8376E-03  6.6893E-17
  8.7689E-06 -1.8425E-03 -4.2273E-04
  7.4677E-06 -2.2101E-03  4.4816E-04
 -4.5722E-16 -2.2060E-03 -6.7073E-17
 -7.4677E-06 -2.2101E-03 -4.4816E-04
 -4.1035E-16 -2.2132E-03  4.4861E-04
 -4.5758E-16 -2.2091E-03  5.4496E-19
 -5.0473E-16 -2.2132E-03 -4.4861E-04
 -7.4677E-06 -2.2101E-03  4.4816E-04
 -4.5761E-16 -2.2060E-03  6.7422E-17
  7.4677E-06 -2.2101E-03 -4.4816E-04
  6.2314E-06 -2.5970E-03  4.6962E-04
 -5.2542E-16 -2.5936E-03 -6.6829E-17
 -6.2314E-06 -2.5970E-03 -4.6962E-04
 -4.7288E-16 -2.5996E-03  4.7004E-04
 -5.2572E-16 -2.5962E-03  2.5721E-19
 -5.7804E-16 -2.5996E-03 -4.7004E-04
 -6.2314E-06 -2.5970E-03  4.6962E-04
 -5.2587E-16 -2.5936E-03  6.7367E-17
  6.2314E-06 -2.5970E-03 -4.6962E-04
  5.0717E-06 -3.0000E-03  4.8732E-04
 -5.9239E-16 -2.9972E-03 -6.6010E-17
 -5.0717E-06 -3.0000E-03 -4.8732E-04
 -5.3550E-16 -3.0021E-03  4.8771E-04
 -5.9262E-16 -2.9993E-03  2.6211E-19
 -6.5074E-16 -3.0021E-03 -4.8771E-04
 -5.0717E-06 -3.0000E-03  4.8732E-04
 -5.9294E-16 -2.9972E-03  6.6456E-17
  5.0717E-06 -3.0000E-03 -4.8732E-04
  4.0003E-06 -3.4159E-03  5.0151E-04
 -6.5786E-16 -3.4137E-03 -6.4239E-17
 -4.0003E-06 -3.4159E-03 -5.0151E-04
 -5.9709E-16 -3.4176E-03  5.0187E-04
 -6.5831E-16 -3.4154E-03  7.4482E-20
 -7.1952E-16 -3.4176E-03 -5.0187E-04
 -4.0003E-06 -3.4159E-03  5.0151E-04
 -6.5745E-16 -3.4137E-03  6.4468E-17
  4.0003E-06 -3.4159E-03 -5.0151E-04
  3.0296E-06 -3.8420E-03  5.1251E-04
 -7.2127E-16 -3.8403E-03 -6.2722E-17
 -3.0296E-06 -3.8420E-03 -5.1251E-04
 -6.5729E-16 -3.8433E-03  5.1283E-04
 -7.2178E-16 -3.8416E-03 -3.7400E-19
 -7.8727E-16 -3.8433E-03 -5.1283E-04
 -3.0296E-06 -3.8420E-03  5.1251E-04
 -7.2158E-16 -3.8403E-03  6.2839E-17
  3.0296E-06 -3.8420E-03 -5.1251E-04
  2.1720E-06 -4.2756E-03  5.2063E-04
 -7.8304E-16 -4.2744E-03 -6.1352E-17
 -2.1720E-06 -4.2756E-03 -5.2063E-04
 -7.1477E-16 -4.2765E-03  5.2091E-04
 -7.8320E-16 -4.2753E-03  6.1274E-20
 -8.5140E-16 -4.2765E-03 -5.2091E-04
 -2.1720E-06 -4.2756E-03  5.2063E-04
 -7.8318E-16 -4.2744E-03  6.1169E-17
  2.1720E-06 -4.2756E-03 -5.2063E-04
  1.4405E-06 -4.7145E-03  5.2625E-04
 -8.4386E-16 -4.7137E-03 -6.1005E-17
 -1.4405E-06 -4.7145E-03 -5.2625E-04
 -7.7352E-16 -4.7151E-03  5.2649E-04
 -8.4396E-16 -4.7143E-03 -2.7448E-19
 -9.1390E-16 -4.7151E-03 -5.2649E-04
 -1.4405E-06 -4.7145E-03  5.2625E-04
 -8.4346E-16 -4.7137E-03  6.0365E-17
  1.4405E-06 -4.7145E-03 -5.2625E-04
  8.4779E-07 -5.1567E-03  5.2980E-04
 -9.0429E-16 -5.1562E-03 -6.0495E-17
 -8.4779E-07 -5.1567E-03 -5.2980E-04
 -8.3109E-16 -5.1570E-03  5.2998E-04
 -9.0388E-16 -5.1566E-03 -2.4818E-19
 -9.7620E-16 -5.1570E-03 -5.2998E-04
 -8.4779E-07 -5.1567E-03  5.2980E-04
 -9.0388E-16 -5.1562E-03  6.0057E-17
  8.4779E-07 -5.1567E-03 -5.2980E-04
  4.0726E-07 -5.6006E-03  5.3172E-04
 -9.6338E-16 -5.6004E-03 -6.0391E-17
 -4.0726E-07 -5.6006E-03 -5.3172E-04
 -8.9003E-16 -5.6008E-03  5.3185E-04
 -9.6386E-16 -5.6005E-03  1.7725E-19
 -1.0373E-15 -5.6008E-03 -5.3185E-04
 -4.0726E-07 -5.6006E-03  5.3172E-04
 -9.6415E-16 -5.6004E-03  5.9789E-17
  4.0726E-07 -5.6006E-03 -5.3172E-04
  1.3538E-07 -6.0450E-03  5.3252E-04
 -1.0238E-15 -6.0449E-03 -5.9885E-17
 -1.3538E-07 -6.0450E-03 -5.3252E-04
 -9.4851E-16 -6.0451E-03  5.3259E-04
 -1.0237E-15 -6.0450E-03  8.6996E-20
 -1.0983E-15 -6.0451E-03 -5.3259E-04
 -1.3538E-07 -6.0450E-03  5.3252E-04
 -1.0236E-15 -6.0449E-03  6.0242E-17
  1.3538E-07 -6.0450E-03 -5.3252E-04
  2.8878E-08 -6.4892E-03  5.3271E-04
 -1.0838E-15 -6.4892E-03 -6.0218E-17
 -2.8878E-08 -6.4892E-03 -5.3271E-04
 -1.0070E-15 -6.4892E-03  5.3275E-04
 -1.0842E-15 -6.4892E-03  9.1419E-20
 -1.1590E-15 -6.4892E-03 -5.3275E-04
 -2.8878E-08 -6.4892E-03  5.3271E-04
 -1.0840E-15 -6.4892E-03  6.0488E-17
  2.8878E-08 -6.4892E-03 -5.3271E-04
   5.3219E-03
  0.0000E+00  0.0000E+00  0.0000E+00
  0.0000E+00  0.0000E+00  0.0000E+00
  0.0000E+00  0.0000E+00  0.0000E+00
  0.0000E+00  0.0000E+00  0.0000E+00
  0.0000E+00  0.0000E+00  0.0000E+00
  0.0000E+00  0.0000E+00  0.0000E+00
  0.0000E+00  0.0000E+00  0.0000E+00
  0.0000E+00  0.0000E+00  0.0000E+00
  0.0000E+00  0.0000E+00  0.0000E+00
 -2.1472E-04  8.8856E-05 -2.6768E-04
 -2.5888E-04  2.5110E-18 -2.6116E-04
 -2.1472E-04 -8.8856E-05 -2.6768E-04
 -1.6485E-04 -7.2442E-18  8.0138E-18
 -2.0849E-04 -5.4352E-18  4.1936E-19
 -1.6485E-04 -6.8953E-18 -7.1019E-18
 -2.1472E-04 -8.8856E-05  2.6768E-04
 -2.5888E-04 -1.1533E-17  2.6116E-04
 -2.1472E-04  8.8856E-05  2.6768E-04
 -6.5731E-04  6.4336E-05 -4.7984E-04
 -6.9602E-04 -2.8503E-18 -4.8688E-04
 -6.5731E-04 -6.4336E-05 -4.7984E-04
 -6.3378E-04 -1.8592E-17  1.5401E-17
 -6.7070E-04 -1.7493E-17  8.1403E-19
 -6.3378E-04 -1.8176E-17 -1.2920E-17
 -6.5731E-04 -6.4336E-05  4.7984E-04
 -6.9602E-04 -3.0589E-17  4.8688E-04
 -6.5731E-04  6.4336E-05  4.7984E-04
 -1.2900E-03  3.5817E-05 -6.1634E-04
 -1.3115E-03 -1.2331E-17 -6.2427E-04
 -1.2900E-03 -3.5817E-05 -6.1634E-04
 -1.2747E-03 -3.5237E-17  1.9470E-17
 -1.2965E-03 -3.4069E-17  1.2461E-18
 -1.2747E-03 -3.3991E-17 -1.6671E-17
 -1.2900E-03 -3.5817E-05  6.1634E-04
 -1.3115E-03 -5.4259E-17  6.2427E-04
 -1.2900E-03  3.5817E-05  6.1634E-04
 -2.0162E-03  8.9415E-06 -6.7758E-04
 -2.0217E-03 -2.2826E-17 -6.8487E-04
 -2.0162E-03 -8.9415E-06 -6.7758E-04
 -2.0126E-03 -5.1991E-17  2.1531E-17
 -2.0183E-03 -5.0791E-17  1.8207E-18
 -2.0126E-03 -5.2831E-17 -1.8038E-17
 -2.0162E-03 -8.9415E-06  6.7758E-04
 -2.0217E-03 -7.9377E-17  6.8487E-04
 -2.0162E-03  8.9415E-06  6.7758E-04
 -2.7618E-03 -1.5870E-05 -6.6683E-04
 -2.7525E-03 -3.5833E-17 -6.7344E-04
 -2.7618E-03  1.5870E-05 -6.6683E-04
 -2.7685E-03 -7.0141E-17  2.1787E-17
 -2.7593E-03 -7.0958E-17  2.0313E-18
 -2.7685E-03 -6.6946E-17 -1.7008E-17
 -2.7618E-03  1.5870E-05  6.6683E-04
 -2.7525E-03 -1.0376E-16  6.7344E-04
 -2.7618E-03 -1.5870E-05  6.6683E-04
 -3.4557E-03 -3.7879E-05 -5.9103E-04
 -3.4333E-03 -4.8969E-17 -5.9675E-04
 -3.4557E-03  3.7879E-05 -5.9103E-04
 -3.4716E-03 -8.5161E-17  1.9562E-17
 -3.4493E-03 -8.5401E-17  2.2584E-18
 -3.4716E-03 -8.7827E-17 -1.5320E-17
 -3.4557E-03  3.7879E-05  5.9103E-04
 -3.4333E-03 -1.2506E-16  5.9675E-04
 -3.4557E-03 -3.7879E-05  5.9103E-04
 -4.0354E-03 -5.6381E-05 -4.5891E-04
 -4.0019E-03 -5.9970E-17 -4.6356E-04
 -4.0354E-03  5.6381E-05 -4.5891E-04
 -4.0589E-03 -1.0145E-16  1.7565E-17
 -4.0256E-03 -1.0376E-16  1.5100E-18
 -4.0589E-03 -1.0261E-16 -1.0192E-17
 -4.0354E-03  5.6381E-05  4.5891E-04
 -4.0019E-03 -1.4421E-16  4.6356E-04
 -4.0354E-03 -5.6381E-05  4.5891E-04
 -4.4480E-03 -7.0792E-05 -2.8106E-04
 -4.4059E-03 -6.8644E-17 -2.8450E-04
 -4.4480E-03  7.0792E-05 -2.8106E-04
 -4.4775E-03 -1.1274E-16  9.7180E-18
 -4.4356E-03 -1.0732E-16  1.9395E-18
 -4.4775E-03 -1.0772E-16 -2.9782E-18
 -4.4480E-03  7.0792E-05  2.8106E-04
 -4.4059E-03 -1.5340E-16  2.8450E-04
 -4.4480E-03 -7.0792E-05  2.8106E-04
 -4.6526E-03 -8.0697E-05 -6.9455E-05
 -4.6045E-03 -6.2226E-17 -7.1587E-05
 -4.6526E-03  8.0697E-05 -6.9455E-05
 -4.6862E-03 -1.0545E-16  2.0015E-18
 -4.6384E-03 -1.0826E-16  1.9228E-18
 -4.6862E-03 -1.1036E-16  4.7081E-18
 -4.6526E-03  8.0697E-05  6.9455E-05
 -4.6045E-03 -1.5827E-16  7.1587E-05
 -4.6526E-03 -8.0697E-05  6.9455E-05
 -4.6212E-03 -8.5891E-05  1.6307E-04
 -4.5700E-03 -5.5525E-17  1.6226E-04
 -4.6212E-03  8.5891E-05  1.6307E-04
 -4.6569E-03 -1.0743E-16 -9.0605E-18
 -4.6060E-03 -1.0994E-16  1.2630E-18
 -4.6569E-03 -1.0812E-16  1.2425E-17
 -4.6212E-03  8.5891E-05 -1.6307E-04
 -4.5700E-03 -1.5379E-16 -1.6226E-04
 -4.6212E-03 -8.5891E-05 -1.6307E-04
 -4.3396E-03 -8.6407E-05  4.0340E-04
 -4.2880E-03 -5.3485E-17  4.0388E-04
 -4.3396E-03  8.6407E-05  4.0340E-04
 -4.3755E-03 -1.0032E-16 -1.8691E-17
 -4.3242E-03 -8.9494E-17  1.8572E-18
 -4.3755E-03 -9.5640E-17  2.2090E-17
 -4.3396E-03  8.6407E-05 -4.0340E-04
 -4.2880E-03 -1.3508E-16 -4.0388E-04
 -4.3396E-03 -8.6407E-05 -4.0340E-04
 -3.8071E-03 -8.2534E-05  6.3890E-04
 -3.7579E-03 -3.4251E-17  6.4054E-04
 -3.8071E-03  8.2534E-05  6.3890E-04
 -3.8414E-03 -7.0402E-17 -2.8355E-17
 -3.7924E-03 -7.4583E-17  2.4126E-18
 -3.8414E-03 -8.0624E-17  2.9918E-17
 -3.8071E-03  8.2534E-05 -6.3890E-04
 -3.7579E-03 -1.1867E-16 -6.4054E-04
 -3.8071E-03 -8.2534E-05 -6.3890E-04
 -3.0359E-03 -7.4812E-05  8.5805E-04
 -2.9913E-03  6.0986E-20  8.6067E-04
 -3.0359E-03  7.4812E-05  8.5805E-04
 -3.0671E-03 -4.6973E-17 -3.5975E-17
 -3.0226E-03 -5.7354E-17  1.5116E-18
 -3.0671E-03 -3.9946E-17  3.5436E-17
 -3.0359E-03  7.4812E-05 -8.5805E-04
 -2.9913E-03 -9.1527E-17 -8.6067E-04
 -3.0359E-03 -7.4812E-05 -8.5805E-04
 -2.0496E-03 -6.4023E-05  1.0512E-03
 -2.0114E-03  2.2392E-17  1.0545E-03
 -2.0496E-03  6.4023E-05  1.0512E-03
 -2.0762E-03 -8.3077E-18 -4.2745E-17
 -2.0381E-03 -1.4681E-17  2.8429E-19
 -2.0762E-03 -1.3871E-17  4.4845E-17
 -2.0496E-03  6.4023E-05 -1.0512E-03
 -2.0114E-03 -5.6334E-17 -1.0545E-03
 -2.0496E-03 -6.4023E-05 -1.0512E-03
 -8.8073E-04 -5.1170E-05  1.2111E-03
 -8.5008E-04  6.5630E-17  1.2149E-03
 -8.8073E-04  5.1170E-05  1.2111E-03
 -9.0194E-04  3.5743E-17 -5.0002E-17
 -8.7134E-04  4.0259E-17  2.9320E-19
 -9.0194E-04  2.0224E-17  5.0764E-17
 -8.8073E-04  5.1170E-05 -1.2111E-03
 -8.5008E-04 -9.6367E-18 -1.2149E-03
 -8.8073E-04 -5.1170E-05 -1.2111E-03
  4.3201E-04 -3.7438E-05  1.3337E-03
  4.5452E-04  1.1505E-16  1.3375E-03
  4.3201E-04  3.7438E-05  1.3337E-03
  4.1654E-04  8.4980E-17 -5.6910E-17
  4.3907E-04  7.5413E-17 -6.0494E-19
  4.1654E-04  7.8031E-17  5.7461E-17
  4.3201E-04  3.7438E-05 -1.3337E-03
  4.5452E-04  4.8366E-17 -1.3375E-03
  4.3201E-04 -3.7438E-05 -1.3337E-03
  1.8469E-03 -2.4160E-05  1.4183E-03
  1.8616E-03  1.5550E-16  1.4218E-03
  1.8469E-03  2.4160E-05  1.4183E-03
  1.8370E-03  1.1589E-16 -6.1822E-17
  1.8518E-03  1.0531E-16 -3.4904E-19
  1.8370E-03  1.1993E-16  6.0029E-17
  1.8469E-03  2.4160E-05 -1.4183E-03
  1.8616E-03  9.5078E-17 -1.4218E-03
  1.8469E-03 -2.4160E-05 -1.4183E-03
  3.3235E-03 -1.2777E-05  1.4681E-03
  3.3314E-03  2.0050E-16  1.4708E-03
  3.3235E-03  1.2777E-05  1.4681E-03
  3.3183E-03  1.7896E-16 -6.0509E-17
  3.3264E-03  1.7672E-16 -3.7303E-19
  3.3183E-03  1.7929E-16  5.7705E-17
  3.3235E-03  1.2777E-05 -1.4681E-03
  3.3314E-03  1.4673E-16 -1.4708E-03
  3.3235E-03 -1.2777E-05 -1.4681E-03
  4.8259E-03 -4.8692E-06  1.4903E-03
  4.8292E-03  2.5155E-16  1.4920E-03
  4.8259E-03  4.8692E-06  1.4903E-03
  4.8243E-03  2.3057E-16 -6.1506E-17
  4.8277E-03  2.1880E-16 -6.6829E-19
  4.8243E-03  2.2145E-16  5.4878E-17
  4.8259E-03  4.8692E-06 -1.4903E-03
  4.8292E-03  2.0707E-16 -1.4920E-03
  4.8259E-03 -4.8692E-06 -1.4903E-03
  6.3280E-03 -1.6383E-06  1.4960E-03
  6.3298E-03  2.7686E-16  1.4972E-03
  6.3280E-03  1.6383E-06  1.4960E-03
  6.3277E-03  2.8554E-16 -6.6826E-17
  6.3295E-03  2.6406E-16 -1.8020E-18
  6.3277E-03  2.6869E-16  6.0929E-17
  6.3280E-03  1.6383E-06 -1.4960E-03
  6.3298E-03  2.3702E-16 -1.4972E-03
  6.3280E-03 -1.6383E-06 -1.4960E-03
   6.1621E-03
  0.0000E+00  0.0000E+00  0.0000E+00
  0.0000E+00  0.0000E+00  0.0000E+00
  0.0000E+00  0.0000E+00  0.0000E+00
  0.0000E+00  0.0000E+00  0.0000E+00
  0.0000E+00  0.0000E+00  0.0000E+00
  0.0000E+00  0.0000E+00  0.0000E+00
  0.0000E+00  0.0000E+00  0.0000E+00
  0.0000E+00  0.0000E+00  0.0000E+00
  0.0000E+00  0.0000E+00  0.0000E+00
 -9.8035E-05  2.4816E-04 -3.0834E-04
 -9.1358E-18  1.8393E-04 -9.6805E-18
  9.8035E-05  2.4816E-04  3.0834E-04
 -4.6784E-18  2.8359E-04 -2.9891E-04
 -7.1949E-18  2.1858E-04 -7.5206E-19
 -6.7371E-18  2.8359E-04  2.9891E-04
  9.8035E-05  2.4816E-04 -3.0834E-04
 -8.6647E-18  1.8393E-04  8.0925E-18
 -9.8035E-05  2.4816E-04  3.0834E-04
 -6.5997E-05  7.0028E-04 -5.5139E-04
 -2.4045E-17  6.6828E-04 -1.8176E-17
  6.5997E-05  7.0028E-04  5.5139E-04
 -1.9413E-17  7.2884E-04 -5.6140E-04
 -2.2777E-17  6.9438E-04 -1.6915E-18
 -2.4714E-17  7.2884E-04  5.6140E-04
  6.5997E-05  7.0028E-04 -5.5139E-04
 -2.3778E-17  6.6828E-04  1.4559E-17
 -6.5997E-05  7.0028E-04  5.5139E-04
 -3.5799E-05  1.3329E-03 -7.0813E-04
 -4.4638E-17  1.3127E-03 -2.3420E-17
  3.5799E-05  1.3329E-03  7.0813E-04
 -3.9194E-17  1.3477E-03 -7.1839E-04
 -4.3468E-17  1.3280E-03 -2.7343E-18
 -4.7527E-17  1.3477E-03  7.1839E-04
  3.5799E-05  1.3329E-03 -7.0813E-04
 -4.3928E-17  1.3127E-03  1.7880E-17
 -3.5799E-05  1.3329E-03  7.0813E-04
 -8.2748E-06  2.0520E-03 -7.7703E-04
 -6.9249E-17  2.0475E-03 -2.7012E-17
  8.2748E-06  2.0520E-03  7.7703E-04
 -6.2049E-17  2.0555E-03 -7.8633E-04
 -6.8206E-17  2.0511E-03 -3.5303E-18
 -7.4255E-17  2.0555E-03  7.8633E-04
  8.2748E-06  2.0520E-03 -7.7703E-04
 -6.8359E-17  2.0475E-03  1.8826E-17
 -8.2748E-06  2.0520E-03  7.7703E-04
  1.7106E-05  2.7861E-03 -7.6251E-04
 -9.4020E-17  2.7955E-03 -2.7220E-17
 -1.7106E-05  2.7861E-03  7.6251E-04
 -8.7346E-17  2.7791E-03 -7.7093E-04
 -9.3187E-17  2.7886E-03 -4.6332E-18
 -9.8760E-17  2.7791E-03  7.7093E-04
 -1.7106E-05  2.7861E-03 -7.6251E-04
 -9.1925E-17  2.7955E-03  1.7921E-17
  1.7106E-05  2.7861E-03  7.6251E-04
  3.9617E-05  3.4662E-03 -6.7270E-04
 -1.1699E-16  3.4879E-03 -2.5487E-17
 -3.9617E-05  3.4662E-03  6.7270E-04
 -1.0957E-16  3.4497E-03 -6.7998E-04
 -1.1709E-16  3.4717E-03 -5.3994E-18
 -1.2457E-16  3.4497E-03  6.7998E-04
 -3.9617E-05  3.4662E-03 -6.7270E-04
 -1.1525E-16  3.4879E-03  1.4765E-17
  3.9617E-05  3.4662E-03  6.7270E-04
  5.8515E-05  4.0311E-03 -5.1781E-04
 -1.3552E-16  4.0632E-03 -2.2305E-17
 -5.8515E-05  4.0311E-03  5.1781E-04
 -1.2807E-16  4.0068E-03 -5.2372E-04
 -1.3453E-16  4.0392E-03 -5.8410E-18
 -1.4761E-16  4.0068E-03  5.2372E-04
 -5.8515E-05  4.0311E-03 -5.1781E-04
 -1.3888E-16  4.0632E-03  8.8386E-18
  5.8515E-05  4.0311E-03  5.1781E-04
  7.3208E-05  4.4297E-03 -3.1013E-04
 -1.4755E-16  4.4699E-03 -1.6697E-17
 -7.3208E-05  4.4297E-03  3.1013E-04
 -1.3928E-16  4.3993E-03 -3.1448E-04
 -1.4996E-16  4.4398E-03 -7.6144E-18
 -1.6087E-16  4.3993E-03  3.1448E-04
 -7.3208E-05  4.4297E-03 -3.1013E-04
 -1.4759E-16  4.4699E-03  8.2740E-19
  7.3208E-05  4.4297E-03  3.1013E-04
  8.3278E-05  4.6222E-03 -6.3548E-05
 -1.5226E-16  4.6679E-03 -1.2012E-17
 -8.3278E-05  4.6222E-03  6.3548E-05
 -1.4396E-16  4.5876E-03 -6.6243E-05
 -1.5570E-16  4.6337E-03 -8.8341E-18
 -1.6675E-16  4.5876E-03  6.6243E-05
 -8.3278E-05  4.6222E-03 -6.3548E-05
 -1.5195E-16  4.6679E-03 -5.9084E-18
  8.3278E-05  4.6222E-03  6.3548E-05
  8.8519E-05  4.5818E-03  2.0705E-04
 -1.5501E-16  4.6304E-03 -7.9367E-18
 -8.8519E-05  4.5818E-03 -2.0705E-04
 -1.3862E-16  4.5450E-03  2.0605E-04
 -1.5341E-16  4.5939E-03 -1.0230E-17
 -1.7405E-16  4.5450E-03 -2.0605E-04
 -8.8519E-05  4.5818E-03  2.0705E-04
 -1.5075E-16  4.6304E-03 -1.1983E-17
  8.8519E-05  4.5818E-03 -2.0705E-04
  8.8973E-05  4.2948E-03  4.8653E-04
 -1.4753E-16  4.3436E-03 -3.1520E-18
 -8.8973E-05  4.2948E-03 -4.8653E-04
 -1.3541E-16  4.2578E-03  4.8716E-04
 -1.4607E-16  4.3070E-03 -1.1149E-17
 -1.6444E-16  4.2578E-03 -4.8716E-04
 -8.8973E-05  4.2948E-03  4.8653E-04
 -1.4630E-16  4.3436E-03 -2.0145E-17
  8.8973E-05  4.2948E-03 -4.8653E-04
  8.4935E-05  3.7611E-03  7.6027E-04
 -1.3529E-16  3.8077E-03  2.0156E-18
 -8.4935E-05  3.7611E-03 -7.6027E-04
 -1.2432E-16  3.7258E-03  7.6238E-04
 -1.3585E-16  3.7726E-03 -1.3368E-17
 -1.5161E-16  3.7258E-03 -7.6238E-04
 -8.4935E-05  3.7611E-03  7.6027E-04
 -1.3482E-16  3.8077E-03 -2.6468E-17
  8.4935E-05  3.7611E-03 -7.6027E-04
  7.6961E-05  2.9929E-03  1.0150E-03
 -1.1753E-16  3.0352E-03  7.7603E-18
 -7.6961E-05  2.9929E-03 -1.0150E-03
 -1.0488E-16  2.9610E-03  1.0183E-03
 -1.2176E-16  3.0034E-03 -1.3810E-17
 -1.3872E-16  2.9610E-03 -1.0183E-03
 -7.6961E-05  2.9929E-03  1.0150E-03
 -1.2611E-16  3.0352E-03 -3.2472E-17
  7.6961E-05  2.9929E-03 -1.0150E-03
  6.5851E-05  2.0138E-03  1.2396E-03
 -9.7456E-17  2.0500E-03  1.1090E-17
 -6.5851E-05  2.0138E-03 -1.2396E-03
 -7.9311E-17  1.9864E-03  1.2438E-03
 -9.8212E-17  2.0227E-03 -1.3300E-17
 -1.1949E-16  1.9864E-03 -1.2438E-03
 -6.5851E-05  2.0138E-03  1.2396E-03
 -9.6095E-17  2.0500E-03 -3.9414E-17
  6.5851E-05  2.0138E-03 -1.2396E-03
  5.2624E-05  8.5601E-04  1.4257E-03
 -7.0370E-17  8.8489E-04  1.4807E-17
 -5.2624E-05  8.5601E-04 -1.4257E-03
 -4.5917E-17  8.3410E-04  1.4305E-03
 -7.0035E-17  8.6304E-04 -1.4088E-17
 -9.8050E-17  8.3410E-04 -1.4305E-03
 -5.2624E-05  8.5601E-04  1.4257E-03
 -6.8133E-17  8.8489E-04 -4.4006E-17
  5.2624E-05  8.5601E-04 -1.4257E-03
  3.8488E-05 -4.4206E-04  1.5685E-03
 -3.8025E-17 -4.2094E-04  1.7960E-17
 -3.8488E-05 -4.4206E-04 -1.5685E-03
 -1.2442E-17 -4.5812E-04  1.5734E-03
 -3.7878E-17 -4.3702E-04 -1.4078E-17
 -6.7650E-17 -4.5812E-04 -1.5734E-03
 -3.8488E-05 -4.4206E-04  1.5685E-03
 -3.8904E-17 -4.2094E-04 -4.8205E-17
  3.8488E-05 -4.4206E-04 -1.5685E-03
  2.4791E-05 -1.8391E-03  1.6674E-03
 -1.9018E-18 -1.8255E-03  2.3418E-17
 -2.4791E-05 -1.8391E-03 -1.6674E-03
  2.7386E-17 -1.8495E-03  1.6719E-03
  4.9924E-19 -1.8360E-03 -1.5452E-17
 -2.9692E-17 -1.8495E-03 -1.6719E-03
 -2.4791E-05 -1.8391E-03  1.6674E-03
 -7.6048E-19 -1.8255E-03 -5.2574E-17
  2.4791E-05 -1.8391E-03 -1.6674E-03
  1.2993E-05 -3.2947E-03  1.7259E-03
  3.4867E-17 -3.2875E-03  2.2792E-17
 -1.2993E-05 -3.2947E-03 -1.7259E-03
  7.1140E-17 -3.3002E-03  1.7294E-03
  3.6786E-17 -3.2932E-03 -1.6051E-17
  9.2030E-18 -3.3002E-03 -1.7294E-03
 -1.2993E-05 -3.2947E-03  1.7259E-03
  3.6316E-17 -3.2875E-03 -5.3395E-17
  1.2993E-05 -3.2947E-03 -1.7259E-03
  4.7195E-06 -4.7730E-03  1.7523E-03
  7.7414E-17 -4.7705E-03  2.5198E-17
 -4.7195E-06 -4.7730E-03 -1.7523E-03
  1.0893E-16 -4.7750E-03  1.7544E-03
  7.5510E-17 -4.7728E-03 -1.5876E-17
  4.2946E-17 -4.7750E-03 -1.7544E-03
 -4.7195E-06 -4.7730E-03  1.7523E-03
  7.7693E-17 -4.7705E-03 -5.5244E-17
  4.7195E-06 -4.7730E-03 -1.7523E-03
  1.1805E-06 -6.2472E-03  1.7591E-03
  1.1277E-16 -6.2465E-03  2.4931E-17
 -1.1805E-06 -6.2472E-03 -1.7591E-03
  1.4998E-16 -6.2482E-03  1.7605E-03
  1.1685E-16 -6.2476E-03 -1.3621E-17
  7.8534E-17 -6.2482E-03 -1.7605E-03
 -1.1805E-06 -6.2472E-03  1.7591E-03
  1.1533E-16 -6.2465E-03 -5.6438E-17
  1.1805E-06 -6.2472E-03 -1.7591E-03
   7.8055E-03
  0.0000E+00  0.0000E+00  0.0000E+00
  0.0000E+00  0.0000E+00  0.0000E+00
  0.0000E+00  0.0000E+00  0.0000E+00
  0.0000E+00  0.0000E+00  0.0000E+00
  0.0000E+00  0.0000E+00  0.0000E+00
  0.0000E+00  0.0000E+00  0.0000E+00
  0.0000E+00  0.0000E+00  0.0000E+00
  0.0000E+00  0.0000E+00  0.0000E+00
  0.0000E+00  0.0000E+00  0.0000E+00
  4.7054E-04  3.9615E-04  6.2528E-05
  1.4233E-18  4.0630E-04  2.3398E-18
 -4.7054E-04  3.9615E-04 -6.2528E-05
  4.6117E-04 -4.2107E-19  1.0110E-18
  7.6785E-19 -1.2495E-19  7.9033E-19
 -4.6117E-04  3.3829E-19  9.2795E-19
  4.7054E-04 -3.9615E-04 -6.2528E-05
  7.6766E-19 -4.0630E-04 -6.9176E-19
 -4.7054E-04 -3.9615E-04  6.2528E-05
  9.4757E-04  7.9285E-04  8.3365E-05
  3.8756E-18  7.9363E-04  5.4400E-18
 -9.4757E-04  7.9285E-04 -8.3365E-05
  9.4705E-04 -7.2390E-19  2.3643E-18
  3.1848E-18 -1.5773E-19  1.7775E-18
 -9.4705E-04  4.6527E-19  2.2369E-18
  9.4757E-04 -7.9285E-04 -8.3365E-05
  3.4362E-18 -7.9363E-04 -1.5822E-18
 -9.4757E-04 -7.9285E-04  8.3365E-05
  1.4224E-03  1.1854E-03  8.4730E-05
  8.4028E-18  1.1853E-03  8.4763E-18
 -1.4224E-03  1.1854E-03 -8.4730E-05
  1.4225E-03 -1.9263E-18  2.7910E-18
  7.3338E-18 -3.8015E-19  2.8638E-18
 -1.4225E-03  2.3379E-19  3.2643E-18
  1.4224E-03 -1.1854E-03 -8.4730E-05
  7.1466E-18 -1.1853E-03 -2.0573E-18
 -1.4224E-03 -1.1854E-03  8.4730E-05
  1.8873E-03  1.5724E-03  8.2902E-05
  1.5154E-17  1.5720E-03  1.2312E-17
 -1.8873E-03  1.5724E-03 -8.2902E-05
  1.8877E-03 -7.5852E-20  3.7862E-18
  1.3656E-17  3.2570E-19  3.9050E-18
 -1.8877E-03 -2.6659E-19  4.3790E-18
  1.8873E-03 -1.5724E-03 -8.2902E-05
  1.4733E-17 -1.5720E-03 -3.9160E-18
 -1.8873E-03 -1.5724E-03  8.2902E-05
  2.3404E-03  1.9499E-03  8.0420E-05
  2.5055E-17  1.9494E-03  1.6392E-17
 -2.3404E-03  1.9499E-03 -8.0420E-05
  2.3408E-03 -1.6780E-20  4.8520E-18
  2.3961E-17 -3.8989E-19  4.8746E-18
 -2.3408E-03  3.1050E-18  5.9143E-18
  2.3404E-03 -1.9499E-03 -8.0420E-05
  2.3538E-17 -1.9494E-03 -6.1997E-18
 -2.3404E-03 -1.9499E-03  8.0420E-05
  2.7790E-03  2.3153E-03  7.7536E-05
  3.7728E-17  2.3147E-03  1.9602E-17
 -2.7790E-03  2.3153E-03 -7.7536E-05
  2.7795E-03  2.9542E-18  5.8115E-18
  3.6444E-17  2.7255E-18  5.8489E-18
 -2.7795E-03  8.7274E-19  6.0238E-18
  2.7790E-03 -2.3153E-03 -7.7536E-05
  3.6417E-17 -2.3147E-03 -7.9327E-18
 -2.7790E-03 -2.3153E-03  7.7536E-05
  3.2004E-03  2.6664E-03  7.4199E-05
  5.2713E-17  2.6658E-03  2.2510E-17
 -3.2004E-03  2.6664E-03 -7.4199E-05
  3.2010E-03  7.6141E-19  8.2309E-18
  5.1488E-17  2.9705E-19  6.0829E-18
 -3.2010E-03 -6.6697E-19  7.4275E-18
  3.2004E-03 -2.6664E-03 -7.4199E-05
  5.4454E-17 -2.6658E-03 -8.9384E-18
 -3.2004E-03 -2.6664E-03  7.4199E-05
  3.6020E-03  3.0010E-03  7.0409E-05
  6.9147E-17  3.0003E-03  2.2820E-17
 -3.6020E-03  3.0010E-03 -7.0409E-05
  3.6027E-03  1.0279E-19  7.8239E-18
  6.8614E-17  5.0604E-18  7.6131E-18
 -3.6027E-03  4.3549E-18  1.0181E-17
  3.6020E-03 -3.0010E-03 -7.0409E-05
  6.7520E-17 -3.0003E-03 -7.2755E-18
 -3.6020E-03 -3.0010E-03  7.0409E-05
  3.9814E-03  3.3171E-03  6.6183E-05
  8.2956E-17  3.3163E-03  2.3313E-17
 -3.9814E-03  3.3171E-03 -6.6183E-05
  3.9821E-03  6.8344E-18  8.4229E-18
  8.4467E-17  7.4938E-18  8.9772E-18
 -3.9821E-03  4.2574E-18  1.2370E-17
  3.9814E-03 -3.3171E-03 -6.6183E-05
  8.3002E-17 -3.3163E-03 -5.1841E-18
 -3.9814E-03 -3.3171E-03  6.6183E-05
  4.3362E-03  3.6126E-03  6.1548E-05
  9.8753E-17  3.6118E-03  2.3796E-17
 -4.3362E-03  3.6126E-03 -6.1548E-05
  4.3369E-03  5.7902E-18  6.6624E-18
  9.7253E-17  4.7108E-18  1.0486E-17
 -4.3369E-03  6.3481E-18  1.4011E-17
  4.3362E-03 -3.6126E-03 -6.1548E-05
  9.5285E-17 -3.6118E-03 -3.7395E-18
 -4.3362E-03 -3.6126E-03  6.1548E-05
  4.6641E-03  3.8859E-03  5.6532E-05
  1.1024E-16  3.8849E-03  2.2702E-17
 -4.6641E-03  3.8859E-03 -5.6532E-05
  4.6649E-03  3.5245E-18  6.4350E-18
  1.0869E-16  1.3794E-17  1.1735E-17
 -4.6649E-03  8.6634E-18  1.7581E-17
  4.6641E-03 -3.8859E-03 -5.6532E-05
  1.0894E-16 -3.8849E-03  1.2301E-18
 -4.6641E-03 -3.8859E-03  5.6532E-05
  4.9632E-03  4.1351E-03  5.1167E-05
  1.1732E-16  4.1341E-03  2.0370E-17
 -4.9632E-03  4.1351E-03 -5.1167E-05
  4.9641E-03  1.6709E-17  5.1985E-18
  1.1694E-16  1.5496E-17  1.3538E-17
 -4.9641E-03  9.1868E-18  2.0161E-17
  4.9632E-03 -4.1351E-03 -5.1167E-05
  1.1795E-16 -4.1341E-03  6.1678E-18
 -4.9632E-03 -4.1351E-03  5.1167E-05
  5.2317E-03  4.3587E-03  4.5486E-05
  1.2293E-16  4.3577E-03  1.7684E-17
 -5.2317E-03  4.3587E-03 -4.5486E-05
  5.2326E-03  2.0146E-17  4.3472E-18
  1.2663E-16  1.3090E-17  1.4446E-17
 -5.2326E-03  2.7493E-17  2.2495E-17
  5.2317E-03 -4.3587E-03 -4.5486E-05
  1.2921E-16 -4.3577E-03  9.9637E-18
 -5.2317E-03 -4.3587E-03  4.5486E-05
  5.4678E-03  4.5554E-03  3.9523E-05
  1.2815E-16  4.5543E-03  1.6292E-17
 -5.4678E-03  4.5554E-03 -3.9523E-05
  5.4687E-03  3.3203E-17  3.4222E-18
  1.2703E-16  2.8225E-17  1.4831E-17
 -5.4687E-03  2.9315E-17  2.6918E-17
  5.4678E-03 -4.5554E-03 -3.9523E-05
  1.2485E-16 -4.5543E-03  1.5010E-17
 -5.4678E-03 -4.5554E-03  3.9523E-05
  5.6701E-03  4.7240E-03  3.3313E-05
  1.2825E-16  4.7229E-03  1.4331E-17
 -5.6701E-03  4.7240E-03 -3.3313E-05
  5.6711E-03  4.7666E-17  1.9597E-18
  1.2737E-16  5.0583E-17  1.5716E-17
 -5.6711E-03  3.4286E-17  2.9922E-17
  5.6701E-03 -4.7240E-03 -3.3313E-05
  1.2633E-16 -4.7229E-03  1.7674E-17
 -5.6701E-03 -4.7240E-03  3.3313E-05
  5.8373E-03  4.8633E-03  2.6892E-05
  1.2333E-16  4.8622E-03  1.1359E-17
 -5.8373E-03  4.8633E-03 -2.6892E-05
  5.8384E-03  6.2585E-17 -2.5749E-19
  1.2561E-16  5.5504E-17  1.5692E-17
 -5.8384E-03  5.8471E-17  3.3778E-17
  5.8373E-03 -4.8633E-03 -2.6892E-05
  1.2534E-16 -4.8622E-03  2.1246E-17
 -5.8373E-03 -4.8633E-03  2.6892E-05
  5.9685E-03  4.9726E-03  2.0331E-05
  1.1860E-16  4.9715E-03  7.1768E-18
 -5.9685E-03  4.9726E-03 -2.0331E-05
  5.9695E-03  6.2325E-17 -1.3260E-18
  1.1639E-16  5.4397E-17  1.6520E-17
 -5.9695E-03  6.5649E-17  3.4990E-17
  5.9685E-03 -4.9726E-03 -2.0331E-05
  1.1693E-16 -4.9715E-03  2.4834E-17
 -5.9685E-03 -4.9726E-03  2.0331E-05
  6.0627E-03  5.0513E-03  1.3974E-05
  1.0977E-16  5.0503E-03  7.1658E-18
 -6.0627E-03  5.0513E-03 -1.3974E-05
  6.0636E-03  8.6628E-17  3.7631E-19
  1.0817E-16  8.4749E-17  1.7391E-17
 -6.0636E-03  8.7437E-17  3.1876E-17
  6.0627E-03 -5.0513E-03 -1.3974E-05
  1.0822E-16 -5.0503E-03  2.6008E-17
 -6.0627E-03 -5.0513E-03  1.3974E-05
  6.1197E-03  5.0990E-03  9.1223E-06
  9.5786E-17  5.0984E-03  4.7035E-18
 -6.1197E-03  5.0990E-03 -9.1223E-06
  6.1202E-03  1.0345E-16  4.0216E-19
  9.7763E-17  9.5046E-17  1.7344E-17
 -6.1202E-03  9.6129E-17  2.9625E-17
  6.1197E-03 -5.0990E-03 -9.1223E-06
  9.5989E-17 -5.0984E-03  2.9305E-17
 -6.1197E-03 -5.0990E-03  9.1223E-06
  6.1416E-03  5.1131E-03  7.2065E-06
  8.6107E-17  5.1128E-03  3.9599E-18
 -6.1416E-03  5.1131E-03 -7.2065E-06
  6.1418E-03  1.2171E-16 -3.9280E-18
  8.3511E-17  1.0359E-16  1.6484E-17
 -6.1418E-03  1.0708E-16  3.4015E-17
  6.1416E-03 -5.1131E-03 -7.2065E-06
  8.5598E-17 -5.1128E-03  2.9057E-17
 -6.1416E-03 -5.1131E-03  7.2065E-06
   1.2853E-02
  0.0000E+00  0.0000E+00  0.0000E+00
  0.0000E+00  0.0000E+00  0.0000E+00
  0.0000E+00  0.0000E+00  0.0000E+00
  0.0000E+00  0.0000E+00  0.0000E+00
  0.0000E+00  0.0000E+00  0.0000E+00
  0.0000E+00  0.0000E+00  0.0000E+00
  0.0000E+00  0.0000E+00  0.0000E+00
  0.0000E+00  0.0000E+00  0.0000E+00
  0.0000E+00  0.0000E+00  0.0000E+00
  1.1742E-04 -1.3026E-04  3.4381E-04
  1.1605E-04  2.9581E-18  3.1688E-04
  1.1742E-04  1.3026E-04  3.4381E-04
 -9.4326E-18 -1.3009E-04  3.2215E-04
 -7.7249E-18  5.7929E-18  2.9440E-04
 -4.2826E-18  1.3009E-04  3.2215E-04
 -1.1742E-04 -1.3026E-04  3.4381E-04
 -1.1605E-04  7.5596E-18  3.1688E-04
 -1.1742E-04  1.3026E-04  3.4381E-04
  1.0783E-04 -1.3144E-04  6.8638E-04
  1.1191E-04  1.1832E-17  6.8224E-04
  1.0783E-04  1.3144E-04  6.8638E-04
 -2.7213E-17 -1.3328E-04  6.8644E-04
 -2.1901E-17  1.6055E-17  6.8209E-04
 -1.6046E-17  1.3328E-04  6.8644E-04
 -1.0783E-04 -1.3144E-04  6.8638E-04
 -1.1191E-04  2.0599E-17  6.8224E-04
 -1.0783E-04  1.3144E-04  6.8638E-04
  1.0643E-04 -1.2917E-04  1.0427E-03
  1.0684E-04  2.1689E-17  1.0435E-03
  1.0643E-04  1.2917E-04  1.0427E-03
 -4.6187E-17 -1.2858E-04  1.0435E-03
 -3.7730E-17  2.7410E-17  1.0451E-03
 -3.0791E-17  1.2858E-04  1.0435E-03
 -1.0643E-04 -1.2917E-04  1.0427E-03
 -1.0684E-04  3.4307E-17  1.0435E-03
 -1.0643E-04  1.2917E-04  1.0427E-03
  1.0441E-04 -1.2560E-04  1.3943E-03
  1.0452E-04  2.9534E-17  1.3963E-03
  1.0441E-04  1.2560E-04  1.3943E-03
 -6.3101E-17 -1.2561E-04  1.3956E-03
 -5.1391E-17  3.8183E-17  1.3975E-03
 -4.1850E-17  1.2561E-04  1.3956E-03
 -1.0441E-04 -1.2560E-04  1.3943E-03
 -1.0452E-04  4.6744E-17  1.3963E-03
 -1.0441E-04  1.2560E-04  1.3943E-03
  1.0154E-04 -1.2200E-04  1.7373E-03
  1.0162E-04  3.5455E-17  1.7397E-03
  1.0154E-04  1.2200E-04  1.7373E-03
 -7.5460E-17 -1.2203E-04  1.7390E-03
 -6.0065E-17  4.6812E-17  1.7413E-03
 -4.9006E-17  1.2203E-04  1.7390E-03
 -1.0154E-04 -1.2200E-04  1.7373E-03
 -1.0162E-04  5.8245E-17  1.7397E-03
 -1.0154E-04  1.2200E-04  1.7373E-03
  9.7959E-05 -1.1771E-04  2.0696E-03
  9.8051E-05  3.7480E-17  2.0724E-03
  9.7959E-05  1.1771E-04  2.0696E-03
 -7.8713E-17 -1.1774E-04  2.0715E-03
 -6.2233E-17  5.0227E-17  2.0743E-03
 -4.9223E-17  1.1774E-04  2.0715E-03
 -9.7959E-05 -1.1771E-04  2.0696E-03
 -9.8051E-05  6.3114E-17  2.0724E-03
 -9.7959E-05  1.1771E-04  2.0696E-03
  9.3773E-05 -1.1269E-04  2.3888E-03
  9.3866E-05  3.4400E-17  2.3921E-03
  9.3773E-05  1.1269E-04  2.3888E-03
 -7.6111E-17 -1.1271E-04  2.3911E-03
 -5.6162E-17  4.8975E-17  2.3943E-03
 -4.0332E-17  1.1271E-04  2.3911E-03
 -9.3773E-05 -1.1269E-04  2.3888E-03
 -9.3866E-05  6.3621E-17  2.3921E-03
 -9.3773E-05  1.1269E-04  2.3888E-03
  8.9006E-05 -1.0697E-04  2.6932E-03
  8.9094E-05  2.7776E-17  2.6969E-03
  8.9006E-05  1.0697E-04  2.6932E-03
 -6.2233E-17 -1.0699E-04  2.6958E-03
 -4.2718E-17  4.2606E-17  2.6994E-03
 -2.4503E-17  1.0699E-04  2.6958E-03
 -8.9006E-05 -1.0697E-04  2.6932E-03
 -8.9094E-05  5.8026E-17  2.6969E-03
 -8.9006E-05  1.0697E-04  2.6932E-03
  8.3685E-05 -1.0057E-04  2.9808E-03
  8.3767E-05  1.5170E-17  2.9849E-03
  8.3685E-05  1.0057E-04  2.9808E-03
 -4.2934E-17 -1.0059E-04  2.9836E-03
 -2.2877E-17  3.1943E-17  2.9877E-03
 -2.9273E-18  1.0059E-04  2.9836E-03
 -8.3685E-05 -1.0057E-04  2.9808E-03
 -8.3767E-05  4.8166E-17  2.9849E-03
 -8.3685E-05  1.0057E-04  2.9808E-03
  7.7841E-05 -9.3547E-05  3.2498E-03
  7.7918E-05  8.9747E-19  3.2542E-03
  7.7841E-05  9.3547E-05  3.2498E-03
 -2.0369E-17 -9.3565E-05  3.2529E-03
 -2.8291E-19  1.8516E-17  3.2573E-03
  1.9151E-17  9.3565E-05  3.2529E-03
 -7.7841E-05 -9.3547E-05  3.2498E-03
 -7.7918E-05  3.5591E-17  3.2542E-03
 -7.7841E-05  9.3547E-05  3.2498E-03
  7.1511E-05 -8.5941E-05  3.4986E-03
  7.1582E-05 -1.3523E-17  3.5033E-03
  7.1511E-05  8.5941E-05  3.4986E-03
  1.9516E-18 -8.5957E-05  3.5018E-03
  2.2335E-17  3.5563E-18  3.5066E-03
  4.3802E-17  8.5957E-05  3.5018E-03
 -7.1511E-05 -8.5941E-05  3.4986E-03
 -7.1582E-05  2.1306E-17  3.5033E-03
 -7.1511E-05  8.5941E-05  3.4986E-03
  6.4736E-05 -7.7798E-05  3.7255E-03
  6.4800E-05 -2.7327E-17  3.7305E-03
  6.4736E-05  7.7798E-05  3.7255E-03
  2.1901E-17 -7.7813E-05  3.7290E-03
  4.2501E-17 -9.7036E-18  3.7340E-03
  6.3101E-17  7.7813E-05  3.7290E-03
 -6.4736E-05 -7.7798E-05  3.7255E-03
 -6.4800E-05  5.9453E-18  3.7305E-03
 -6.4736E-05  7.7798E-05  3.7255E-03
  5.7557E-05 -6.9170E-05  3.9291E-03
  5.7613E-05 -3.9270E-17  3.9344E-03
  5.7557E-05  6.9170E-05  3.9291E-03
  3.6212E-17 -6.9183E-05  3.9328E-03
  5.4861E-17 -2.1020E-17  3.9381E-03
  7.6762E-17  6.9183E-05  3.9328E-03
 -5.7557E-05 -6.9170E-05  3.9291E-03
 -5.7613E-05 -5.6802E-18  3.9344E-03
 -5.7557E-05  6.9170E-05  3.9291E-03
  5.0018E-05 -6.0111E-05  4.1083E-03
  5.0068E-05 -4.5347E-17  4.1138E-03
  5.0018E-05  6.0111E-05  4.1083E-03
  4.1417E-17 -6.0122E-05  4.1121E-03
  5.9631E-17 -2.8310E-17  4.1177E-03
  8.0448E-17  6.0122E-05  4.1121E-03
 -5.0018E-05 -6.0111E-05  4.1083E-03
 -5.0068E-05 -1.2770E-17  4.1138E-03
 -5.0018E-05  6.0111E-05  4.1083E-03
  4.2167E-05 -5.0677E-05  4.2618E-03
  4.2210E-05 -4.4225E-17  4.2676E-03
  4.2167E-05  5.0677E-05  4.2618E-03
  3.9031E-17 -5.0686E-05  4.2658E-03
  5.4210E-17 -3.0634E-17  4.2716E-03
  7.1774E-17  5.0686E-05  4.2658E-03
 -4.2167E-05 -5.0677E-05  4.2618E-03
 -4.2210E-05 -1.5639E-17  4.2676E-03
 -4.2167E-05  5.0677E-05  4.2618E-03
  3.4055E-05 -4.0925E-05  4.3887E-03
  3.4090E-05 -3.9092E-17  4.3947E-03
  3.4055E-05  4.0925E-05  4.3887E-03
  2.4937E-17 -4.0933E-05  4.3928E-03
  4.0007E-17 -2.4166E-17  4.3988E-03
  5.8764E-17  4.0933E-05  4.3928E-03
 -3.4055E-05 -4.0925E-05  4.3887E-03
 -3.4090E-05 -1.1543E-17  4.3947E-03
 -3.4055E-05  4.0925E-05  4.3887E-03
  2.5739E-05 -3.0894E-05  4.4883E-03
  2.5757E-05 -2.7874E-17  4.4943E-03
  2.5739E-05  3.0894E-05  4.4883E-03
  2.6021E-18 -3.0917E-05  4.4925E-03
  1.7456E-17 -1.3490E-17  4.4986E-03
  3.4423E-17  3.0917E-05  4.4925E-03
 -2.5739E-05 -3.0894E-05  4.4883E-03
 -2.5757E-05 -1.3593E-18  4.4943E-03
 -2.5739E-05  3.0894E-05  4.4883E-03
  1.7267E-05 -2.0644E-05  4.5599E-03
  1.7162E-05 -1.3602E-17  4.5659E-03
  1.7267E-05  2.0644E-05  4.5599E-03
 -2.7105E-17 -2.0621E-05  4.5642E-03
 -1.3553E-17 -8.0510E-19  4.5702E-03
  3.2526E-18  2.0621E-05  4.5642E-03
 -1.7267E-05 -2.0644E-05  4.5599E-03
 -1.7162E-05  1.0612E-17  4.5659E-03
 -1.7267E-05  2.0644E-05  4.5599E-03
  8.4458E-06 -1.0306E-05  4.6037E-03
  8.2603E-06  3.4330E-18  4.6089E-03
  8.4458E-06  1.0306E-05  4.6037E-03
 -6.1366E-17 -1.0227E-05  4.6073E-03
 -4.7488E-17  1.5845E-17  4.6125E-03
 -3.2743E-17  1.0227E-05  4.6073E-03
 -8.4458E-06 -1.0306E-05  4.6037E-03
 -8.2603E-06  2.6589E-17  4.6089E-03
 -8.4458E-06  1.0306E-05  4.6037E-03
  2.9948E-06 -3.6109E-06  4.6201E-03
  2.8433E-06  2.3258E-17  4.6244E-03
  2.9948E-06  3.6109E-06  4.6201E-03
 -9.6711E-17 -3.5402E-06  4.6230E-03
 -8.3267E-17  3.4532E-17  4.6273E-03
 -6.7654E-17  3.5402E-06  4.6230E-03
 -2.9948E-06 -3.6109E-06  4.6201E-03
 -2.8433E-06  4.6753E-17  4.6244E-03
 -2.9948E-06  3.6109E-06  4.6201E-03
   1.4154E-02
  0.0000E+00  0.0000E+00  0.0000E+00
  0.0000E+00  0.0000E+00  0.0000E+00
  0.0000E+00  0.0000E+00  0.0000E+00
  0.0000E+00  0.0000E+00  0.0000E+00
  0.0000E+00  0.0000E+00  0.0000E+00
  0.0000E+00  0.0000E+00  0.0000E+00
  0.0000E+00  0.0000E+00  0.0000E+00
  0.0000E+00  0.0000E+00  0.0000E+00
  0.0000E+00  0.0000E+00  0.0000E+00
 -6.4342E-04  1.7644E-04 -5.9996E-04
 -7.2651E-04  8.9616E-19 -5.9515E-04
 -6.4342E-04 -1.7644E-04 -5.9996E-04
 -5.3917E-04 -1.4044E-18 -1.3595E-18
 -6.1939E-04 -2.8037E-18 -3.4527E-18
 -5.3917E-04 -4.9602E-18 -6.5476E-18
 -6.4342E-04 -1.7644E-04  5.9996E-04
 -7.2651E-04 -5.5786E-18  5.9515E-04
 -6.4342E-04  1.7644E-04  5.9996E-04
 -1.7147E-03  6.9583E-05 -9.3495E-04
 -1.7576E-03 -6.9118E-19 -9.6385E-04
 -1.7147E-03 -6.9583E-05 -9.3495E-04
 -1.6943E-03 -5.4413E-18 -4.0048E-18
 -1.7334E-03 -6.9423E-18 -8.0288E-18
 -1.6943E-03 -8.6262E-18 -1.2312E-17
 -1.7147E-03 -6.9583E-05  9.3495E-04
 -1.7576E-03 -1.3502E-17  9.6385E-04
 -1.7147E-03  6.9583E-05  9.3495E-04
 -2.9785E-03 -3.5946E-05 -9.6961E-04
 -2.9583E-03 -2.5343E-18 -9.9654E-04
 -2.9785E-03  3.5946E-05 -9.6961E-04
 -2.9931E-03 -1.1337E-17 -7.9401E-18
 -2.9746E-03 -1.2563E-17 -1.2734E-17
 -2.9931E-03 -1.3431E-17 -1.6141E-17
 -2.9785E-03  3.5946E-05  9.6961E-04
 -2.9583E-03 -2.2863E-17  9.9654E-04
 -2.9785E-03 -3.5946E-05  9.6961E-04
 -4.0802E-03 -1.1933E-04 -7.4375E-04
 -4.0108E-03 -1.5111E-18 -7.6319E-04
 -4.0802E-03  1.1933E-04 -7.4375E-04
 -4.1310E-03 -1.4488E-17 -1.3085E-17
 -4.0630E-03 -1.5890E-17 -1.6249E-17
 -4.1310E-03 -1.8079E-17 -2.0286E-17
 -4.0802E-03  1.1933E-04  7.4375E-04
 -4.0108E-03 -3.0968E-17  7.6319E-04
 -4.0802E-03 -1.1933E-04  7.4375E-04
 -4.7746E-03 -1.7373E-04 -3.2431E-04
 -4.6728E-03 -3.6524E-18 -3.3489E-04
 -4.7746E-03  1.7373E-04 -3.2431E-04
 -4.8479E-03 -1.6629E-17 -1.8423E-17
 -4.7478E-03 -1.9360E-17 -2.1377E-17
 -4.8479E-03 -1.9448E-17 -2.3617E-17
 -4.7746E-03  1.7373E-04  3.2431E-04
 -4.6728E-03 -3.4688E-17  3.3489E-04
 -4.7746E-03 -1.7373E-04  3.2431E-04
 -4.8977E-03 -1.9430E-04  1.9989E-04
 -4.7837E-03 -5.9021E-18  1.9897E-04
 -4.8977E-03  1.9430E-04  1.9989E-04
 -4.9795E-03 -1.8282E-17 -2.5974E-17
 -4.8672E-03 -2.0857E-17 -2.5830E-17
 -4.9795E-03 -2.2301E-17 -2.6240E-17
 -4.8977E-03  1.9430E-04 -1.9989E-04
 -4.7837E-03 -3.4383E-17 -1.9897E-04
 -4.8977E-03 -1.9430E-04 -1.9989E-04
 -4.3908E-03 -1.8020E-04  7.3236E-04
 -4.2849E-03 -7.1693E-18  7.4071E-04
 -4.3908E-03  1.8020E-04  7.3236E-04
 -4.4666E-03 -1.6446E-17 -3.0837E-17
 -4.3623E-03 -2.0939E-17 -3.0434E-17
 -4.4666E-03 -2.2890E-17 -2.8559E-17
 -4.3908E-03  1.8020E-04 -7.3236E-04
 -4.2849E-03 -3.1442E-17 -7.4071E-04
 -4.3908E-03 -1.8020E-04 -7.3236E-04
 -3.3025E-03 -1.3504E-04  1.1804E-03
 -3.2232E-03 -1.0883E-17  1.1964E-03
 -3.3025E-03  1.3504E-04  1.1804E-03
 -3.3593E-03 -1.4440E-17 -3.6500E-17
 -3.2812E-03 -1.3959E-17 -3.4793E-17
 -3.3593E-03 -1.7042E-17 -2.9877E-17
 -3.3025E-03  1.3504E-04 -1.1804E-03
 -3.2232E-03 -2.1488E-17 -1.1964E-03
 -3.3025E-03 -1.3504E-04 -1.1804E-03
 -1.7783E-03 -6.6512E-05  1.4671E-03
 -1.7394E-03 -8.8362E-18  1.4882E-03
 -1.7783E-03  6.6512E-05  1.4671E-03
 -1.8064E-03 -8.3619E-18 -4.2582E-17
 -1.7680E-03 -9.9509E-18 -3.9010E-17
 -1.8064E-03 -1.2499E-17 -3.2225E-17
 -1.7783E-03  6.6512E-05 -1.4671E-03
 -1.7394E-03 -9.3479E-18 -1.4882E-03
 -1.7783E-03 -6.6512E-05 -1.4671E-03
 -3.6474E-05  1.4613E-05  1.5418E-03
 -4.5287E-05 -8.5310E-18  1.5647E-03
 -3.6474E-05 -1.4613E-05  1.5418E-03
 -3.0462E-05 -6.9676E-18 -4.7427E-17
 -3.9291E-05 -7.7449E-18 -4.1759E-17
 -3.0462E-05 -8.3208E-18 -3.4583E-17
 -3.6474E-05 -1.4613E-05 -1.5418E-03
 -4.5287E-05 -8.8674E-19 -1.5647E-03
 -3.6474E-05  1.4613E-05 -1.5418E-03
  1.6660E-03  9.6037E-05  1.3864E-03
  1.6092E-03 -1.0730E-17  1.4077E-03
  1.6660E-03 -9.6037E-05  1.3864E-03
  1.7062E-03 -2.5547E-18 -5.0436E-17
  1.6500E-03  2.8020E-18 -4.5653E-17
  1.7062E-03 -1.7923E-18 -3.9357E-17
  1.6660E-03 -9.6037E-05 -1.3864E-03
  1.6092E-03  1.0815E-17 -1.4077E-03
  1.6660E-03  9.6037E-05 -1.3864E-03
  3.0720E-03  1.6575E-04  1.0172E-03
  2.9741E-03 -1.2462E-17  1.0338E-03
  3.0720E-03 -1.6575E-04  1.0172E-03
  3.1414E-03  7.9689E-18 -5.1938E-17
  3.0446E-03  5.6988E-18 -4.7634E-17
  3.1414E-03  4.0658E-19 -4.3100E-17
  3.0720E-03 -1.6575E-04 -1.0172E-03
  2.9741E-03  2.2904E-17 -1.0338E-03
  3.0720E-03  1.6575E-04 -1.0172E-03
  3.9625E-03  2.1382E-04  4.8162E-04
  3.8361E-03 -1.0537E-17  4.9125E-04
  3.9625E-03 -2.1382E-04  4.8162E-04
  4.0520E-03  8.7549E-18 -5.2264E-17
  3.9271E-03  3.2729E-18 -4.9854E-17
  4.0520E-03  9.9204E-18 -4.9800E-17
  3.9625E-03 -2.1382E-04 -4.8162E-04
  3.8361E-03  2.9639E-17 -4.9125E-04
  3.9625E-03  2.1382E-04 -4.8162E-04
  4.1878E-03  2.3400E-04 -1.4999E-04
  4.0494E-03 -1.7578E-17 -1.4845E-04
  4.1878E-03 -2.3400E-04 -1.4999E-04
  4.2857E-03  9.4732E-18 -5.1005E-17
  4.1489E-03  6.5526E-18 -5.1845E-17
  4.2857E-03  7.2913E-18 -5.4197E-17
  4.1878E-03 -2.3400E-04  1.4999E-04
  4.0494E-03  3.2946E-17  1.4845E-04
  4.1878E-03  2.3400E-04  1.4999E-04
  3.6882E-03  2.2471E-04 -7.9614E-04
  3.5551E-03 -1.9841E-17 -8.0241E-04
  3.6882E-03 -2.2471E-04 -7.9614E-04
  3.7821E-03  1.0463E-17 -5.1373E-17
  3.6504E-03  1.1127E-17 -5.5578E-17
  3.7821E-03  1.2875E-19 -5.7602E-17
  3.6882E-03 -2.2471E-04  7.9614E-04
  3.5551E-03  3.3549E-17  8.0241E-04
  3.6882E-03  2.2471E-04  7.9614E-04
  2.4990E-03  1.8951E-04 -1.3780E-03
  2.3865E-03 -2.2365E-17 -1.3904E-03
  2.4990E-03 -1.8951E-04 -1.3780E-03
  2.5781E-03  7.2404E-18 -5.1774E-17
  2.4664E-03  2.5851E-18 -5.7998E-17
  2.5781E-03  2.9680E-18 -6.1173E-17
  2.4990E-03 -1.8951E-04  1.3780E-03
  2.3865E-03  3.5294E-17  1.3904E-03
  2.4990E-03  1.8951E-04  1.3780E-03
  7.4047E-04  1.3686E-04 -1.8337E-03
  6.5856E-04 -3.0954E-17 -1.8492E-03
  7.4047E-04 -1.3686E-04 -1.8337E-03
  7.9716E-04 -5.7615E-18 -5.4417E-17
  7.1548E-04 -1.1504E-17 -5.7571E-17
  7.9716E-04 -6.0233E-18 -6.3504E-17
  7.4047E-04 -1.3686E-04  1.8337E-03
  6.5856E-04  2.6383E-17  1.8492E-03
  7.4047E-04  1.3686E-04  1.8337E-03
 -1.4083E-03  7.9267E-05 -2.1306E-03
 -1.4568E-03 -3.6322E-17 -2.1453E-03
 -1.4083E-03 -7.9267E-05 -2.1306E-03
 -1.3760E-03 -7.1049E-18 -5.2872E-17
 -1.4251E-03 -7.8672E-18 -5.9024E-17
 -1.3760E-03 -6.1291E-18 -6.5804E-17
 -1.4083E-03 -7.9267E-05  2.1306E-03
 -1.4568E-03  1.9299E-17  2.1453E-03
 -1.4083E-03  7.9267E-05  2.1306E-03
 -3.7464E-03  3.2554E-05 -2.2746E-03
 -3.7679E-03 -3.7852E-17 -2.2849E-03
 -3.7464E-03 -3.2554E-05 -2.2746E-03
 -3.7351E-03 -8.7414E-18 -5.3516E-17
 -3.7573E-03 -1.3187E-17 -5.8470E-17
 -3.7351E-03 -1.4237E-17 -6.9474E-17
 -3.7464E-03 -3.2554E-05  2.2746E-03
 -3.7679E-03  1.5247E-17  2.2849E-03
 -3.7464E-03  3.2554E-05  2.2746E-03
 -6.0981E-03  1.1803E-05 -2.3145E-03
 -6.1104E-03 -5.2936E-17 -2.3218E-03
 -6.0981E-03 -1.1803E-05 -2.3145E-03
 -6.0954E-03 -1.2563E-17 -5.5965E-17
 -6.1081E-03 -2.1684E-17 -6.1547E-17
 -6.0954E-03 -2.0586E-17 -6.5371E-17
 -6.0981E-03 -1.1803E-05  2.3145E-03
 -6.1104E-03  1.6805E-18  2.3218E-03
 -6.0981E-03  1.1803E-05  2.3145E-03
   1.6068E-02
  0.0000E+00  0.0000E+00  0.0000E+00
  0.0000E+00  0.0000E+00  0.0000E+00
  0.0000E+00  0.0000E+00  0.0000E+00
  0.0000E+00  0.0000E+00  0.0000E+00
  0.0000E+00  0.0000E+00  0.0000E+00
  0.0000E+00  0.0000E+00  0.0000E+00
  0.0000E+00  0.0000E+00  0.0000E+00
  0.0000E+00  0.0000E+00  0.0000E+00
  0.0000E+00  0.0000E+00  0.0000E+00
  1.8862E-04 -7.3504E-04  6.5678E-04
  3.2546E-18 -6.0874E-04  4.1833E-18
 -1.8862E-04 -7.3504E-04 -6.5678E-04
  5.3671E-19 -8.0108E-04  6.4929E-04
  1.9407E-18 -6.7090E-04  2.7509E-18
  1.8830E-18 -8.0108E-04 -6.4929E-04
 -1.8862E-04 -7.3504E-04  6.5678E-04
  7.9636E-19 -6.0874E-04  1.1984E-18
  1.8862E-04 -7.3504E-04 -6.5678E-04
  6.5624E-05 -1.8188E-03  1.0162E-03
  5.6057E-18 -1.7928E-03  8.8510E-18
 -6.5624E-05 -1.8188E-03 -1.0162E-03
  3.8895E-18 -1.8489E-03  1.0544E-03
  4.5147E-18 -1.8181E-03  6.2003E-18
  6.0061E-18 -1.8489E-03 -1.0544E-03
 -6.5624E-05 -1.8188E-03  1.0162E-03
  3.3234E-18 -1.7928E-03  3.1851E-18
  6.5624E-05 -1.8188E-03 -1.0162E-03
 -4.0870E-05 -3.0559E-03  1.0442E-03
  8.8468E-18 -3.0769E-03  1.2349E-17
  4.0870E-05 -3.0559E-03 -1.0442E-03
  6.6409E-18 -3.0391E-03  1.0776E-03
  8.1873E-18 -3.0626E-03  9.4190E-18
  9.0781E-18 -3.0391E-03 -1.0776E-03
  4.0870E-05 -3.0559E-03  1.0442E-03
  7.6526E-18 -3.0769E-03  5.7941E-18
 -4.0870E-05 -3.0559E-03 -1.0442E-03
 -1.2261E-04 -4.1113E-03  7.8205E-04
  1.2791E-17 -4.1785E-03  1.4936E-17
  1.2261E-04 -4.1113E-03 -7.8205E-04
  1.0952E-17 -4.0609E-03  8.0564E-04
  1.1981E-17 -4.1299E-03  1.1736E-17
  1.2800E-17 -4.0609E-03 -8.0564E-04
  1.2261E-04 -4.1113E-03  7.8205E-04
  1.0713E-17 -4.1785E-03  1.0256E-17
 -1.2261E-04 -4.1113E-03 -7.8205E-04
 -1.7513E-04 -4.7552E-03  3.0728E-04
  1.2627E-17 -4.8510E-03  1.4875E-17
  1.7513E-04 -4.7552E-03 -3.0728E-04
  1.3791E-17 -4.6829E-03  3.1982E-04
  1.2537E-17 -4.7810E-03  1.5224E-17
  1.4620E-17 -4.6829E-03 -3.1982E-04
  1.7513E-04 -4.7552E-03  3.0728E-04
  1.0716E-17 -4.8510E-03  1.4619E-17
 -1.7513E-04 -4.7552E-03 -3.0728E-04
 -1.9387E-04 -4.8355E-03 -2.7978E-04
  1.2908E-17 -4.9416E-03  1.7022E-17
  1.9387E-04 -4.8355E-03  2.7978E-04
  9.3842E-18 -4.7555E-03 -2.7923E-04
  1.2109E-17 -4.8638E-03  1.6796E-17
  1.6990E-17 -4.7555E-03  2.7923E-04
  1.9387E-04 -4.8355E-03 -2.7978E-04
  1.1100E-17 -4.9416E-03  1.8698E-17
 -1.9387E-04 -4.8355E-03  2.7978E-04
 -1.7813E-04 -4.3019E-03 -8.7108E-04
  1.1188E-17 -4.3995E-03  1.7094E-17
  1.7813E-04 -4.3019E-03  8.7108E-04
  7.6170E-18 -4.2284E-03 -8.8198E-04
  1.0392E-17 -4.3279E-03  2.0532E-17
  1.3122E-17 -4.2284E-03  8.8198E-04
  1.7813E-04 -4.3019E-03 -8.7108E-04
  9.1272E-18 -4.3995E-03  2.3043E-17
 -1.7813E-04 -4.3019E-03  8.7108E-04
 -1.3171E-04 -3.2075E-03 -1.3635E-03
  6.8964E-18 -3.2796E-03  1.7903E-17
  1.3171E-04 -3.2075E-03  1.3635E-03
  1.9653E-18 -3.1531E-03 -1.3838E-03
  6.2565E-18 -3.2267E-03  2.3173E-17
  1.1427E-17 -3.1531E-03  1.3838E-03
  1.3171E-04 -3.2075E-03 -1.3635E-03
  6.5502E-18 -3.2796E-03  2.7425E-17
 -1.3171E-04 -3.2075E-03  1.3635E-03
 -6.2421E-05 -1.6978E-03 -1.6722E-03
  1.7797E-18 -1.7320E-03  1.9708E-17
  6.2421E-05 -1.6978E-03  1.6722E-03
 -1.2564E-18 -1.6721E-03 -1.6987E-03
  1.8771E-18 -1.7070E-03  2.4940E-17
  4.8966E-18 -1.6721E-03  1.6987E-03
  6.2421E-05 -1.6978E-03 -1.6722E-03
  1.1340E-18 -1.7320E-03  2.9469E-17
 -6.2421E-05 -1.6978E-03  1.6722E-03
  1.8959E-05  1.2809E-05 -1.7419E-03
 -4.1684E-18  2.3193E-05  2.2833E-17
 -1.8959E-05  1.2809E-05  1.7419E-03
 -5.9318E-18  4.8977E-06 -1.7704E-03
 -4.8578E-18  1.5288E-05  2.7529E-17
 -3.2937E-18  4.8977E-06  1.7704E-03
 -1.8959E-05  1.2809E-05 -1.7419E-03
 -4.9737E-18  2.3193E-05  3.3188E-17
  1.8959E-05  1.2809E-05  1.7419E-03
  1.0019E-04  1.6739E-03 -1.5537E-03
 -1.1367E-17  1.7288E-03  2.5135E-17
 -1.0019E-04  1.6739E-03  1.5537E-03
 -1.1331E-17  1.6324E-03 -1.5801E-03
 -1.0343E-17  1.6880E-03  2.9003E-17
 -9.3836E-18  1.6324E-03  1.5801E-03
 -1.0019E-04  1.6739E-03 -1.5537E-03
 -1.0910E-17  1.7288E-03  3.3702E-17
  1.0019E-04  1.6739E-03  1.5537E-03
  1.6940E-04  3.0366E-03 -1.1271E-03
 -1.4308E-17  3.1294E-03  2.6747E-17
 -1.6940E-04  3.0366E-03  1.1271E-03
 -1.4842E-17  2.9665E-03 -1.1476E-03
 -1.4922E-17  3.0606E-03  3.0344E-17
 -1.5895E-17  2.9665E-03  1.1476E-03
 -1.6940E-04  3.0366E-03 -1.1271E-03
 -1.5015E-17  3.1294E-03  3.5377E-17
  1.6940E-04  3.0366E-03  1.1271E-03
  2.1681E-04  3.8902E-03 -5.1575E-04
 -1.7658E-17  4.0089E-03  3.1959E-17
 -2.1681E-04  3.8902E-03  5.1575E-04
 -1.7017E-17  3.8004E-03 -5.2751E-04
 -1.8469E-17  3.9209E-03  3.1570E-17
 -2.2164E-17  3.8004E-03  5.2751E-04
 -2.1681E-04  3.8902E-03 -5.1575E-04
 -1.9486E-17  4.0089E-03  3.5909E-17
  2.1681E-04  3.8902E-03  5.1575E-04
  2.3632E-04  4.0919E-03  2.0140E-04
 -1.8581E-17  4.2213E-03  3.5140E-17
 -2.3632E-04  4.0919E-03 -2.0140E-04
 -1.5572E-17  3.9941E-03  1.9969E-04
 -1.9584E-17  4.1253E-03  3.4488E-17
 -2.4790E-17  3.9941E-03 -1.9969E-04
 -2.3632E-04  4.0919E-03  2.0140E-04
 -1.8835E-17  4.2213E-03  3.2271E-17
  2.3632E-04  4.0919E-03 -2.0140E-04
  2.2644E-04  3.5866E-03  9.3331E-04
 -1.7172E-17  3.7106E-03  3.8442E-17
 -2.2644E-04  3.5866E-03 -9.3331E-04
 -1.0385E-17  3.4928E-03  9.4129E-04
 -1.7845E-17  3.6184E-03  3.5840E-17
 -2.6282E-17  3.4928E-03 -9.4129E-04
 -2.2644E-04  3.5866E-03  9.3331E-04
 -1.7633E-17  3.7106E-03  3.3939E-17
  2.2644E-04  3.5866E-03 -9.3331E-04
  1.9075E-04  2.4114E-03  1.5922E-03
 -1.2450E-17  2.5159E-03  3.9702E-17
 -1.9075E-04  2.4114E-03 -1.5922E-03
 -3.7514E-18  2.3323E-03  1.6078E-03
 -1.3324E-17  2.4378E-03  3.5889E-17
 -2.5085E-17  2.3323E-03 -1.6078E-03
 -1.9075E-04  2.4114E-03  1.5922E-03
 -1.4592E-17  2.5159E-03  3.0170E-17
  1.9075E-04  2.4114E-03 -1.5922E-03
  1.3759E-04  6.8600E-04  2.1093E-03
 -7.2120E-18  7.6135E-04  4.3675E-17
 -1.3759E-04  6.8600E-04 -2.1093E-03
  5.8500E-18  6.2870E-04  2.1288E-03
 -7.4440E-18  7.0436E-04  3.4915E-17
 -2.1623E-17  6.2870E-04 -2.1288E-03
 -1.3759E-04  6.8600E-04  2.1093E-03
 -7.1157E-18  7.6135E-04  2.9842E-17
  1.3759E-04  6.8600E-04 -2.1093E-03
  7.9210E-05 -1.4123E-03  2.4480E-03
  5.7038E-19 -1.3688E-03  4.3440E-17
 -7.9210E-05 -1.4123E-03 -2.4480E-03
  1.6759E-17 -1.4457E-03  2.4666E-03
  9.1555E-19 -1.4029E-03  3.5736E-17
 -1.4396E-17 -1.4457E-03 -2.4666E-03
 -7.9210E-05 -1.4123E-03  2.4480E-03
 -8.4018E-20 -1.3688E-03  2.9136E-17
  7.9210E-05 -1.4123E-03 -2.4480E-03
  3.1201E-05 -3.6836E-03  2.6145E-03
  9.6018E-18 -3.6676E-03  4.4300E-17
 -3.1201E-05 -3.6836E-03 -2.6145E-03
  2.8509E-17 -3.6972E-03  2.6273E-03
  8.5047E-18 -3.6822E-03  3.5822E-17
 -8.3033E-18 -3.6972E-03 -2.6273E-03
 -3.1201E-05 -3.6836E-03  2.6145E-03
  9.1878E-18 -3.6676E-03  2.8483E-17
  3.1201E-05 -3.6836E-03 -2.6145E-03
  8.7615E-06 -5.9501E-03  2.6614E-03
  1.6723E-17 -5.9454E-03  4.4147E-17
 -8.7615E-06 -5.9501E-03 -2.6614E-03
  3.7002E-17 -5.9569E-03  2.6702E-03
  1.6530E-17 -5.9528E-03  3.5300E-17
 -2.4411E-18 -5.9569E-03 -2.6702E-03
 -8.7615E-06 -5.9501E-03  2.6614E-03
  1.7944E-17 -5.9454E-03  2.8239E-17
  8.7615E-06 -5.9501E-03 -2.6614E-03
   2.3468E-02
  0.0000E+00  0.0000E+00  0.0000E+00
  0.0000E+00  0.0000E+00  0.0000E+00
  0.0000E+00  0.0000E+00  0.0000E+00
  0.0000E+00  0.0000E+00  0.0000E+00
  0.0000E+00  0.0000E+00  0.0000E+00
  0.0000E+00  0.0000E+00  0.0000E+00
  0.0000E+00  0.0000E+00  0.0000E+00
  0.0000E+00  0.0000E+00  0.0000E+00
  0.0000E+00  0.0000E+00  0.0000E+00
  1.4076E-03  1.1831E-03  1.8008E-04
 -5.9631E-19  1.2113E-03 -2.8460E-19
 -1.4076E-03  1.1831E-03 -1.8008E-04
  1.3816E-03  3.7799E-20  8.0214E-19
 -5.1500E-19 -1.9916E-19 -3.3480E-19
 -1.3816E-03 -4.4183E-19 -9.0325E-19
  1.4076E-03 -1.1831E-03 -1.8008E-04
 -1.0300E-18 -1.2113E-03 -5.4210E-19
 -1.4076E-03 -1.1831E-03  1.8008E-04
  2.7651E-03  2.3098E-03  2.2415E-04
  5.4210E-19  2.3078E-03  8.6736E-19
 -2.7651E-03  2.3098E-03 -2.2415E-04
  2.7673E-03 -2.1489E-18  1.8250E-18
 -4.8789E-19 -1.2115E-18 -8.4429E-19
 -2.7673E-03 -1.2663E-18 -1.7036E-18
  2.7651E-03 -2.3098E-03 -2.2415E-04
 -3.2526E-19 -2.3078E-03 -2.3581E-18
 -2.7651E-03 -2.3098E-03  2.2415E-04
  3.9800E-03  3.3111E-03  1.9868E-04
  1.7889E-18  3.3045E-03  3.3204E-18
 -3.9800E-03  3.3111E-03 -1.9868E-04
  3.9858E-03 -5.8428E-18  1.5883E-18
  1.6263E-18 -3.8955E-18 -8.5186E-19
 -3.9858E-03 -2.5170E-18 -2.2049E-18
  3.9800E-03 -3.3111E-03 -1.9868E-04
  2.2768E-18 -3.3045E-03 -4.1064E-18
 -3.9800E-03 -3.3111E-03  1.9868E-04
  4.9711E-03  4.1342E-03  1.5410E-04
  1.0192E-17  4.1253E-03  6.2951E-18
 -4.9711E-03  4.1342E-03 -1.5410E-04
  4.9791E-03 -6.1800E-18  1.7483E-18
  5.6379E-18 -6.9296E-18  1.4992E-19
 -4.9791E-03 -6.6530E-18 -2.5730E-18
  4.9711E-03 -4.1342E-03 -1.5410E-04
  7.0473E-18 -4.1253E-03 -5.8920E-18
 -4.9711E-03 -4.1342E-03  1.5410E-04
  5.6864E-03  4.7288E-03  1.0055E-04
  1.8269E-17  4.7188E-03  9.7578E-18
 -5.6864E-03  4.7288E-03 -1.0055E-04
  5.6954E-03 -7.9818E-18  1.2333E-18
  1.7239E-17 -7.9507E-18  4.8987E-19
 -5.6954E-03 -6.3206E-18 -7.3840E-19
  5.6864E-03 -4.7288E-03 -1.0055E-04
  1.5884E-17 -4.7188E-03 -8.7007E-18
 -5.6864E-03 -4.7288E-03  1.0055E-04
  6.0865E-03  5.0616E-03  4.1721E-05
  2.9111E-17  5.0509E-03  8.7820E-18
 -6.0865E-03  5.0616E-03 -4.1721E-05
  6.0961E-03 -8.5224E-18 -4.7413E-19
  2.7756E-17 -7.9672E-18  1.2112E-18
 -6.0961E-03 -7.5716E-18  2.9371E-18
  6.0865E-03 -5.0616E-03 -4.1721E-05
  2.7539E-17 -5.0509E-03 -6.9118E-18
 -6.0865E-03 -5.0616E-03  4.1721E-05
  6.1495E-03  5.1140E-03 -1.9333E-05
  3.6790E-17  5.1032E-03  7.4539E-18
 -6.1495E-03  5.1140E-03  1.9333E-05
  6.1592E-03 -4.7377E-18 -8.9489E-19
  3.7434E-17 -7.1086E-18  1.1027E-18
 -6.1592E-03 -7.0188E-18  6.3144E-18
  6.1495E-03 -5.1140E-03  1.9333E-05
  3.5110E-17 -5.1032E-03 -2.9273E-18
 -6.1495E-03 -5.1140E-03 -1.9333E-05
  5.8719E-03  4.8831E-03 -7.9301E-05
  3.7947E-17  4.8728E-03  1.0029E-18
 -5.8719E-03  4.8831E-03  7.9301E-05
  5.8811E-03 -6.9203E-19 -1.6737E-18
  3.7676E-17  1.6454E-19  2.4412E-18
 -5.8811E-03 -1.4971E-19  7.7907E-18
  5.8719E-03 -4.8831E-03  7.9301E-05
  3.5345E-17 -4.8728E-03  4.0387E-18
 -5.8719E-03 -4.8831E-03 -7.9301E-05
  5.2689E-03  4.3817E-03 -1.3488E-04
  3.2092E-17  4.3724E-03 -3.4288E-18
 -5.2689E-03  4.3817E-03  1.3488E-04
  5.2772E-03  4.5297E-18 -4.6904E-20
  3.0791E-17  5.2859E-18  4.2081E-18
 -5.2772E-03  4.0247E-18  7.6659E-18
  5.2689E-03 -4.3817E-03  1.3488E-04
  3.0358E-17 -4.3724E-03  1.0761E-17
 -5.2689E-03 -4.3817E-03 -1.3488E-04
  4.3742E-03  3.6376E-03 -1.8298E-04
  2.0437E-17  3.6299E-03 -5.4193E-18
 -4.3742E-03  3.6376E-03  1.8298E-04
  4.3811E-03  6.7428E-18  2.6859E-19
  2.0058E-17  8.3285E-18  5.1025E-18
 -4.3811E-03  8.4165E-18  7.2836E-18
  4.3742E-03 -3.6376E-03  1.8298E-04
  1.9678E-17 -3.6299E-03  1.2699E-17
 -4.3742E-03 -3.6376E-03 -1.8298E-04
  3.2371E-03  2.6920E-03 -2.2095E-04
  9.8120E-18  2.6863E-03 -5.2719E-18
 -3.2371E-03  2.6920E-03  2.2095E-04
  3.2422E-03  7.8315E-18  3.3341E-18
  9.6494E-18  1.3992E-17  4.6108E-18
 -3.2422E-03  1.0364E-17  6.2915E-18
  3.2371E-03 -2.6920E-03  2.2095E-04
  9.4326E-18 -2.6863E-03  1.4379E-17
 -3.2371E-03 -2.6920E-03 -2.2095E-04
  1.9207E-03  1.5973E-03 -2.4668E-04
 -1.1384E-18  1.5939E-03 -3.0358E-18
 -1.9207E-03  1.5973E-03  2.4668E-04
  1.9237E-03  1.2824E-17  6.0922E-18
 -1.9516E-18  1.0515E-17  5.4320E-18
 -1.9237E-03  7.1288E-18  2.1450E-18
  1.9207E-03 -1.5973E-03  2.4668E-04
  1.3553E-19 -1.5939E-03  1.3661E-17
 -1.9207E-03 -1.5973E-03 -2.4668E-04
  4.9791E-04  4.1407E-04 -2.5875E-04
 -9.0057E-18  4.1320E-04 -1.3010E-18
 -4.9791E-04  4.1407E-04  2.5875E-04
  4.9870E-04  7.3655E-18  8.2404E-18
 -1.0070E-17  2.6577E-18  6.4934E-18
 -4.9870E-04  8.9012E-18 -2.1049E-19
  4.9791E-04 -4.1407E-04  2.5875E-04
 -6.6611E-18 -4.1320E-04  1.0788E-17
 -4.9791E-04 -4.1407E-04 -2.5875E-04
 -9.5245E-04 -7.9207E-04 -2.5647E-04
 -1.3878E-17 -7.9039E-04  2.1684E-19
  9.5245E-04 -7.9207E-04  2.5647E-04
 -9.5396E-04  1.0804E-18  1.0335E-17
 -1.3824E-17 -5.6349E-19  4.2821E-18
  9.5396E-04  1.0044E-18 -8.0775E-19
 -9.5245E-04  7.9207E-04  2.5647E-04
 -1.4203E-17  7.9039E-04  9.2699E-18
  9.5245E-04  7.9207E-04 -2.5647E-04
 -2.3501E-03 -1.9543E-03 -2.3997E-04
 -1.6697E-17 -1.9502E-03  4.0115E-18
  2.3501E-03 -1.9543E-03  2.3997E-04
 -2.3538E-03 -7.6868E-19  7.5406E-18
 -1.7022E-17  1.1376E-18  4.7496E-18
  2.3538E-03 -6.3053E-18  5.2791E-19
 -2.3501E-03  1.9543E-03  2.3997E-04
 -1.6155E-17  1.9502E-03  5.8005E-18
  2.3501E-03  1.9543E-03 -2.3997E-04
 -3.6174E-03 -3.0084E-03 -2.1012E-04
 -1.6534E-17 -3.0020E-03  5.4346E-18
  3.6174E-03 -3.0084E-03  2.1012E-04
 -3.6232E-03 -1.5039E-18  6.1249E-18
 -1.7130E-17 -5.1176E-18  4.5998E-18
  3.6232E-03 -4.6172E-18  2.8509E-18
 -3.6174E-03  3.0084E-03  2.1012E-04
 -1.6968E-17  3.0020E-03  4.9331E-18
  3.6174E-03  3.0084E-03 -2.1012E-04
 -4.6843E-03 -3.8960E-03 -1.6888E-04
 -1.5884E-17 -3.8879E-03  5.5294E-18
  4.6843E-03 -3.8960E-03  1.6888E-04
 -4.6915E-03 -9.5924E-18  6.0519E-18
 -1.6046E-17 -1.4331E-17  6.1861E-18
  4.6915E-03 -8.7638E-18  4.3212E-18
 -4.6843E-03  3.8960E-03  1.6888E-04
 -1.5396E-17  3.8879E-03  3.6863E-18
  4.6843E-03  3.8960E-03 -1.6888E-04
 -5.4912E-03 -4.5689E-03 -1.2134E-04
 -1.4637E-17 -4.5607E-03  8.0231E-18
  5.4912E-03 -4.5689E-03  1.2134E-04
 -5.4986E-03 -8.6985E-18  8.1635E-18
 -1.5660E-17 -7.3351E-18  5.4946E-18
  5.4986E-03 -6.5192E-18  1.5560E-18
 -5.4912E-03  4.5689E-03  1.2134E-04
 -1.3976E-17  4.5607E-03  3.2526E-18
  5.4912E-03  4.5689E-03 -1.2134E-04
 -5.9960E-03 -4.9904E-03 -8.1715E-05
 -9.1615E-18 -4.9855E-03  7.9147E-18
  5.9960E-03 -4.9904E-03  8.1715E-05
 -6.0003E-03 -7.8878E-18  8.7335E-18
 -1.0679E-17 -1.1374E-17  6.4217E-18
  6.0003E-03 -1.3127E-17  9.7790E-19
 -5.9960E-03  4.9904E-03  8.1715E-05
 -1.1167E-17  4.9855E-03  2.8189E-18
  5.9960E-03  4.9904E-03 -8.1715E-05
 -6.1936E-03 -5.1167E-03 -6.5469E-05
 -6.5052E-18 -5.1145E-03  7.3184E-18
  6.1936E-03 -5.1167E-03  6.5469E-05
 -6.1954E-03 -9.3936E-18  8.4860E-18
 -8.2399E-18 -2.0098E-17  3.6407E-18
  6.1954E-03 -1.5972E-17  3.5635E-18
 -6.1936E-03  5.1167E-03  6.5469E-05
 -7.8063E-18  5.1145E-03  3.4152E-18
  6.1936E-03  5.1167E-03 -6.5469E-05
   2.6061E-02
  0.0000E+00  0.0000E+00  0.0000E+00
  0.0000E+00  0.0000E+00  0.0000E+00
  0.0000E+00  0.0000E+00  0.0000E+00
  0.0000E+00  0.0000E+00  0.0000E+00
  0.0000E+00  0.0000E+00  0.0000E+00
  0.0000E+00  0.0000E+00  0.0000E+00
  0.0000E+00  0.0000E+00  0.0000E+00
  0.0000E+00  0.0000E+00  0.0000E+00
  0.0000E+00  0.0000E+00  0.0000E+00
 -1.2813E-03  2.1154E-04 -8.7542E-04
 -1.3713E-03 -1.2536E-18 -8.8656E-04
 -1.2813E-03 -2.1154E-04 -8.7542E-04
 -1.1449E-03 -1.5094E-18  1.6475E-18
 -1.2279E-03 -1.0978E-18  1.1977E-18
 -1.1449E-03 -3.8455E-19  4.8281E-20
 -1.2813E-03 -2.1154E-04  8.7542E-04
 -1.3713E-03 -7.4031E-19  8.8656E-04
 -1.2813E-03  2.1154E-04  8.7542E-04
 -2.9753E-03 -3.8052E-05 -1.0852E-03
 -2.9579E-03 -3.2967E-18 -1.1464E-03
 -2.9753E-03  3.8052E-05 -1.0852E-03
 -3.0071E-03 -2.6427E-18  1.6178E-18
 -2.9861E-03 -3.8692E-18  2.7614E-18
 -3.0071E-03 -3.5914E-18  1.0808E-18
 -2.9753E-03  3.8052E-05  1.0852E-03
 -2.9579E-03 -1.0131E-18  1.1464E-03
 -2.9753E-03 -3.8052E-05  1.0852E-03
 -4.4277E-03 -2.3452E-04 -6.6212E-04
 -4.2939E-03  1.8228E-18 -7.0307E-04
 -4.4277E-03  2.3452E-04 -6.6212E-04
 -4.5267E-03  1.2604E-18  4.0573E-18
 -4.3992E-03 -2.7444E-18  3.3580E-18
 -4.5267E-03 -5.4820E-18  1.2714E-18
 -4.4277E-03  2.3452E-04  6.6212E-04
 -4.2939E-03 -4.9873E-18  7.0307E-04
 -4.4277E-03 -2.3452E-04  6.6212E-04
 -4.9456E-03 -3.2486E-04  1.5859E-04
 -4.7588E-03 -8.5787E-18  1.4950E-04
 -4.9456E-03  3.2486E-04  1.5859E-04
 -5.0845E-03 -4.8654E-18  2.3620E-18
 -4.9032E-03 -5.5701E-18  3.8779E-18
 -5.0845E-03 -3.4898E-18  4.4385E-18
 -4.9456E-03  3.2486E-04 -1.5859E-04
 -4.7588E-03 -6.8644E-18 -1.4950E-04
 -4.9456E-03 -3.2486E-04 -1.5859E-04
 -4.2601E-03 -2.9887E-04  1.0673E-03
 -4.0875E-03 -1.8296E-18  1.0887E-03
 -4.2601E-03  2.9887E-04  1.0673E-03
 -4.3872E-03 -5.0077E-18  1.5823E-18
 -4.2196E-03 -4.3368E-18  3.9832E-18
 -4.3872E-03 -6.8305E-18  6.4900E-18
 -4.2601E-03  2.9887E-04 -1.0673E-03
 -4.0875E-03 -9.1005E-18 -1.0887E-03
 -4.2601E-03 -2.9887E-04 -1.0673E-03
 -2.4852E-03 -1.7283E-04  1.7532E-03
 -2.3854E-03  3.8116E-18  1.7970E-03
 -2.4852E-03  1.7283E-04  1.7532E-03
 -2.5588E-03  6.2714E-18  3.1205E-18
 -2.4619E-03  2.8969E-18  5.8466E-18
 -2.5588E-03  9.4868E-20  3.9607E-18
 -2.4852E-03  1.7283E-04 -1.7532E-03
 -2.3854E-03 -2.4090E-18 -1.7970E-03
 -2.4852E-03 -1.7283E-04 -1.7532E-03
 -7.8978E-05  1.1585E-05  1.9892E-03
 -8.6150E-05 -3.5614E-18  2.0415E-03
 -7.8978E-05 -1.1585E-05  1.9892E-03
 -7.4341E-05 -2.3744E-18  5.3532E-19
 -8.1618E-05  1.0751E-17  5.9083E-18
 -7.4341E-05  1.0613E-17  5.6074E-18
 -7.8978E-05 -1.1585E-05 -1.9892E-03
 -8.6150E-05  8.4135E-18 -2.0415E-03
 -7.8978E-05  1.1585E-05 -1.9892E-03
  2.3014E-03  1.9800E-04  1.6890E-03
  2.1860E-03 -1.2536E-19  1.7340E-03
  2.3014E-03 -1.9800E-04  1.6890E-03
  2.3850E-03  6.9457E-19  1.3197E-18
  2.2722E-03 -6.8440E-18  3.8161E-18
  2.3850E-03  1.5890E-18  3.5084E-18
  2.3014E-03 -1.9800E-04 -1.6890E-03
  2.1860E-03  6.9626E-18 -1.7340E-03
  2.3014E-03  1.9800E-04 -1.6890E-03
  3.9949E-03  3.3069E-04  9.2769E-04
  3.8025E-03 -2.3934E-17  9.5193E-04
  3.9949E-03 -3.3069E-04  9.2769E-04
  4.1347E-03 -6.6407E-18  1.1757E-18
  3.9469E-03 -3.2933E-18  4.2347E-18
  4.1347E-03  1.1960E-18  9.6054E-19
  3.9949E-03 -3.3069E-04 -9.2769E-04
  3.8025E-03  6.5052E-19 -9.5193E-04
  3.9949E-03  3.3069E-04 -9.2769E-04
  4.5313E-03  3.6997E-04 -8.2379E-05
  4.3162E-03 -2.2253E-17 -8.6248E-05
  4.5313E-03 -3.6997E-04 -8.2379E-05
  4.6878E-03  7.7588E-18  4.0965E-18
  4.4779E-03  2.5004E-18  1.6139E-18
  4.6878E-03  3.7473E-18  2.2533E-18
  4.5313E-03 -3.6997E-04  8.2379E-05
  4.3162E-03  1.0239E-17  8.6248E-05
  4.5313E-03  3.6997E-04  8.2379E-05
  3.7690E-03  3.0327E-04 -1.0536E-03
  3.5928E-03 -1.5934E-17 -1.0848E-03
  3.7690E-03 -3.0327E-04 -1.0536E-03
  3.8974E-03  9.3241E-18  4.4317E-18
  3.7255E-03 -1.1774E-17  1.7428E-18
  3.8974E-03 -1.4569E-18 -1.9753E-18
  3.7690E-03 -3.0327E-04  1.0536E-03
  3.5928E-03  3.3170E-18  1.0848E-03
  3.7690E-03  3.0327E-04  1.0536E-03
  1.9386E-03  1.4837E-04 -1.7059E-03
  1.8525E-03 -4.1928E-18 -1.7560E-03
  1.9386E-03 -1.4837E-04 -1.7059E-03
  2.0015E-03 -1.1714E-17  4.3453E-18
  1.9177E-03 -2.7037E-18  1.9316E-18
  2.0015E-03  9.0768E-18  1.6856E-18
  1.9386E-03 -1.4837E-04  1.7059E-03
  1.8525E-03 -8.7092E-18  1.7560E-03
  1.9386E-03  1.4837E-04  1.7059E-03
 -4.2089E-04 -5.1944E-05 -1.8469E-03
 -3.9027E-04 -7.8401E-18 -1.9021E-03
 -4.2089E-04  5.1944E-05 -1.8469E-03
 -4.4261E-04 -3.7485E-18  3.3407E-18
 -4.1245E-04  1.2292E-17 -9.3224E-19
 -4.4261E-04 -1.3910E-17  7.2438E-18
 -4.2089E-04  5.1944E-05  1.8469E-03
 -3.9027E-04 -5.9292E-21  1.9021E-03
 -4.2089E-04 -5.1944E-05  1.8469E-03
 -2.6124E-03 -2.4257E-04 -1.4256E-03
 -2.4706E-03 -4.5232E-18 -1.4708E-03
 -2.6124E-03  2.4257E-04 -1.4256E-03
 -2.7146E-03 -2.5411E-18 -2.1227E-18
 -2.5758E-03  3.9844E-18  2.4166E-18
 -2.7146E-03 -2.4767E-18  5.8564E-18
 -2.6124E-03  2.4257E-04  1.4256E-03
 -2.4706E-03  8.2332E-19  1.4708E-03
 -2.6124E-03 -2.4257E-04  1.4256E-03
 -3.9764E-03 -3.7235E-04 -5.4442E-04
 -3.7587E-03 -3.9980E-19 -5.6797E-04
 -3.9764E-03  3.7235E-04 -5.4442E-04
 -4.1332E-03 -1.2177E-17  6.9965E-19
 -3.9200E-03 -1.8980E-17  1.5025E-18
 -4.1332E-03  1.2814E-17  2.6334E-18
 -3.9764E-03  3.7235E-04  5.4442E-04
 -3.7587E-03 -9.8256E-19  5.6797E-04
 -3.9764E-03 -3.7235E-04  5.4442E-04
 -4.0723E-03 -4.0953E-04  5.7410E-04
 -3.8324E-03 -2.1006E-18  5.7693E-04
 -4.0723E-03  4.0953E-04  5.7410E-04
 -4.2444E-03 -1.5318E-17  1.5323E-18
 -4.0091E-03 -1.6399E-18  2.7464E-18
 -4.2444E-03 -5.0449E-18  1.5458E-18
 -4.0723E-03  4.0953E-04 -5.7410E-04
 -3.8324E-03 -1.8215E-17 -5.7693E-04
 -4.0723E-03 -4.0953E-04 -5.7410E-04
 -2.7938E-03 -3.5212E-04  1.6579E-03
 -2.5861E-03  2.9612E-18  1.6831E-03
 -2.7938E-03  3.5212E-04  1.6579E-03
 -2.9409E-03  1.0056E-17  4.5977E-18
 -2.7363E-03  2.6790E-17  6.5730E-19
 -2.9409E-03  8.3416E-18 -7.9452E-19
 -2.7938E-03  3.5212E-04 -1.6579E-03
 -2.5861E-03 -7.1896E-18 -1.6831E-03
 -2.7938E-03 -3.5212E-04 -1.6579E-03
 -3.8067E-04 -2.3051E-04  2.4749E-03
 -2.4179E-04  5.3901E-18  2.5098E-03
 -3.8067E-04  2.3051E-04  2.4749E-03
 -4.7541E-04 -2.3886E-18 -1.5924E-19
 -3.3668E-04 -1.2519E-18  3.2282E-19
 -4.7541E-04 -6.1052E-18  5.7971E-18
 -3.8067E-04  2.3051E-04 -2.4749E-03
 -2.4179E-04 -5.8462E-18 -2.5098E-03
 -3.8067E-04 -2.3051E-04 -2.4749E-03
  2.6775E-03 -1.0349E-04  2.9151E-03
  2.7446E-03  8.7753E-19  2.9442E-03
  2.6775E-03  1.0349E-04  2.9151E-03
  2.6412E-03 -1.5284E-17 -1.0402E-18
  2.7097E-03 -2.1447E-18  1.5364E-19
  2.6412E-03  4.8416E-18  8.2332E-18
  2.6775E-03  1.0349E-04 -2.9151E-03
  2.7446E-03 -1.8137E-17 -2.9442E-03
  2.6775E-03 -1.0349E-04 -2.9151E-03
  5.8312E-03 -4.0619E-05  3.0467E-03
  5.8717E-03  3.6402E-17  3.0689E-03
  5.8312E-03  4.0619E-05  3.0467E-03
  5.8218E-03 -1.6067E-17  8.0434E-18
  5.8634E-03  1.9712E-17  5.8759E-18
  5.8218E-03  8.2874E-18  2.3073E-18
  5.8312E-03  4.0619E-05 -3.0467E-03
  5.8717E-03  3.6592E-19 -3.0689E-03
  5.8312E-03 -4.0619E-05 -3.0467E-03
   2.8980E-02
  0.0000E+00  0.0000E+00  0.0000E+00
  0.0000E+00  0.0000E+00  0.0000E+00
  0.0000E+00  0.0000E+00  0.0000E+00
  0.0000E+00  0.0000E+00  0.0000E+00
  0.0000E+00  0.0000E+00  0.0000E+00
  0.0000E+00  0.0000E+00  0.0000E+00
  0.0000E+00  0.0000E+00  0.0000E+00
  0.0000E+00  0.0000E+00  0.0000E+00
  0.0000E+00  0.0000E+00  0.0000E+00
  2.1540E-04 -1.4305E-03  8.9299E-04
 -2.6570E-18 -1.2800E-03 -2.6620E-18
 -2.1540E-04 -1.4305E-03 -8.9299E-04
 -3.5552E-18 -1.5014E-03  9.0616E-04
 -1.8579E-18 -1.3421E-03 -1.2783E-18
 -1.0129E-18 -1.5014E-03 -9.0616E-04
 -2.1540E-04 -1.4305E-03  8.9299E-04
 -1.7376E-18 -1.2800E-03 -2.6483E-19
  2.1540E-04 -1.4305E-03 -8.9299E-04
 -5.0657E-05 -3.1078E-03  1.0732E-03
 -5.3200E-18 -3.1513E-03 -4.1049E-18
  5.0657E-05 -3.1078E-03 -1.0732E-03
 -7.4875E-18 -3.0923E-03  1.1496E-03
 -5.3930E-18 -3.1315E-03 -2.5948E-18
 -5.2143E-18 -3.0923E-03 -1.1496E-03
  5.0657E-05 -3.1078E-03  1.0732E-03
 -4.6058E-18 -3.1513E-03 -1.6871E-18
 -5.0657E-05 -3.1078E-03 -1.0732E-03
 -2.3814E-04 -4.4639E-03  5.8874E-04
 -6.3586E-18 -4.5915E-03 -3.4289E-18
  2.3814E-04 -4.4639E-03 -5.8874E-04
 -8.7215E-18 -4.3663E-03  6.3613E-04
 -6.0696E-18 -4.5020E-03 -4.0078E-18
 -5.0382E-18 -4.3663E-03 -6.3613E-04
  2.3814E-04 -4.4639E-03  5.8874E-04
 -5.4277E-18 -4.5915E-03 -4.9677E-18
 -2.3814E-04 -4.4639E-03 -5.8874E-04
 -3.1771E-04 -4.8716E-03 -3.0734E-04
 -3.5801E-18 -5.0449E-03 -2.3006E-18
  3.1771E-04 -4.8716E-03  3.0734E-04
 -6.4834E-18 -4.7416E-03 -2.9910E-04
 -4.8462E-18 -4.9217E-03 -5.5905E-18
 -4.4812E-18 -4.7416E-03  2.9910E-04
  3.1771E-04 -4.8716E-03 -3.0734E-04
 -4.0542E-18 -5.0449E-03 -8.1662E-18
 -3.1771E-04 -4.8716E-03  3.0734E-04
 -2.8469E-04 -4.1079E-03 -1.2761E-03
 -2.5763E-19 -4.2629E-03 -3.0505E-18
  2.8469E-04 -4.1079E-03  1.2761E-03
 -2.9425E-18 -3.9911E-03 -1.3043E-03
 -4.0221E-19 -4.1521E-03 -6.1603E-18
  8.5931E-19 -3.9911E-03  1.3043E-03
  2.8469E-04 -4.1079E-03 -1.2761E-03
  1.0884E-19 -4.2629E-03 -1.0261E-17
 -2.8469E-04 -4.1079E-03  1.2761E-03
 -1.5668E-04 -2.3120E-03 -1.9854E-03
  3.0425E-18 -2.3973E-03 -5.1528E-18
  1.5668E-04 -2.3120E-03  1.9854E-03
 -9.2708E-19 -2.2478E-03 -2.0396E-03
  3.0596E-18 -2.3365E-03 -7.6228E-18
  7.5153E-18 -2.2478E-03  2.0396E-03
  1.5668E-04 -2.3120E-03 -1.9854E-03
  3.5709E-18 -2.3973E-03 -1.0904E-17
 -1.5668E-04 -2.3120E-03  1.9854E-03
  2.4804E-05  5.5565E-05 -2.1985E-03
  5.3138E-18  6.9072E-05 -6.5722E-18
 -2.4804E-05  5.5565E-05  2.1985E-03
 -1.7788E-19  4.5204E-05 -2.2618E-03
  5.9128E-18  5.8792E-05 -8.6610E-18
  1.2171E-17  4.5204E-05  2.2618E-03
 -2.4804E-05  5.5565E-05 -2.1985E-03
  5.3444E-18  6.9072E-05 -9.9343E-18
  2.4804E-05  5.5565E-05  2.1985E-03
  2.0480E-04  2.3556E-03 -1.8325E-03
  4.8845E-18  2.4672E-03 -1.0055E-17
 -2.0480E-04  2.3556E-03  1.8325E-03
 -1.3136E-18  2.2713E-03 -1.8860E-03
  6.0794E-18  2.3862E-03 -8.3406E-18
  1.4179E-17  2.2713E-03  1.8860E-03
 -2.0480E-04  2.3556E-03 -1.8325E-03
  4.4814E-18  2.4672E-03 -6.9260E-18
  2.0480E-04  2.3556E-03  1.8325E-03
  3.2988E-04  3.9577E-03 -9.7801E-04
  1.8808E-18  4.1374E-03 -1.2139E-17
 -3.2988E-04  3.9577E-03  9.7801E-04
 -6.2254E-18  3.8219E-03 -1.0057E-03
  2.9939E-18  4.0073E-03 -7.7895E-18
  1.2843E-17  3.8219E-03  1.0057E-03
 -3.2988E-04  3.9577E-03 -9.7801E-04
  2.8592E-18  4.1374E-03 -4.3085E-18
  3.2988E-04  3.9577E-03  9.7801E-04
  3.6280E-04  4.4235E-03  1.2966E-04
 -4.0641E-18  4.6210E-03 -9.9510E-18
 -3.6280E-04  4.4235E-03 -1.2966E-04
 -1.1658E-17  4.2742E-03  1.3617E-04
 -4.6857E-18  4.4781E-03 -7.1932E-18
  5.6934E-18  4.2742E-03 -1.3617E-04
 -3.6280E-04  4.4235E-03  1.2966E-04
 -2.7917E-18  4.6210E-03 -3.1796E-18
  3.6280E-04  4.4235E-03 -1.2966E-04
  2.9280E-04  3.6342E-03  1.1784E-03
 -6.8312E-18  3.7937E-03 -7.1792E-18
 -2.9280E-04  3.6342E-03 -1.1784E-03
 -1.5126E-17  3.5138E-03  1.2178E-03
 -6.9286E-18  3.6785E-03 -5.5276E-18
 -8.4428E-19  3.5138E-03 -1.2178E-03
 -2.9280E-04  3.6342E-03  1.1784E-03
 -5.2927E-18  3.7937E-03 -4.8002E-18
  2.9280E-04  3.6342E-03 -1.1784E-03
  1.3828E-04  1.8274E-03  1.8686E-03
 -8.3218E-18  1.9027E-03 -4.8128E-18
 -1.3828E-04  1.8274E-03 -1.8686E-03
 -1.3215E-17  1.7706E-03  1.9302E-03
 -8.4939E-18  1.8485E-03 -4.9667E-18
 -6.0567E-18  1.7706E-03 -1.9302E-03
 -1.3828E-04  1.8274E-03  1.8686E-03
 -6.8698E-18  1.9027E-03 -4.6862E-18
  1.3828E-04  1.8274E-03 -1.8686E-03
 -5.8642E-05 -4.6827E-04  1.9972E-03
 -5.5755E-18 -5.0020E-04  6.9087E-20
  5.8642E-05 -4.6827E-04 -1.9972E-03
 -8.9593E-18 -4.4398E-04  2.0644E-03
 -8.1425E-18 -4.7659E-04 -4.0347E-18
 -4.0335E-18 -4.4398E-04 -2.0644E-03
  5.8642E-05 -4.6827E-04  1.9972E-03
 -5.3197E-18 -5.0020E-04 -4.6791E-18
 -5.8642E-05 -4.6827E-04 -1.9972E-03
 -2.4448E-04 -2.5793E-03  1.5145E-03
 -6.5408E-19 -2.7125E-03  3.0864E-18
  2.4448E-04 -2.5793E-03 -1.5145E-03
 -3.3754E-18 -2.4785E-03  1.5692E-03
 -2.7780E-18 -2.6153E-03 -1.7865E-18
 -3.1354E-18 -2.4785E-03 -1.5692E-03
  2.4448E-04 -2.5793E-03  1.5145E-03
 -4.7601E-18 -2.7125E-03 -4.0365E-18
 -2.4448E-04 -2.5793E-03 -1.5145E-03
 -3.6997E-04 -3.8745E-03  5.3518E-04
  3.3293E-18 -4.0759E-03  3.1517E-18
  3.6997E-04 -3.8745E-03 -5.3518E-04
  7.6265E-18 -3.7218E-03  5.6336E-04
  2.0662E-18 -3.9289E-03  4.4906E-19
 -1.0843E-18 -3.7218E-03 -5.6336E-04
  3.6997E-04 -3.8745E-03  5.3518E-04
  1.5916E-18 -4.0759E-03 -2.2287E-18
 -3.6997E-04 -3.8745E-03 -5.3518E-04
 -4.0481E-04 -3.9369E-03 -6.9867E-04
  5.4574E-18 -4.1574E-03  1.3414E-18
  4.0481E-04 -3.9369E-03  6.9867E-04
  1.1571E-17 -3.7697E-03 -7.0255E-04
  5.4485E-18 -3.9958E-03  1.2031E-18
  9.7403E-19 -3.7697E-03  7.0255E-04
  4.0481E-04 -3.9369E-03 -6.9867E-04
  5.5349E-18 -4.1574E-03 -5.1934E-20
 -4.0481E-04 -3.9369E-03  6.9867E-04
 -3.4721E-04 -2.6730E-03 -1.8931E-03
  4.7927E-18 -2.8621E-03 -1.1885E-18
  3.4721E-04 -2.6730E-03  1.8931E-03
  1.2390E-17 -2.5292E-03 -1.9243E-03
  4.7569E-18 -2.7221E-03  1.2843E-18
 -1.9980E-18 -2.5292E-03  1.9243E-03
  3.4721E-04 -2.6730E-03 -1.8931E-03
  4.1619E-18 -2.8621E-03  3.7443E-18
 -3.4721E-04 -2.6730E-03  1.8931E-03
 -2.2615E-04 -3.2346E-04 -2.7975E-03
  3.5410E-18 -4.4699E-04 -1.6264E-18
  2.2615E-04 -3.2346E-04  2.7975E-03
  9.5677E-18 -2.2884E-04 -2.8409E-03
  2.3023E-18 -3.5254E-04  2.7621E-18
 -6.6690E-18 -2.2884E-04  2.8409E-03
  2.2615E-04 -3.2346E-04 -2.7975E-03
  2.5319E-18 -4.4699E-04  6.1181E-18
 -2.2615E-04 -3.2346E-04  2.7975E-03
 -9.7661E-05  2.6272E-03 -3.2918E-03
 -1.0118E-18  2.5775E-03 -2.9856E-18
  9.7661E-05  2.6272E-03  3.2918E-03
  6.1542E-18  2.6695E-03 -3.3274E-03
 -2.9789E-19  2.6217E-03  2.9701E-18
 -1.0868E-17  2.6695E-03  3.3274E-03
  9.7661E-05  2.6272E-03 -3.2918E-03
 -1.7418E-18  2.5775E-03  7.3129E-18
 -9.7661E-05  2.6272E-03  3.2918E-03
 -3.0574E-05  5.6301E-03 -3.4422E-03
 -7.7680E-18  5.6143E-03 -3.7770E-18
  3.0574E-05  5.6301E-03  3.4422E-03
 -4.5772E-19  5.6525E-03 -3.4684E-03
 -8.5789E-18  5.6383E-03  2.3207E-18
 -1.4835E-17  5.6525E-03  3.4684E-03
  3.0574E-05  5.6301E-03 -3.4422E-03
 -7.1334E-18  5.6143E-03  9.2574E-18
 -3.0574E-05  5.6301E-03  3.4422E-03
   3.8603E-02
  0.0000E+00  0.0000E+00  0.0000E+00
  0.0000E+00  0.0000E+00  0.0000E+00
  0.0000E+00  0.0000E+00  0.0000E+00
  0.0000E+00  0.0000E+00  0.0000E+00
  0.0000E+00  0.0000E+00  0.0000E+00
  0.0000E+00  0.0000E+00  0.0000E+00
  0.0000E+00  0.0000E+00  0.0000E+00
  0.0000E+00  0.0000E+00  0.0000E+00
  0.0000E+00  0.0000E+00  0.0000E+00
  3.4698E-04 -3.8755E-04  1.0187E-03
  3.4542E-04 -1.7159E-15  9.4666E-04
  3.4698E-04  3.8755E-04  1.0187E-03
 -6.4481E-16 -3.8775E-04  9.6035E-04
  8.4279E-16 -2.0527E-15  8.8534E-04
 -1.0836E-15  3.8775E-04  9.6035E-04
 -3.4698E-04 -3.8755E-04  1.0187E-03
 -3.4542E-04 -9.7965E-16  9.4666E-04
 -3.4698E-04  3.8755E-04  1.0187E-03
  2.9600E-04 -3.6582E-04  1.9845E-03
  3.1095E-04 -1.4336E-15  1.9928E-03
  2.9600E-04  3.6582E-04  1.9845E-03
  1.0989E-15 -3.7187E-04  1.9994E-03
  9.6972E-16 -6.2225E-16  2.0071E-03
 -6.2962E-16  3.7187E-04  1.9994E-03
 -2.9600E-04 -3.6582E-04  1.9845E-03
 -3.1095E-04 -1.9326E-15  1.9928E-03
 -2.9600E-04  3.6582E-04  1.9845E-03
  2.5485E-04 -3.1411E-04  2.8942E-03
  2.5821E-04 -1.6803E-15  2.9281E-03
  2.5485E-04  3.1411E-04  2.8942E-03
  3.1135E-16 -3.1271E-04  2.9185E-03
  5.3499E-16 -1.6995E-15  2.9550E-03
 -8.1456E-16  3.1271E-04  2.9185E-03
 -2.5485E-04 -3.1411E-04  2.8942E-03
 -2.5821E-04 -1.1922E-16  2.9281E-03
 -2.5485E-04  3.1411E-04  2.8942E-03
  1.9966E-04 -2.4335E-04  3.6481E-03
  2.0151E-04 -5.0882E-17  3.6936E-03
  1.9966E-04  2.4335E-04  3.6481E-03
 -1.5112E-17 -2.4369E-04  3.6790E-03
 -7.3415E-16  4.3637E-16  3.7247E-03
 -3.6430E-16  2.4369E-04  3.6790E-03
 -1.9966E-04 -2.4335E-04  3.6481E-03
 -2.0151E-04  1.1709E-15  3.6936E-03
 -1.9966E-04  2.4335E-04  3.6481E-03
  1.3269E-04 -1.6131E-04  4.1985E-03
  1.3383E-04  5.7081E-16  4.2506E-03
  1.3269E-04  1.6131E-04  4.1985E-03
 -5.0741E-16 -1.6161E-04  4.2341E-03
  1.0985E-15  7.0373E-16  4.2864E-03
  3.0613E-17  1.6161E-04  4.2341E-03
 -1.3269E-04 -1.6131E-04  4.1985E-03
 -1.3383E-04  1.9075E-17  4.2506E-03
 -1.3269E-04  1.6131E-04  4.1985E-03
  5.8032E-05 -7.0556E-05  4.5141E-03
  5.8541E-05  1.5811E-15  4.5700E-03
  5.8032E-05  7.0556E-05  4.5141E-03
  3.2395E-16 -7.0681E-05  4.5524E-03
  2.2301E-16  1.6658E-15  4.6086E-03
  5.4826E-16  7.0681E-05  4.5524E-03
 -5.8032E-05 -7.0556E-05  4.5141E-03
 -5.8541E-05  1.4162E-15  4.5700E-03
 -5.8032E-05  7.0556E-05  4.5141E-03
 -1.9856E-05  2.4157E-05  4.5772E-03
 -2.0035E-05 -9.6971E-16  4.6339E-03
 -1.9856E-05 -2.4157E-05  4.5772E-03
 -2.0747E-15  2.4196E-05  4.6161E-03
 -1.9098E-15 -1.9593E-16  4.6731E-03
 -5.8080E-16 -2.4196E-05  4.6161E-03
  1.9856E-05  2.4157E-05  4.5772E-03
  2.0035E-05  1.4377E-15  4.6339E-03
  1.9856E-05 -2.4157E-05  4.5772E-03
 -9.6619E-05  1.1753E-04  4.3844E-03
 -9.7492E-05 -1.2130E-15  4.4387E-03
 -9.6619E-05 -1.1753E-04  4.3844E-03
 -1.2488E-15  1.1773E-04  4.4217E-03
 -1.1298E-15  1.3910E-16  4.4762E-03
 -1.3092E-15 -1.1773E-04  4.4217E-03
  9.6619E-05  1.1753E-04  4.3844E-03
  9.7492E-05 -2.7464E-17  4.4387E-03
  9.6619E-05 -1.1753E-04  4.3844E-03
 -1.6798E-04  2.0434E-04  3.9465E-03
 -1.6950E-04 -2.7630E-15  3.9954E-03
 -1.6798E-04 -2.0434E-04  3.9465E-03
  2.7678E-15  2.0467E-04  3.9801E-03
  1.7283E-15 -1.6682E-15  4.0292E-03
  4.3686E-16 -2.0467E-04  3.9801E-03
  1.6798E-04  2.0434E-04  3.9465E-03
  1.6950E-04 -2.3763E-15  3.9954E-03
  1.6798E-04 -2.0434E-04  3.9465E-03
 -2.2995E-04  2.7973E-04  3.2879E-03
 -2.3203E-04  4.6223E-16  3.3286E-03
 -2.2995E-04 -2.7973E-04  3.2879E-03
  3.0410E-15  2.8018E-04  3.3159E-03
  8.3243E-16 -4.5394E-16  3.3568E-03
  3.1606E-16 -2.8018E-04  3.3159E-03
  2.2995E-04  2.7973E-04  3.2879E-03
  2.3203E-04 -8.2204E-16  3.3286E-03
  2.2995E-04 -2.7973E-04  3.2879E-03
 -2.7906E-04  3.3947E-04  2.4455E-03
 -2.8158E-04 -9.6490E-16  2.4758E-03
 -2.7906E-04 -3.3947E-04  2.4455E-03
  1.0001E-15  3.4002E-04  2.4663E-03
 -1.4537E-15  9.2516E-16  2.4967E-03
  5.7150E-16 -3.4002E-04  2.4663E-03
  2.7906E-04  3.3947E-04  2.4455E-03
  2.8158E-04  3.7086E-16  2.4758E-03
  2.7906E-04 -3.3947E-04  2.4455E-03
 -3.1256E-04  3.8023E-04  1.4663E-03
 -3.1539E-04  4.8604E-16  1.4845E-03
 -3.1256E-04 -3.8023E-04  1.4663E-03
 -2.2866E-15  3.8085E-04  1.4788E-03
 -6.3760E-17  6.2344E-16  1.4970E-03
 -1.3571E-15 -3.8085E-04  1.4788E-03
  3.1256E-04  3.8023E-04  1.4663E-03
  3.1539E-04  2.2101E-15  1.4845E-03
  3.1256E-04 -3.8023E-04  1.4663E-03
 -3.2860E-04  3.9973E-04  4.0519E-04
 -3.3157E-04  6.0854E-16  4.1021E-04
 -3.2860E-04 -3.9973E-04  4.0519E-04
 -1.4986E-17  4.0038E-04  4.0863E-04
 -1.0773E-15  1.2392E-16  4.1367E-04
  7.8251E-16 -4.0038E-04  4.0863E-04
  3.2860E-04  3.9973E-04  4.0519E-04
  3.3157E-04  1.2479E-16  4.1021E-04
  3.2860E-04 -3.9973E-04  4.0519E-04
 -3.2625E-04  3.9688E-04 -6.7862E-04
 -3.2920E-04 -1.5736E-15 -6.8702E-04
 -3.2625E-04 -3.9688E-04 -6.7862E-04
 -2.8986E-16  3.9753E-04 -6.8439E-04
  1.8152E-15 -6.0249E-17 -6.9283E-04
 -1.3132E-15 -3.9753E-04 -6.8439E-04
  3.2625E-04  3.9688E-04 -6.7862E-04
  3.2920E-04 -2.3379E-15 -6.8702E-04
  3.2625E-04 -3.9688E-04 -6.7862E-04
 -3.0566E-04  3.7185E-04 -1.7245E-03
 -3.0843E-04 -1.4997E-16 -1.7458E-03
 -3.0566E-04 -3.7185E-04 -1.7245E-03
 -2.5474E-16  3.7245E-04 -1.7391E-03
 -1.0504E-15 -2.0193E-15 -1.7606E-03
 -1.1533E-15 -3.7245E-04 -1.7391E-03
  3.0566E-04  3.7185E-04 -1.7245E-03
  3.0843E-04 -1.0370E-15 -1.7458E-03
  3.0566E-04 -3.7185E-04 -1.7245E-03
 -2.6800E-04  3.2600E-04 -2.6739E-03
 -2.7043E-04 -6.4438E-16 -2.7071E-03
 -2.6800E-04 -3.2600E-04 -2.6739E-03
 -1.1394E-15  3.2653E-04 -2.6966E-03
  3.9580E-16  4.9427E-16 -2.7299E-03
 -1.9102E-15 -3.2653E-04 -2.6966E-03
  2.6800E-04  3.2600E-04 -2.6739E-03
  2.7043E-04  1.3835E-16 -2.7071E-03
  2.6800E-04 -3.2600E-04 -2.6739E-03
 -2.1544E-04  2.6169E-04 -3.4739E-03
 -2.1731E-04  3.8500E-16 -3.5168E-03
 -2.1544E-04 -2.6169E-04 -3.4739E-03
  1.3485E-15  2.6228E-04 -3.5034E-03
  1.0316E-15  5.9287E-16 -3.5467E-03
 -2.1756E-17 -2.6228E-04 -3.5034E-03
  2.1544E-04  2.6169E-04 -3.4739E-03
  2.1731E-04  4.4303E-17 -3.5168E-03
  2.1544E-04 -2.6169E-04 -3.4739E-03
 -1.5088E-04  1.8249E-04 -4.0802E-03
 -1.5107E-04  4.2183E-16 -4.1290E-03
 -1.5088E-04 -1.8249E-04 -4.0802E-03
  9.7427E-16  1.8256E-04 -4.1146E-03
  2.4242E-15  5.3222E-16 -4.1640E-03
 -1.0405E-16 -1.8256E-04 -4.1146E-03
  1.5088E-04  1.8249E-04 -4.0802E-03
  1.5107E-04  3.7682E-17 -4.1290E-03
  1.5088E-04 -1.8249E-04 -4.0802E-03
 -7.5707E-05  9.3571E-05 -4.4644E-03
 -7.4543E-05 -3.2608E-16 -4.5094E-03
 -7.5707E-05 -9.3571E-05 -4.4644E-03
 -1.9405E-15  9.2973E-05 -4.4954E-03
  4.8135E-17 -1.0939E-15 -4.5408E-03
 -1.6687E-15 -9.2973E-05 -4.4954E-03
  7.5707E-05  9.3571E-05 -4.4644E-03
  7.4543E-05  1.3752E-15 -4.5094E-03
  7.5707E-05 -9.3571E-05 -4.4644E-03
 -2.7379E-05  3.3604E-05 -4.6106E-03
 -2.6167E-05 -1.5266E-15 -4.6498E-03
 -2.7379E-05 -3.3604E-05 -4.6106E-03
 -1.3129E-15  3.2973E-05 -4.6363E-03
  5.2702E-16 -9.5196E-17 -4.6756E-03
 -6.3206E-16 -3.2973E-05 -4.6363E-03
  2.7379E-05  3.3604E-05 -4.6106E-03
  2.6167E-05 -3.0969E-16 -4.6498E-03
  2.7379E-05 -3.3604E-05 -4.6106E-03
