Vector MODE under Modal for nodeset
189
   2.6061E-02
  0.0000E+00  0.0000E+00  0.0000E+00
  0.0000E+00  0.0000E+00  0.0000E+00
  0.0000E+00  0.0000E+00  0.0000E+00
  0.0000E+00  0.0000E+00  0.0000E+00
  0.0000E+00  0.0000E+00  0.0000E+00
  0.0000E+00  0.0000E+00  0.0000E+00
  0.0000E+00  0.0000E+00  0.0000E+00
  0.0000E+00  0.0000E+00  0.0000E+00
  0.0000E+00  0.0000E+00  0.0000E+00
  1.2813E-03 -2.1154E-04  8.7542E-04
  1.3713E-03  1.2191E-14  8.8656E-04
  1.2813E-03  2.1154E-04  8.7542E-04
  1.1449E-03  4.4306E-15  1.2784E-14
  1.2279E-03  1.4726E-14  1.7410E-15
  1.1449E-03 -1.5633E-14  1.6934E-14
  1.2813E-03  2.1154E-04 -8.7542E-04
  1.3713E-03 -1.2849E-14 -8.8656E-04
  1.2813E-03 -2.1154E-04 -8.7542E-04
  2.9753E-03  3.8052E-05  1.0852E-03
  2.9579E-03 -5.8512E-15  1.1464E-03
  2.9753E-03 -3.8052E-05  1.0852E-03
  3.0071E-03  2.3486E-14  4.6221E-15
  2.9861E-03 -1.0708E-14 -1.9182E-14
  3.0071E-03  1.6538E-14 -1.3571E-14
  2.9753E-03 -3.8052E-05 -1.0852E-03
  2.9579E-03 -2.3160E-15 -1.1464E-03
  2.9753E-03  3.8052E-05 -1.0852E-03
  4.4277E-03  2.3452E-04  6.6212E-04
  4.2939E-03  1.0491E-14  7.0307E-04
  4.4277E-03 -2.3452E-04  6.6212E-04
  4.5267E-03 -1.0021E-14 -2.1637E-15
  4.3992E-03  1.7183E-14  2.5662E-14
  4.5267E-03 -7.7060E-16 -1.3439E-14
  4.4277E-03 -2.3452E-04 -6.6212E-04
  4.2939E-03 -2.1759E-15 -7.0307E-04
  4.4277E-03  2.3452E-04 -6.6212E-04
  4.9456E-03  3.2486E-04 -1.5859E-04
  4.7588E-03  8.2386E-15 -1.4950E-04
  4.9456E-03 -3.2486E-04 -1.5859E-04
  5.0845E-03 -1.6331E-14 -2.5054E-14
  4.9032E-03 -1.7201E-15 -4.5743E-15
  5.0845E-03 -9.7840E-15 -5.6257E-15
  4.9456E-03 -3.2486E-04  1.5859E-04
  4.7588E-03  5.5499E-15  1.4950E-04
  4.9456E-03  3.2486E-04  1.5859E-04
  4.2601E-03  2.9887E-04 -1.0673E-03
  4.0875E-03  1.0713E-14 -1.0887E-03
  4.2601E-03 -2.9887E-04 -1.0673E-03
  4.3872E-03 -2.6954E-14  1.0158E-14
  4.2196E-03  2.4434E-15 -2.6311E-14
  4.3872E-03 -1.6775E-15  6.1070E-15
  4.2601E-03 -2.9887E-04  1.0673E-03
  4.0875E-03  1.9365E-14  1.0887E-03
  4.2601E-03  2.9887E-04  1.0673E-03
  2.4852E-03  1.7283E-04 -1.7532E-03
  2.3854E-03 -1.9158E-14 -1.7970E-03
  2.4852E-03 -1.7283E-04 -1.7532E-03
  2.5588E-03  1.9648E-14 -1.9377E-14
  2.4619E-03 -9.8539E-15  8.9605E-15
  2.5588E-03  2.2431E-14  1.9858E-15
  2.4852E-03 -1.7283E-04  1.7532E-03
  2.3854E-03 -1.1917E-14  1.7970E-03
  2.4852E-03  1.7283E-04  1.7532E-03
  7.8978E-05 -1.1585E-05 -1.9892E-03
  8.6150E-05  1.0889E-14 -2.0415E-03
  7.8978E-05  1.1585E-05 -1.9892E-03
  7.4341E-05 -2.2048E-14  1.1889E-14
  8.1618E-05  6.4807E-15  1.0073E-14
  7.4341E-05  1.3449E-14  3.3084E-15
  7.8978E-05  1.1585E-05  1.9892E-03
  8.6150E-05 -1.8099E-14  2.0415E-03
  7.8978E-05 -1.1585E-05  1.9892E-03
 -2.3014E-03 -1.9800E-04 -1.6890E-03
 -2.1860E-03  4.1811E-16 -1.7340E-03
 -2.3014E-03  1.9800E-04 -1.6890E-03
 -2.3850E-03  1.6018E-14  5.9248E-15
 -2.2722E-03 -1.2474E-14 -5.4996E-15
 -2.3850E-03  1.7018E-14 -1.7169E-14
 -2.3014E-03  1.9800E-04  1.6890E-03
 -2.1860E-03 -4.9814E-15  1.7340E-03
 -2.3014E-03 -1.9800E-04  1.6890E-03
 -3.9949E-03 -3.3069E-04 -9.2769E-04
 -3.8025E-03  2.2944E-14 -9.5193E-04
 -3.9949E-03  3.3069E-04 -9.2769E-04
 -4.1347E-03 -7.7943E-15  1.4793E-14
 -3.9469E-03  3.5608E-15  3.7394E-15
 -4.1347E-03 -1.1666E-14  7.4914E-15
 -3.9949E-03  3.3069E-04  9.2769E-04
 -3.8025E-03  1.0378E-14  9.5193E-04
 -3.9949E-03 -3.3069E-04  9.2769E-04
 -4.5313E-03 -3.6997E-04  8.2379E-05
 -4.3162E-03 -5.6460E-15  8.6248E-05
 -4.5313E-03  3.6997E-04  8.2379E-05
 -4.6878E-03 -6.2738E-15  1.9210E-14
 -4.4779E-03 -1.5219E-15  2.0242E-14
 -4.6878E-03  1.2419E-14 -3.5092E-15
 -4.5313E-03  3.6997E-04 -8.2379E-05
 -4.3162E-03 -1.2518E-14 -8.6248E-05
 -4.5313E-03 -3.6997E-04 -8.2379E-05
 -3.7690E-03 -3.0327E-04  1.0536E-03
 -3.5928E-03  2.3587E-14  1.0848E-03
 -3.7690E-03  3.0327E-04  1.0536E-03
 -3.8974E-03  9.7579E-15 -1.0167E-14
 -3.7255E-03 -1.2102E-14  4.4122E-15
 -3.8974E-03 -2.7346E-14 -3.8202E-15
 -3.7690E-03  3.0327E-04 -1.0536E-03
 -3.5928E-03  5.8468E-15 -1.0848E-03
 -3.7690E-03 -3.0327E-04 -1.0536E-03
 -1.9386E-03 -1.4837E-04  1.7059E-03
 -1.8525E-03 -3.7584E-15  1.7560E-03
 -1.9386E-03  1.4837E-04  1.7059E-03
 -2.0015E-03 -1.5538E-16  9.6043E-15
 -1.9177E-03  1.7496E-14  1.1321E-14
 -2.0015E-03  1.2121E-14  7.6493E-15
 -1.9386E-03  1.4837E-04 -1.7059E-03
 -1.8525E-03 -6.0580E-15 -1.7560E-03
 -1.9386E-03 -1.4837E-04 -1.7059E-03
  4.2089E-04  5.1944E-05  1.8469E-03
  3.9027E-04 -3.2076E-15  1.9021E-03
  4.2089E-04 -5.1944E-05  1.8469E-03
  4.4261E-04  1.1984E-15 -9.5653E-15
  4.1245E-04  4.2772E-15  1.5363E-14
  4.4261E-04 -5.2905E-15 -2.0115E-14
  4.2089E-04 -5.1944E-05 -1.8469E-03
  3.9027E-04  4.8924E-15 -1.9021E-03
  4.2089E-04  5.1944E-05 -1.8469E-03
  2.6124E-03  2.4257E-04  1.4256E-03
  2.4706E-03  2.1691E-14  1.4708E-03
  2.6124E-03 -2.4257E-04  1.4256E-03
  2.7146E-03 -1.2587E-14  1.4775E-15
  2.5758E-03 -1.0135E-14 -5.7247E-15
  2.7146E-03  9.5543E-15 -1.7845E-14
  2.6124E-03 -2.4257E-04 -1.4256E-03
  2.4706E-03  3.0391E-14 -1.4708E-03
  2.6124E-03  2.4257E-04 -1.4256E-03
  3.9764E-03  3.7235E-04  5.4442E-04
  3.7587E-03 -1.4785E-14  5.6797E-04
  3.9764E-03 -3.7235E-04  5.4442E-04
  4.1332E-03 -1.9010E-14 -1.9295E-14
  3.9200E-03  6.4829E-15 -1.9954E-14
  4.1332E-03 -1.2994E-14 -1.5333E-14
  3.9764E-03 -3.7235E-04 -5.4442E-04
  3.7587E-03 -9.1947E-15 -5.6797E-04
  3.9764E-03  3.7235E-04 -5.4442E-04
  4.0723E-03  4.0953E-04 -5.7410E-04
  3.8324E-03 -4.3291E-15 -5.7693E-04
  4.0723E-03 -4.0953E-04 -5.7410E-04
  4.2444E-03  1.6125E-14 -1.1525E-14
  4.0091E-03 -6.2011E-15 -3.1410E-14
  4.2444E-03  5.1421E-15  3.7384E-16
  4.0723E-03 -4.0953E-04  5.7410E-04
  3.8324E-03 -1.4371E-14  5.7693E-04
  4.0723E-03  4.0953E-04  5.7410E-04
  2.7938E-03  3.5212E-04 -1.6579E-03
  2.5861E-03  7.4236E-15 -1.6831E-03
  2.7938E-03 -3.5212E-04 -1.6579E-03
  2.9409E-03 -1.0047E-14  9.5776E-15
  2.7363E-03  2.5773E-15  1.3648E-14
  2.9409E-03  2.1589E-15 -1.4965E-14
  2.7938E-03 -3.5212E-04  1.6579E-03
  2.5861E-03  1.7595E-15  1.6831E-03
  2.7938E-03  3.5212E-04  1.6579E-03
  3.8067E-04  2.3051E-04 -2.4749E-03
  2.4179E-04  1.2002E-14 -2.5098E-03
  3.8067E-04 -2.3051E-04 -2.4749E-03
  4.7541E-04  3.3172E-15 -5.6432E-15
  3.3668E-04  6.2444E-15 -2.5282E-16
  4.7541E-04  7.1134E-15  2.0102E-14
  3.8067E-04 -2.3051E-04  2.4749E-03
  2.4179E-04 -9.8824E-16  2.5098E-03
  3.8067E-04  2.3051E-04  2.4749E-03
 -2.6775E-03  1.0349E-04 -2.9151E-03
 -2.7446E-03 -7.8561E-15 -2.9442E-03
 -2.6775E-03 -1.0349E-04 -2.9151E-03
 -2.6412E-03 -2.7806E-14  2.4333E-14
 -2.7097E-03  4.0348E-15  8.3805E-16
 -2.6412E-03 -1.2199E-14  1.9045E-14
 -2.6775E-03 -1.0349E-04  2.9151E-03
 -2.7446E-03 -2.0428E-14  2.9442E-03
 -2.6775E-03  1.0349E-04  2.9151E-03
 -5.8312E-03  4.0619E-05 -3.0467E-03
 -5.8717E-03 -6.1302E-15 -3.0689E-03
 -5.8312E-03 -4.0619E-05 -3.0467E-03
 -5.8218E-03 -8.8303E-15  3.1811E-14
 -5.8634E-03 -1.0346E-14  2.2528E-14
 -5.8218E-03 -4.9344E-15  3.2648E-15
 -5.8312E-03 -4.0619E-05  3.0467E-03
 -5.8717E-03  8.6436E-15  3.0689E-03
 -5.8312E-03  4.0619E-05  3.0467E-03
   2.8980E-02
  0.0000E+00  0.0000E+00  0.0000E+00
  0.0000E+00  0.0000E+00  0.0000E+00
  0.0000E+00  0.0000E+00  0.0000E+00
  0.0000E+00  0.0000E+00  0.0000E+00
  0.0000E+00  0.0000E+00  0.0000E+00
  0.0000E+00  0.0000E+00  0.0000E+00
  0.0000E+00  0.0000E+00  0.0000E+00
  0.0000E+00  0.0000E+00  0.0000E+00
  0.0000E+00  0.0000E+00  0.0000E+00
 -2.1540E-04  1.4305E-03 -8.9299E-04
  1.6901E-16  1.2800E-03  1.4922E-16
  2.1540E-04  1.4305E-03  8.9299E-04
  3.9894E-16  1.5014E-03 -9.0616E-04
 -6.7159E-17  1.3421E-03  2.5495E-17
 -6.7819E-17  1.5014E-03  9.0616E-04
  2.1540E-04  1.4305E-03 -8.9299E-04
  1.9701E-16  1.2800E-03  3.0522E-16
 -2.1540E-04  1.4305E-03  8.9299E-04
  5.0657E-05  3.1078E-03 -1.0732E-03
  5.6410E-17  3.1513E-03 -2.1375E-16
 -5.0657E-05  3.1078E-03  1.0732E-03
  2.8572E-16  3.0923E-03 -1.1496E-03
 -8.6609E-17  3.1315E-03 -1.3463E-16
 -2.8989E-16  3.0923E-03  1.1496E-03
 -5.0657E-05  3.1078E-03 -1.0732E-03
  1.1750E-16  3.1513E-03 -4.7525E-17
  5.0657E-05  3.1078E-03  1.0732E-03
  2.3814E-04  4.4639E-03 -5.8874E-04
 -3.2375E-16  4.5915E-03 -1.7740E-16
 -2.3814E-04  4.4639E-03  5.8874E-04
  2.1484E-16  4.3663E-03 -6.3613E-04
 -2.5915E-16  4.5020E-03  2.5680E-16
 -5.5663E-16  4.3663E-03  6.3613E-04
 -2.3814E-04  4.4639E-03 -5.8874E-04
 -3.9170E-16  4.5915E-03  9.7768E-18
  2.3814E-04  4.4639E-03  5.8874E-04
  3.1771E-04  4.8716E-03  3.0734E-04
 -4.5984E-16  5.0449E-03  1.3955E-17
 -3.1771E-04  4.8716E-03 -3.0734E-04
  1.5173E-16  4.7416E-03  2.9910E-04
 -3.9274E-16  4.9217E-03 -2.1276E-17
 -1.0068E-15  4.7416E-03 -2.9910E-04
 -3.1771E-04  4.8716E-03  3.0734E-04
 -5.1313E-16  5.0449E-03  1.8146E-16
  3.1771E-04  4.8716E-03 -3.0734E-04
  2.8469E-04  4.1079E-03  1.2761E-03
 -8.7577E-17  4.2629E-03  5.5124E-17
 -2.8469E-04  4.1079E-03 -1.2761E-03
  3.4677E-16  3.9911E-03  1.3043E-03
 -5.0228E-16  4.1521E-03 -2.1502E-16
 -1.1034E-15  3.9911E-03 -1.3043E-03
 -2.8469E-04  4.1079E-03  1.2761E-03
 -1.8291E-16  4.2629E-03 -2.5990E-16
  2.8469E-04  4.1079E-03 -1.2761E-03
  1.5668E-04  2.3120E-03  1.9854E-03
 -1.3345E-16  2.3973E-03  1.0500E-16
 -1.5668E-04  2.3120E-03 -1.9854E-03
  5.7324E-16  2.2478E-03  2.0396E-03
 -8.9509E-17  2.3365E-03  7.1735E-17
 -8.2885E-16  2.2478E-03 -2.0396E-03
 -1.5668E-04  2.3120E-03  1.9854E-03
 -1.8345E-16  2.3973E-03 -2.5982E-16
  1.5668E-04  2.3120E-03 -1.9854E-03
 -2.4804E-05 -5.5565E-05  2.1985E-03
 -6.6385E-17 -6.9072E-05  5.1543E-17
  2.4804E-05 -5.5565E-05 -2.1985E-03
  7.9812E-16 -4.5204E-05  2.2618E-03
  2.5594E-16 -5.8792E-05  5.0764E-17
 -4.2540E-16 -4.5204E-05 -2.2618E-03
  2.4804E-05 -5.5565E-05  2.1985E-03
 -1.3293E-16 -6.9072E-05 -1.1251E-16
 -2.4804E-05 -5.5565E-05 -2.1985E-03
 -2.0480E-04 -2.3556E-03  1.8325E-03
  2.9466E-16 -2.4672E-03  3.4915E-16
  2.0480E-04 -2.3556E-03 -1.8325E-03
  6.9900E-16 -2.2713E-03  1.8860E-03
  3.3162E-16 -2.3862E-03 -9.8519E-17
 -7.9723E-17 -2.2713E-03 -1.8860E-03
  2.0480E-04 -2.3556E-03  1.8325E-03
  2.7403E-16 -2.4672E-03 -3.7213E-16
 -2.0480E-04 -2.3556E-03 -1.8325E-03
 -3.2988E-04 -3.9577E-03  9.7801E-04
  7.6048E-16 -4.1374E-03  2.7755E-16
  3.2988E-04 -3.9577E-03 -9.7801E-04
  6.7845E-16 -3.8219E-03  1.0057E-03
  4.4342E-16 -4.0073E-03 -2.2203E-17
  2.4232E-16 -3.8219E-03 -1.0057E-03
  3.2988E-04 -3.9577E-03  9.7801E-04
  6.0948E-16 -4.1374E-03 -1.5564E-16
 -3.2988E-04 -3.9577E-03 -9.7801E-04
 -3.6280E-04 -4.4235E-03 -1.2966E-04
  7.9331E-16 -4.6210E-03  3.8530E-17
  3.6280E-04 -4.4235E-03  1.2966E-04
  1.1645E-15 -4.2742E-03 -1.3617E-04
  9.6999E-16 -4.4781E-03  1.2564E-16
  6.9141E-16 -4.2742E-03  1.3617E-04
  3.6280E-04 -4.4235E-03 -1.2966E-04
  8.3860E-16 -4.6210E-03 -9.0563E-17
 -3.6280E-04 -4.4235E-03  1.2966E-04
 -2.9280E-04 -3.6342E-03 -1.1784E-03
  8.2668E-16 -3.7937E-03 -2.1824E-16
  2.9280E-04 -3.6342E-03  1.1784E-03
  1.1068E-15 -3.5138E-03 -1.2178E-03
  1.0645E-15 -3.6785E-03 -1.6517E-17
  6.4699E-16 -3.5138E-03  1.2178E-03
  2.9280E-04 -3.6342E-03 -1.1784E-03
  8.1131E-16 -3.7937E-03  2.2334E-16
 -2.9280E-04 -3.6342E-03  1.1784E-03
 -1.3828E-04 -1.8274E-03 -1.8686E-03
  4.6239E-16 -1.9027E-03 -2.2867E-16
  1.3828E-04 -1.8274E-03  1.8686E-03
  7.3722E-16 -1.7706E-03 -1.9302E-03
  3.9197E-16 -1.8485E-03  5.1462E-17
  5.2880E-16 -1.7706E-03  1.9302E-03
  1.3828E-04 -1.8274E-03 -1.8686E-03
  6.0365E-16 -1.9027E-03  3.6435E-16
 -1.3828E-04 -1.8274E-03  1.8686E-03
  5.8642E-05  4.6827E-04 -1.9972E-03
 -1.2819E-16  5.0020E-04 -7.5046E-16
 -5.8642E-05  4.6827E-04  1.9972E-03
 -1.8219E-16  4.4398E-04 -2.0644E-03
  5.8420E-17  4.7659E-04  1.1804E-16
 -1.3218E-16  4.4398E-04  2.0644E-03
 -5.8642E-05  4.6827E-04 -1.9972E-03
 -3.5701E-16  5.0020E-04  1.9698E-16
  5.8642E-05  4.6827E-04  1.9972E-03
  2.4448E-04  2.5793E-03 -1.5145E-03
 -5.3647E-16  2.7125E-03 -3.4570E-16
 -2.4448E-04  2.5793E-03  1.5145E-03
 -5.6684E-16  2.4785E-03 -1.5692E-03
 -7.3018E-16  2.6153E-03 -2.6868E-17
 -2.7572E-16  2.4785E-03  1.5692E-03
 -2.4448E-04  2.5793E-03 -1.5145E-03
 -6.6567E-16  2.7125E-03  2.7939E-16
  2.4448E-04  2.5793E-03  1.5145E-03
  3.6997E-04  3.8745E-03 -5.3518E-04
 -7.7419E-16  4.0759E-03 -3.1782E-16
 -3.6997E-04  3.8745E-03  5.3518E-04
 -1.1635E-15  3.7218E-03 -5.6336E-04
 -7.6365E-16  3.9289E-03 -9.7555E-17
 -6.0390E-16  3.7218E-03  5.6336E-04
 -3.6997E-04  3.8745E-03 -5.3518E-04
 -7.9221E-16  4.0759E-03  6.7048E-17
  3.6997E-04  3.8745E-03  5.3518E-04
  4.0481E-04  3.9369E-03  6.9867E-04
 -8.2011E-16  4.1574E-03  1.5353E-16
 -4.0481E-04  3.9369E-03 -6.9867E-04
 -1.2337E-15  3.7697E-03  7.0255E-04
 -1.0228E-15  3.9958E-03 -1.6272E-16
 -5.7135E-16  3.7697E-03 -7.0255E-04
 -4.0481E-04  3.9369E-03  6.9867E-04
 -7.1914E-16  4.1574E-03  3.2481E-17
  4.0481E-04  3.9369E-03 -6.9867E-04
  3.4721E-04  2.6730E-03  1.8931E-03
 -7.1682E-16  2.8621E-03  3.8335E-16
 -3.4721E-04  2.6730E-03 -1.8931E-03
 -1.1948E-15  2.5292E-03  1.9243E-03
 -8.7769E-16  2.7221E-03  2.4890E-16
 -5.5050E-16  2.5292E-03 -1.9243E-03
 -3.4721E-04  2.6730E-03  1.8931E-03
 -7.8563E-16  2.8621E-03 -2.1082E-16
  3.4721E-04  2.6730E-03 -1.8931E-03
  2.2615E-04  3.2346E-04  2.7975E-03
 -2.6832E-16  4.4699E-04  9.7236E-16
 -2.2615E-04  3.2346E-04 -2.7975E-03
 -7.2111E-16  2.2884E-04  2.8409E-03
 -6.3360E-16  3.5254E-04  1.5150E-16
 -2.1249E-16  2.2884E-04 -2.8409E-03
 -2.2615E-04  3.2346E-04  2.7975E-03
 -3.3451E-16  4.4699E-04 -4.8380E-16
  2.2615E-04  3.2346E-04 -2.7975E-03
  9.7661E-05 -2.6272E-03  3.2918E-03
  5.4529E-16 -2.5775E-03  1.1497E-15
 -9.7661E-05 -2.6272E-03 -3.2918E-03
  2.1319E-16 -2.6695E-03  3.3274E-03
  2.9677E-16 -2.6217E-03  2.0008E-16
  7.3207E-16 -2.6695E-03 -3.3274E-03
 -9.7661E-05 -2.6272E-03  3.2918E-03
  4.0921E-16 -2.5775E-03 -3.3552E-16
  9.7661E-05 -2.6272E-03 -3.2918E-03
  3.0574E-05 -5.6301E-03  3.4422E-03
  1.5641E-15 -5.6143E-03  1.3335E-15
 -3.0574E-05 -5.6301E-03 -3.4422E-03
  1.1367E-15 -5.6525E-03  3.4684E-03
  1.2890E-15 -5.6383E-03  4.0532E-16
  1.7131E-15 -5.6525E-03 -3.4684E-03
 -3.0574E-05 -5.6301E-03  3.4422E-03
  1.4890E-15 -5.6143E-03 -9.4747E-16
  3.0574E-05 -5.6301E-03 -3.4422E-03
   3.8603E-02
  0.0000E+00  0.0000E+00  0.0000E+00
  0.0000E+00  0.0000E+00  0.0000E+00
  0.0000E+00  0.0000E+00  0.0000E+00
  0.0000E+00  0.0000E+00  0.0000E+00
  0.0000E+00  0.0000E+00  0.0000E+00
  0.0000E+00  0.0000E+00  0.0000E+00
  0.0000E+00  0.0000E+00  0.0000E+00
  0.0000E+00  0.0000E+00  0.0000E+00
  0.0000E+00  0.0000E+00  0.0000E+00
  3.4698E-04 -3.8755E-04  1.0187E-03
  3.4542E-04  7.0392E-17  9.4666E-04
  3.4698E-04  3.8755E-04  1.0187E-03
  3.5996E-17 -3.8775E-04  9.6035E-04
 -7.3292E-17 -3.4884E-17  8.8534E-04
 -2.1467E-16  3.8775E-04  9.6035E-04
 -3.4698E-04 -3.8755E-04  1.0187E-03
 -3.4542E-04 -1.2468E-16  9.4666E-04
 -3.4698E-04  3.8755E-04  1.0187E-03
  2.9600E-04 -3.6582E-04  1.9845E-03
  3.1095E-04  1.5981E-16  1.9928E-03
  2.9600E-04  3.6582E-04  1.9845E-03
  5.8113E-17 -3.7187E-04  1.9994E-03
 -1.8475E-16 -2.8515E-17  2.0071E-03
 -4.5276E-16  3.7187E-04  1.9994E-03
 -2.9600E-04 -3.6582E-04  1.9845E-03
 -3.1095E-04 -2.2877E-16  1.9928E-03
 -2.9600E-04  3.6582E-04  1.9845E-03
  2.5485E-04 -3.1411E-04  2.8942E-03
  2.5821E-04  2.0437E-16  2.9281E-03
  2.5485E-04  3.1411E-04  2.8942E-03
  7.4593E-17 -3.1271E-04  2.9185E-03
 -2.2812E-16 -3.1659E-17  2.9550E-03
 -5.5338E-16  3.1271E-04  2.9185E-03
 -2.5485E-04 -3.1411E-04  2.8942E-03
 -2.5821E-04 -2.6487E-16  2.9281E-03
 -2.5485E-04  3.1411E-04  2.8942E-03
  1.9966E-04 -2.4335E-04  3.6481E-03
  2.0151E-04  3.6061E-16  3.6936E-03
  1.9966E-04  2.4335E-04  3.6481E-03
  3.3545E-16 -2.4369E-04  3.6790E-03
 -1.6458E-16  9.7578E-19  3.7247E-03
 -6.8196E-16  2.4369E-04  3.6790E-03
 -1.9966E-04 -2.4335E-04  3.6481E-03
 -2.0151E-04 -3.9774E-16  3.6936E-03
 -1.9966E-04  2.4335E-04  3.6481E-03
  1.3269E-04 -1.6131E-04  4.1985E-03
  1.3383E-04  4.8238E-16  4.2506E-03
  1.3269E-04  1.6131E-04  4.1985E-03
  5.1088E-16 -1.6161E-04  4.2341E-03
 -6.5486E-17  2.9870E-17  4.2864E-03
 -6.3925E-16  1.6161E-04  4.2341E-03
 -1.3269E-04 -1.6131E-04  4.1985E-03
 -1.3383E-04 -4.3589E-16  4.2506E-03
 -1.3269E-04  1.6131E-04  4.1985E-03
  5.8032E-05 -7.0556E-05  4.5141E-03
  5.8541E-05  5.2969E-16  4.5700E-03
  5.8032E-05  7.0556E-05  4.5141E-03
  5.4904E-16 -7.0681E-05  4.5524E-03
  1.0408E-17  6.5784E-17  4.6086E-03
 -5.0480E-16  7.0681E-05  4.5524E-03
 -5.8032E-05 -7.0556E-05  4.5141E-03
 -5.8541E-05 -3.7066E-16  4.5700E-03
 -5.8032E-05  7.0556E-05  4.5141E-03
 -1.9856E-05  2.4157E-05  4.5772E-03
 -2.0035E-05  4.2680E-16  4.6339E-03
 -1.9856E-05 -2.4157E-05  4.5772E-03
  5.3473E-16  2.4196E-05  4.6161E-03
  8.8905E-17  6.9985E-17  4.6731E-03
 -3.4044E-16 -2.4196E-05  4.6161E-03
  1.9856E-05  2.4157E-05  4.5772E-03
  2.0035E-05 -2.7154E-16  4.6339E-03
  1.9856E-05 -2.4157E-05  4.5772E-03
 -9.6619E-05  1.1753E-04  4.3844E-03
 -9.7492E-05  2.6417E-16  4.4387E-03
 -9.6619E-05 -1.1753E-04  4.3844E-03
  4.2821E-16  1.1773E-04  4.4217E-03
  1.3620E-16  5.2801E-17  4.4762E-03
 -1.0589E-16 -1.1773E-04  4.4217E-03
  9.6619E-05  1.1753E-04  4.3844E-03
  9.7492E-05 -1.5873E-16  4.4387E-03
  9.6619E-05 -1.1753E-04  4.3844E-03
 -1.6798E-04  2.0434E-04  3.9465E-03
 -1.6950E-04  1.4745E-17  3.9954E-03
 -1.6798E-04 -2.0434E-04  3.9465E-03
  1.6090E-16  2.0467E-04  3.9801E-03
  1.0669E-16  9.5952E-18  4.0292E-03
  1.3010E-17 -2.0467E-04  3.9801E-03
  1.6798E-04  2.0434E-04  3.9465E-03
  1.6950E-04 -1.0061E-16  3.9954E-03
  1.6798E-04 -2.0434E-04  3.9465E-03
 -2.2995E-04  2.7973E-04  3.2879E-03
 -2.3203E-04 -5.6284E-17  3.3286E-03
 -2.2995E-04 -2.7973E-04  3.2879E-03
  1.7347E-17  2.8018E-04  3.3159E-03
 -3.9031E-17 -8.7048E-17  3.3568E-03
 -5.6379E-17 -2.8018E-04  3.3159E-03
  2.2995E-04  2.7973E-04  3.2879E-03
  2.3203E-04 -1.0273E-16  3.3286E-03
  2.2995E-04 -2.7973E-04  3.2879E-03
 -2.7906E-04  3.3947E-04  2.4455E-03
 -2.8158E-04 -1.2761E-16  2.4758E-03
 -2.7906E-04 -3.3947E-04  2.4455E-03
 -1.1276E-16  3.4002E-04  2.4663E-03
 -1.1926E-16 -1.1384E-16  2.4967E-03
 -1.1189E-16 -3.4002E-04  2.4663E-03
  2.7906E-04  3.3947E-04  2.4455E-03
  2.8158E-04 -1.3927E-16  2.4758E-03
  2.7906E-04 -3.3947E-04  2.4455E-03
 -3.1256E-04  3.8023E-04  1.4663E-03
 -3.1539E-04 -1.3693E-16  1.4845E-03
 -3.1256E-04 -3.8023E-04  1.4663E-03
 -1.8106E-16  3.8085E-04  1.4788E-03
 -1.5005E-16 -1.4409E-16  1.4970E-03
 -1.7369E-16 -3.8085E-04  1.4788E-03
  3.1256E-04  3.8023E-04  1.4663E-03
  3.1539E-04 -1.4723E-16  1.4845E-03
  3.1256E-04 -3.8023E-04  1.4663E-03
 -3.2860E-04  3.9973E-04  4.0519E-04
 -3.3157E-04 -1.3206E-16  4.1021E-04
 -3.2860E-04 -3.9973E-04  4.0519E-04
 -2.1077E-16  4.0038E-04  4.0863E-04
 -1.5266E-16 -8.4676E-17  4.1367E-04
 -1.1276E-16 -4.0038E-04  4.0863E-04
  3.2860E-04  3.9973E-04  4.0519E-04
  3.3157E-04 -4.8301E-17  4.1021E-04
  3.2860E-04 -3.9973E-04  4.0519E-04
 -3.2625E-04  3.9688E-04 -6.7862E-04
 -3.2920E-04 -8.8674E-17 -6.8702E-04
 -3.2625E-04 -3.9688E-04 -6.7862E-04
 -1.4919E-16  3.9753E-04 -6.8439E-04
 -6.6787E-17 -1.0788E-17 -6.9283E-04
 -3.2960E-17 -3.9753E-04 -6.8439E-04
  3.2625E-04  3.9688E-04 -6.7862E-04
  3.2920E-04  3.1144E-17 -6.8702E-04
  3.2625E-04 -3.9688E-04 -6.7862E-04
 -3.0566E-04  3.7185E-04 -1.7245E-03
 -3.0843E-04  4.6539E-17 -1.7458E-03
 -3.0566E-04 -3.7185E-04 -1.7245E-03
 -5.2042E-18  3.7245E-04 -1.7391E-03
  1.1059E-17  8.0366E-17 -1.7606E-03
  3.6646E-17 -3.7245E-04 -1.7391E-03
  3.0566E-04  3.7185E-04 -1.7245E-03
  3.0843E-04  1.4038E-16 -1.7458E-03
  3.0566E-04 -3.7185E-04 -1.7245E-03
 -2.6800E-04  3.2600E-04 -2.6739E-03
 -2.7043E-04  1.7179E-16 -2.7071E-03
 -2.6800E-04 -3.2600E-04 -2.6739E-03
  1.1232E-16  3.2653E-04 -2.6966E-03
  7.9797E-17  1.4404E-16 -2.7299E-03
  6.1583E-17 -3.2653E-04 -2.6966E-03
  2.6800E-04  3.2600E-04 -2.6739E-03
  2.7043E-04  1.6821E-16 -2.7071E-03
  2.6800E-04 -3.2600E-04 -2.6739E-03
 -2.1544E-04  2.6169E-04 -3.4739E-03
 -2.1731E-04  1.8697E-16 -3.5168E-03
 -2.1544E-04 -2.6169E-04 -3.4739E-03
  1.5699E-16  2.6228E-04 -3.5034E-03
  7.7195E-17  1.1118E-16 -3.5467E-03
  3.0358E-17 -2.6228E-04 -3.5034E-03
  2.1544E-04  2.6169E-04 -3.4739E-03
  2.1731E-04  7.6219E-17 -3.5168E-03
  2.1544E-04 -2.6169E-04 -3.4739E-03
 -1.5088E-04  1.8249E-04 -4.0802E-03
 -1.5107E-04  1.4512E-16 -4.1290E-03
 -1.5088E-04 -1.8249E-04 -4.0802E-03
  2.1641E-16  1.8256E-04 -4.1146E-03
  4.7271E-17  5.9089E-18 -4.1640E-03
 -8.3700E-17 -1.8256E-04 -4.1146E-03
  1.5088E-04  1.8249E-04 -4.0802E-03
  1.5107E-04 -1.0305E-16 -4.1290E-03
  1.5088E-04 -1.8249E-04 -4.0802E-03
 -7.5707E-05  9.3571E-05 -4.4644E-03
 -7.4543E-05  1.1712E-16 -4.5094E-03
 -7.5707E-05 -9.3571E-05 -4.4644E-03
  2.0161E-16  9.2973E-05 -4.4954E-03
 -3.8489E-17 -9.7172E-17 -4.5408E-03
 -2.6877E-16 -9.2973E-05 -4.4954E-03
  7.5707E-05  9.3571E-05 -4.4644E-03
  7.4543E-05 -2.8986E-16 -4.5094E-03
  7.5707E-05 -9.3571E-05 -4.4644E-03
 -2.7379E-05  3.3604E-05 -4.6106E-03
 -2.6167E-05 -6.5052E-19 -4.6498E-03
 -2.7379E-05 -3.3604E-05 -4.6106E-03
  8.5869E-17  3.2973E-05 -4.6363E-03
 -1.8995E-16 -2.2768E-16 -4.6756E-03
 -4.5450E-16 -3.2973E-05 -4.6363E-03
  2.7379E-05  3.3604E-05 -4.6106E-03
  2.6167E-05 -4.7260E-16 -4.6498E-03
  2.7379E-05 -3.3604E-05 -4.6106E-03
   3.9284E-02
  0.0000E+00  0.0000E+00  0.0000E+00
  0.0000E+00  0.0000E+00  0.0000E+00
  0.0000E+00  0.0000E+00  0.0000E+00
  0.0000E+00  0.0000E+00  0.0000E+00
  0.0000E+00  0.0000E+00  0.0000E+00
  0.0000E+00  0.0000E+00  0.0000E+00
  0.0000E+00  0.0000E+00  0.0000E+00
  0.0000E+00  0.0000E+00  0.0000E+00
  0.0000E+00  0.0000E+00  0.0000E+00
  2.3324E-03  1.9542E-03  2.7546E-04
  6.1713E-16  1.9935E-03  2.7083E-16
 -2.3324E-03  1.9542E-03 -2.7546E-04
  2.2959E-03  5.2855E-17 -4.8647E-17
  5.8547E-16  3.3149E-17 -3.3663E-17
 -2.2959E-03  1.7076E-17 -3.5182E-17
  2.3324E-03 -1.9542E-03 -2.7546E-04
  6.3274E-16 -1.9935E-03 -3.4651E-16
 -2.3324E-03 -1.9542E-03  2.7546E-04
  4.3539E-03  3.6254E-03  2.9195E-04
  1.1839E-15  3.6096E-03  2.0426E-16
 -4.3539E-03  3.6254E-03 -2.9195E-04
  4.3689E-03  8.6519E-17 -7.1178E-17
  1.2247E-15  6.9281E-17 -7.3179E-17
 -4.3689E-03  3.7513E-17 -8.0206E-17
  4.3539E-03 -3.6254E-03 -2.9195E-04
  1.1935E-15 -3.6096E-03 -3.3556E-16
 -4.3539E-03 -3.6254E-03  2.9195E-04
  5.7279E-03  4.7487E-03  1.6785E-04
  1.4129E-15  4.7221E-03 -1.7841E-16
 -5.7279E-03  4.7487E-03 -1.6785E-04
  5.7517E-03  5.2801E-17 -7.0798E-17
  1.4832E-15  5.8059E-17 -1.1635E-16
 -5.7517E-03  4.1417E-17 -1.4390E-16
  5.7279E-03 -4.7487E-03 -1.6785E-04
  1.4311E-15 -4.7221E-03 -3.1442E-17
 -5.7279E-03 -4.7487E-03  1.6785E-04
  6.2224E-03  5.1565E-03  4.2489E-06
  1.1037E-15  5.1264E-03 -6.1604E-16
 -6.2224E-03  5.1565E-03 -4.2489E-06
  6.2494E-03 -2.7620E-17 -5.3180E-17
  1.1523E-15 -4.6146E-17 -1.3826E-16
 -6.2494E-03 -6.6706E-17 -2.0800E-16
  6.2224E-03 -5.1565E-03 -4.2489E-06
  1.1015E-15 -5.1264E-03  3.2786E-16
 -6.2224E-03 -5.1565E-03  4.2489E-06
  5.7669E-03  4.7787E-03 -1.6072E-04
  3.1572E-16  4.7509E-03 -8.6563E-16
 -5.7669E-03  4.7787E-03  1.6072E-04
  5.7917E-03 -1.3927E-16 -8.7549E-17
  3.3632E-16 -1.5813E-16 -1.5367E-16
 -5.7917E-03 -1.6174E-16 -2.2115E-16
  5.7669E-03 -4.7787E-03  1.6072E-04
  3.2157E-16 -4.7509E-03  5.5208E-16
 -5.7669E-03 -4.7787E-03 -1.6072E-04
  4.4313E-03  3.6720E-03 -3.0066E-04
 -5.9740E-16  3.6507E-03 -8.0925E-16
 -4.4313E-03  3.6720E-03  3.0066E-04
  4.4503E-03 -2.0031E-16 -1.4784E-16
 -6.2710E-16 -2.1353E-16 -1.7332E-16
 -4.4503E-03 -2.1055E-16 -1.8994E-16
  4.4313E-03 -3.6720E-03  3.0066E-04
 -5.8720E-16 -3.6507E-03  4.7315E-16
 -4.4313E-03 -3.6720E-03 -3.0066E-04
  2.4197E-03  2.0051E-03 -3.9458E-04
 -1.2048E-15  1.9935E-03 -4.6350E-16
 -2.4197E-03  2.0051E-03  3.9458E-04
  2.4301E-03 -1.7854E-16 -2.2185E-16
 -1.2837E-15 -1.9391E-16 -1.7842E-16
 -2.4301E-03 -1.8486E-16 -1.2357E-16
  2.4197E-03 -2.0051E-03  3.9458E-04
 -1.2152E-15 -1.9935E-03  1.1417E-16
 -2.4197E-03 -2.0051E-03 -3.9458E-04
  3.8965E-05  3.2288E-05 -4.2827E-04
 -1.2707E-15  3.2102E-05  5.6379E-18
 -3.8965E-05  3.2288E-05  4.2827E-04
  3.9132E-05 -9.8950E-17 -2.6948E-16
 -1.3401E-15 -9.5938E-17 -1.6512E-16
 -3.9132E-05 -8.0871E-17 -4.4507E-17
  3.8965E-05 -3.2288E-05  4.2827E-04
 -1.2750E-15 -3.2102E-05 -3.4228E-16
 -3.8965E-05 -3.2288E-05 -4.2827E-04
 -2.3477E-03 -1.9454E-03 -3.9663E-04
 -8.0448E-16 -1.9342E-03  4.0723E-16
  2.3477E-03 -1.9454E-03  3.9663E-04
 -2.3578E-03 -4.9169E-17 -2.3777E-16
 -8.3527E-16  5.4210E-20 -1.4608E-16
  2.3578E-03  4.5103E-17 -3.0249E-17
 -2.3477E-03  1.9454E-03  3.9663E-04
 -7.6024E-16  1.9342E-03 -6.9801E-16
  2.3477E-03  1.9454E-03 -3.9663E-04
 -4.3762E-03 -3.6264E-03 -3.0448E-04
  5.4156E-17 -3.6054E-03  5.7246E-16
  4.3762E-03 -3.6264E-03  3.0448E-04
 -4.3950E-03  9.8446E-17 -1.8938E-16
  5.3397E-17  1.2100E-16 -1.1833E-16
  4.3950E-03  1.3737E-16 -4.6729E-17
 -4.3762E-03  3.6264E-03  3.0448E-04
  4.9765E-17  3.6054E-03 -8.0448E-16
  4.3762E-03  3.6264E-03 -3.0448E-04
 -5.7371E-03 -4.7541E-03 -1.6589E-04
  8.5609E-16 -4.7266E-03  4.3563E-16
  5.7371E-03 -4.7541E-03  1.6589E-04
 -5.7618E-03  1.5615E-16 -1.1295E-16
  9.0292E-16  1.8307E-16 -8.4532E-17
  5.7618E-03  1.9432E-16 -5.3966E-17
 -5.7371E-03  4.7541E-03  1.6589E-04
  8.4915E-16  4.7266E-03 -6.0715E-16
  5.7371E-03  4.7541E-03 -1.6589E-04
 -6.2228E-03 -5.1566E-03 -1.9820E-06
  1.2846E-15 -5.1267E-03  6.3534E-17
  6.2228E-03 -5.1566E-03  1.9820E-06
 -6.2495E-03  1.6199E-16 -2.0844E-17
  1.3435E-15  1.8769E-16 -5.0786E-17
  6.2495E-03  1.9052E-16 -7.4322E-17
 -6.2228E-03  5.1566E-03  1.9820E-06
  1.2516E-15  5.1267E-03 -1.4645E-16
  6.2228E-03  5.1566E-03 -1.9820E-06
 -5.7592E-03 -4.7724E-03  1.6222E-04
  1.1120E-15 -4.7448E-03 -3.3242E-16
  5.7592E-03 -4.7724E-03 -1.6222E-04
 -5.7839E-03  9.2374E-17  8.2941E-17
  1.1488E-15  1.1742E-16 -1.5700E-18
  5.7839E-03  1.3422E-16 -7.7968E-17
 -5.7592E-03  4.7724E-03 -1.6222E-04
  1.0725E-15  4.7448E-03  3.6342E-16
  5.7592E-03  4.7724E-03  1.6222E-04
 -4.4170E-03 -3.6602E-03  3.0166E-04
  4.5732E-16 -3.6390E-03 -5.6075E-16
  4.4170E-03 -3.6602E-03 -3.0166E-04
 -4.4359E-03 -2.2389E-17  1.6675E-16
  4.4105E-16 -1.7564E-17  6.7705E-17
  4.4359E-03 -1.0463E-17 -3.7107E-17
 -4.4170E-03  3.6602E-03 -3.0166E-04
  3.9595E-16  3.6390E-03  6.8738E-16
  4.4170E-03  3.6602E-03  3.0166E-04
 -2.4010E-03 -1.9896E-03  3.9501E-04
 -4.7922E-16 -1.9781E-03 -4.9548E-16
  2.4010E-03 -1.9896E-03 -3.9501E-04
 -2.4112E-03 -1.5720E-16  2.0253E-16
 -4.4843E-16 -1.3596E-16  1.1784E-16
  2.4112E-03 -1.1369E-16  3.5697E-17
 -2.4010E-03  1.9896E-03 -3.9501E-04
 -4.2544E-16  1.9781E-03  7.0191E-16
  2.4010E-03  1.9896E-03  3.9501E-04
 -1.8776E-05 -1.5410E-05  4.2793E-04
 -9.5757E-16 -1.5358E-05 -1.0159E-16
  1.8776E-05 -1.5410E-05 -4.2793E-04
 -1.8821E-05 -2.3050E-16  1.6653E-16
 -1.0504E-15 -2.3359E-16  1.5257E-16
  1.8821E-05 -2.0231E-16  1.3672E-16
 -1.8776E-05  1.5410E-05 -4.2793E-04
 -9.9486E-16  1.5358E-05  4.0788E-16
  1.8776E-05  1.5410E-05  4.2793E-04
  2.3657E-03  1.9619E-03  3.9632E-04
 -1.0122E-15  1.9510E-03  4.2241E-16
 -2.3657E-03  1.9619E-03 -3.9632E-04
  2.3755E-03 -2.2389E-16  1.0043E-16
 -1.0946E-15 -2.3278E-16  1.8466E-16
 -2.3755E-03 -2.0253E-16  2.6796E-16
  2.3657E-03 -1.9619E-03 -3.9632E-04
 -1.0335E-15 -1.9510E-03 -4.7380E-17
 -2.3657E-03 -1.9619E-03  3.9632E-04
  4.3882E-03  3.6431E-03  3.1325E-04
 -4.5602E-16  3.6262E-03  8.8124E-16
 -4.3882E-03  3.6431E-03 -3.1325E-04
  4.4034E-03 -1.2257E-16  5.0443E-17
 -5.2280E-16 -1.2219E-16  2.1556E-16
 -4.4034E-03 -9.7361E-17  3.6885E-16
  4.3882E-03 -3.6431E-03 -3.1325E-04
 -4.7748E-16 -3.6262E-03 -4.6014E-16
 -4.3882E-03 -3.6431E-03  3.1325E-04
  5.7465E-03  4.7733E-03  2.2490E-04
  4.8117E-16  4.7618E-03  1.1506E-15
 -5.7465E-03  4.7733E-03 -2.2490E-04
  5.7569E-03  7.8218E-17  2.0166E-17
  4.6209E-16  7.2052E-17  2.3663E-16
 -5.7569E-03  8.0638E-17  4.3298E-16
  5.7465E-03 -4.7733E-03 -2.2490E-04
  4.7965E-16 -4.7618E-03 -6.9823E-16
 -5.7465E-03 -4.7733E-03  2.2490E-04
  6.2986E-03  5.1223E-03  1.8533E-04
  1.5170E-15  5.1170E-03  1.2282E-15
 -6.2986E-03  5.1223E-03 -1.8533E-04
  6.3031E-03  2.8276E-16  8.0231E-18
  1.5127E-15  2.7517E-16  2.3827E-16
 -6.3031E-03  2.7024E-16  4.5293E-16
  6.2986E-03 -5.1223E-03 -1.8533E-04
  1.5214E-15 -5.1170E-03 -7.6198E-16
 -6.2986E-03 -5.1223E-03  1.8533E-04
   4.0354E-02
  0.0000E+00  0.0000E+00  0.0000E+00
  0.0000E+00  0.0000E+00  0.0000E+00
  0.0000E+00  0.0000E+00  0.0000E+00
  0.0000E+00  0.0000E+00  0.0000E+00
  0.0000E+00  0.0000E+00  0.0000E+00
  0.0000E+00  0.0000E+00  0.0000E+00
  0.0000E+00  0.0000E+00  0.0000E+00
  0.0000E+00  0.0000E+00  0.0000E+00
  0.0000E+00  0.0000E+00  0.0000E+00
  2.0662E-03 -1.6508E-04  9.9814E-04
  2.1189E-03 -8.2356E-16  1.0367E-03
  2.0662E-03  1.6508E-04  9.9814E-04
  1.9374E-03 -1.3618E-16  8.9989E-17
  1.9789E-03 -1.1883E-16  2.7792E-17
  1.9374E-03 -1.1666E-16 -3.7405E-17
  2.0662E-03  1.6508E-04 -9.9814E-04
  2.1189E-03  5.9978E-16 -1.0367E-03
  2.0662E-03 -1.6508E-04 -9.9814E-04
  4.1446E-03  2.4500E-04  7.9550E-04
  4.0131E-03 -1.5075E-15  8.8024E-04
  4.1446E-03 -2.4500E-04  7.9550E-04
  4.2723E-03 -2.4286E-16  1.2804E-16
  4.1424E-03 -2.4026E-16  6.9077E-17
  4.2723E-03 -2.3072E-16  3.4153E-18
  4.1446E-03 -2.4500E-04 -7.9550E-04
  4.0131E-03  1.0200E-15 -8.8024E-04
  4.1446E-03  2.4500E-04 -7.9550E-04
  5.0129E-03  4.5085E-04 -2.8410E-04
  4.7595E-03 -1.9394E-15 -2.6430E-04
  5.0129E-03 -4.5085E-04 -2.8410E-04
  5.2053E-03 -2.8796E-16  9.5410E-17
  4.9666E-03 -2.9577E-16  9.6803E-17
  5.2053E-03 -2.7582E-16  8.4134E-17
  5.0129E-03 -4.5085E-04  2.8410E-04
  4.7595E-03  1.3002E-15  2.6430E-04
  5.0129E-03  4.5085E-04  2.8410E-04
  3.9075E-03  3.8011E-04 -1.5336E-03
  3.6930E-03 -2.6951E-15 -1.5836E-03
  3.9075E-03 -3.8011E-04 -1.5336E-03
  4.0716E-03 -4.6144E-16  1.4528E-16
  3.8672E-03 -4.6079E-16  1.2414E-16
  4.0716E-03 -4.5894E-16  1.1015E-16
  3.9075E-03 -3.8011E-04  1.5336E-03
  3.6930E-03  1.7478E-15  1.5836E-03
  3.9075E-03  3.8011E-04  1.5336E-03
  1.1989E-03  9.5888E-05 -2.2500E-03
  1.1458E-03 -2.9894E-15 -2.3394E-03
  1.1989E-03 -9.5888E-05 -2.2500E-03
  1.2408E-03 -5.0957E-16  8.7604E-17
  1.1908E-03 -5.3169E-16  1.4535E-16
  1.2408E-03 -5.1348E-16  1.9472E-16
  1.1989E-03 -9.5888E-05  2.2500E-03
  1.1458E-03  1.8961E-15  2.3394E-03
  1.1989E-03  9.5888E-05  2.2500E-03
 -1.9488E-03 -2.5422E-04 -2.0253E-03
 -1.8021E-03 -2.7270E-15 -2.1091E-03
 -1.9488E-03  2.5422E-04 -2.0253E-03
 -2.0563E-03 -4.1807E-16 -1.7429E-17
 -1.9146E-03 -4.3628E-16  1.4470E-16
 -2.0563E-03 -4.2241E-16  3.0645E-16
 -1.9488E-03  2.5422E-04  2.0253E-03
 -1.8021E-03  1.8397E-15  2.1091E-03
 -1.9488E-03 -2.5422E-04  2.0253E-03
 -4.1286E-03 -4.9913E-04 -9.2020E-04
 -3.8419E-03 -1.9676E-15 -9.5771E-04
 -4.1286E-03  4.9913E-04 -9.2020E-04
 -4.3405E-03 -1.8041E-16 -1.0495E-16
 -4.0645E-03 -2.0036E-16  1.3729E-16
 -4.3405E-03 -1.9689E-16  3.8489E-16
 -4.1286E-03  4.9913E-04  9.2020E-04
 -3.8419E-03  1.5669E-15  9.5771E-04
 -4.1286E-03 -4.9913E-04  9.2020E-04
 -4.3597E-03 -5.2038E-04  5.7909E-04
 -4.0611E-03 -8.7099E-16  6.0641E-04
 -4.3597E-03  5.2038E-04  5.7909E-04
 -4.5808E-03  9.3133E-17 -1.1709E-16
 -4.2935E-03  1.0240E-16  1.3093E-16
 -4.5808E-03  8.9609E-17  4.0072E-16
 -4.3597E-03  5.2038E-04 -5.7909E-04
 -4.0611E-03  1.0680E-15 -6.0641E-04
 -4.3597E-03 -5.2038E-04 -5.7909E-04
 -2.5505E-03 -3.0534E-04  1.7939E-03
 -2.3753E-03  3.7687E-16  1.8740E-03
 -2.5505E-03  3.0534E-04  1.7939E-03
 -2.6802E-03  1.8128E-16  1.8648E-17
 -2.5116E-03  2.2595E-16  1.0759E-16
 -2.6802E-03  2.8016E-16  2.5717E-16
 -2.5505E-03  3.0534E-04 -1.7939E-03
 -2.3753E-03  4.2587E-16 -1.8740E-03
 -2.5505E-03 -3.0534E-04 -1.7939E-03
  4.5473E-04  4.7931E-05  2.1718E-03
  4.2748E-04  7.8323E-16  2.2679E-03
  4.5473E-04 -4.7931E-05  2.1718E-03
  4.7525E-04  3.0531E-16  8.2020E-17
  4.4919E-04  3.1745E-16  9.0286E-17
  4.7525E-04  3.0965E-16  8.9555E-17
  4.5473E-04 -4.7931E-05 -2.1718E-03
  4.2748E-04 -1.3010E-16 -2.2679E-03
  4.5473E-04  4.7931E-05 -2.1718E-03
  3.2636E-03  3.7643E-04  1.5450E-03
  3.0481E-03  1.0764E-15  1.6127E-03
  3.2636E-03 -3.7643E-04  1.5450E-03
  3.4238E-03  2.3289E-16  8.1966E-17
  3.2169E-03  2.2204E-16  6.0639E-17
  3.4238E-03  2.2204E-16  4.5970E-17
  3.2636E-03 -3.7643E-04 -1.5450E-03
  3.0481E-03 -6.3404E-16 -1.6127E-03
  3.2636E-03  3.7643E-04 -1.5450E-03
  4.5790E-03  5.2777E-04  2.1084E-04
  4.2769E-03  1.1677E-15  2.1846E-04
  4.5790E-03 -5.2777E-04  2.1084E-04
  4.8037E-03  1.6827E-16  5.8547E-17
  4.5135E-03  1.5873E-16  2.7748E-17
  4.8037E-03  1.5201E-16  2.6021E-18
  4.5790E-03 -5.2777E-04 -2.1084E-04
  4.2769E-03 -8.4763E-16 -2.1846E-04
  4.5790E-03  5.2777E-04 -2.1084E-04
  3.8001E-03  4.3055E-04 -1.2042E-03
  3.5539E-03  1.0669E-15 -1.2607E-03
  3.8001E-03 -4.3055E-04 -1.2042E-03
  3.9836E-03  1.0322E-16  6.7221E-18
  3.7473E-03  8.6736E-17 -9.4301E-19
  3.9836E-03  6.4185E-17  1.5179E-18
  3.8001E-03 -4.3055E-04  1.2042E-03
  3.5539E-03 -8.8644E-16  1.2607E-03
  3.8001E-03  4.3055E-04  1.2042E-03
  1.3023E-03  1.2690E-04 -2.0306E-03
  1.2306E-03  8.0665E-16 -2.1262E-03
  1.3023E-03 -1.2690E-04 -2.0306E-03
  1.3569E-03  6.4185E-17  2.8189E-18
  1.2887E-03  4.7705E-17 -3.0168E-17
  1.3569E-03  1.7347E-17 -6.6245E-17
  1.3023E-03 -1.2690E-04  2.0306E-03
  1.2306E-03 -7.2598E-16  2.1262E-03
  1.3023E-03  1.2690E-04  2.0306E-03
 -1.7310E-03 -2.4790E-04 -1.8609E-03
 -1.5871E-03  4.3238E-16 -1.9535E-03
 -1.7310E-03  2.4790E-04 -1.8609E-03
 -1.8353E-03  1.3227E-17 -4.3368E-18
 -1.6959E-03 -3.4044E-17 -5.7430E-17
 -1.8353E-03 -5.2259E-17 -9.2374E-17
 -1.7310E-03  2.4790E-04  1.8609E-03
 -1.5871E-03 -4.5233E-16  1.9535E-03
 -1.7310E-03 -2.4790E-04  1.8609E-03
 -3.8474E-03 -5.2970E-04 -7.3020E-04
 -3.5406E-03 -3.2960E-17 -7.8050E-04
 -3.8474E-03  5.2970E-04 -7.3020E-04
 -4.0707E-03 -4.7922E-17 -6.4618E-17
 -3.7738E-03 -7.3726E-17 -8.2061E-17
 -4.0707E-03 -9.0639E-17 -1.0842E-16
 -3.8474E-03  5.2970E-04  7.3020E-04
 -3.5406E-03 -1.1666E-16  7.8050E-04
 -3.8474E-03 -5.2970E-04  7.3020E-04
 -3.9807E-03 -6.0436E-04  9.1447E-04
 -3.6287E-03 -4.4843E-16  9.2334E-04
 -3.9807E-03  6.0436E-04  9.1447E-04
 -4.2342E-03 -7.4593E-17 -1.7171E-16
 -3.8923E-03 -1.0582E-16 -1.4512E-16
 -4.2342E-03 -1.0799E-16 -1.1001E-16
 -3.9807E-03  6.0436E-04 -9.1447E-04
 -3.6287E-03  2.5587E-16 -9.2334E-04
 -3.9807E-03 -6.0436E-04 -9.1447E-04
 -1.9162E-03 -4.6601E-04  2.4457E-03
 -1.6393E-03 -7.7499E-16  2.4978E-03
 -1.9162E-03  4.6601E-04  2.4457E-03
 -2.1088E-03 -5.6379E-17 -2.4243E-16
 -1.8360E-03 -6.2450E-17 -1.8355E-16
 -2.1088E-03 -7.5027E-17 -1.2230E-16
 -1.9162E-03  4.6601E-04 -2.4457E-03
 -1.6393E-03  6.1973E-16 -2.4978E-03
 -1.9162E-03 -4.6601E-04 -2.4457E-03
  1.6571E-03 -2.3251E-04  3.3852E-03
  1.8061E-03 -8.9252E-16  3.4418E-03
  1.6571E-03  2.3251E-04  3.3852E-03
  1.5753E-03  2.6021E-17 -2.9230E-16
  1.7255E-03  1.0842E-17 -2.0358E-16
  1.5753E-03  1.1059E-17 -1.2317E-16
  1.6571E-03  2.3251E-04 -3.3852E-03
  1.8061E-03  9.2726E-16 -3.4418E-03
  1.6571E-03 -2.3251E-04 -3.3852E-03
  5.5623E-03 -9.9376E-05  3.6908E-03
  5.6572E-03 -8.8384E-16  3.7381E-03
  5.5623E-03  9.9376E-05  3.6908E-03
  5.5392E-03  1.0669E-16 -3.1052E-16
  5.6361E-03  1.0148E-16 -2.1681E-16
  5.5392E-03  9.4542E-17 -1.2577E-16
  5.5623E-03  9.9376E-05 -3.6908E-03
  5.6572E-03  1.0747E-15 -3.7381E-03
  5.5623E-03 -9.9376E-05 -3.6908E-03
   4.4062E-02
  0.0000E+00  0.0000E+00  0.0000E+00
  0.0000E+00  0.0000E+00  0.0000E+00
  0.0000E+00  0.0000E+00  0.0000E+00
  0.0000E+00  0.0000E+00  0.0000E+00
  0.0000E+00  0.0000E+00  0.0000E+00
  0.0000E+00  0.0000E+00  0.0000E+00
  0.0000E+00  0.0000E+00  0.0000E+00
  0.0000E+00  0.0000E+00  0.0000E+00
  0.0000E+00  0.0000E+00  0.0000E+00
  1.5385E-04 -2.2435E-03  9.2576E-04
  1.9972E-17 -2.1228E-03 -4.5928E-18
 -1.5385E-04 -2.2435E-03 -9.2576E-04
  8.6323E-17 -2.2856E-03  9.7313E-04
  3.2582E-17 -2.1516E-03 -1.1977E-17
 -3.8571E-17 -2.2856E-03 -9.7313E-04
 -1.5385E-04 -2.2435E-03  9.2576E-04
  2.7982E-17 -2.1228E-03 -3.7782E-17
  1.5385E-04 -2.2435E-03 -9.2576E-04
 -2.5664E-04 -4.2377E-03  6.2999E-04
  4.3473E-17 -4.3968E-03 -9.8834E-18
  2.5664E-04 -4.2377E-03 -6.2999E-04
  1.8817E-16 -4.1402E-03  7.2929E-04
  5.8796E-17 -4.3023E-03 -1.9629E-17
 -6.3581E-17 -4.1402E-03 -7.2929E-04
  2.5664E-04 -4.2377E-03  6.2999E-04
  5.1006E-17 -4.3968E-03 -2.9611E-17
 -2.5664E-04 -4.2377E-03 -6.2999E-04
 -4.3412E-04 -4.9251E-03 -5.2310E-04
  5.6797E-17 -5.1567E-03 -4.9811E-17
  4.3412E-04 -4.9251E-03  5.2310E-04
  2.3742E-16 -4.7482E-03 -5.0665E-04
  5.5764E-17 -4.9978E-03 -4.6223E-17
 -1.0720E-16 -4.7482E-03  5.0665E-04
  4.3412E-04 -4.9251E-03 -5.2310E-04
  6.8839E-17 -5.1567E-03 -1.8409E-17
 -4.3412E-04 -4.9251E-03  5.2310E-04
 -3.4566E-04 -3.6893E-03 -1.7959E-03
  5.6309E-17 -3.8761E-03 -7.5986E-17
  3.4566E-04 -3.6893E-03  1.7959E-03
  4.7552E-16 -3.5488E-03 -1.8608E-03
  6.0643E-17 -3.7473E-03 -5.3749E-17
 -3.5154E-16 -3.5488E-03  1.8608E-03
  3.4566E-04 -3.6893E-03 -1.7959E-03
  7.4822E-17 -3.8761E-03 -4.5618E-17
 -3.4566E-04 -3.6893E-03  1.7959E-03
 -6.2860E-05 -9.7245E-04 -2.4647E-03
  3.1233E-17 -1.0064E-03 -9.5681E-17
  6.2860E-05 -9.7245E-04  2.4647E-03
  6.3208E-16 -9.4729E-04 -2.5726E-03
  5.5240E-17 -9.8437E-04 -7.0142E-17
 -5.3318E-16 -9.4729E-04  2.5726E-03
  6.2860E-05 -9.7245E-04 -2.4647E-03
  4.8597E-17 -1.0064E-03 -5.2361E-17
 -6.2860E-05 -9.7245E-04  2.4647E-03
  2.7039E-04  2.0653E-03 -2.1348E-03
  2.2083E-17  2.2111E-03 -1.1460E-16
 -2.7039E-04  2.0653E-03  2.1348E-03
  6.6528E-16  1.9541E-03 -2.2322E-03
  2.4203E-17  2.1066E-03 -1.0001E-16
 -6.1400E-16  1.9541E-03  2.2322E-03
 -2.7039E-04  2.0653E-03 -2.1348E-03
  3.3509E-17  2.2111E-03 -6.9985E-17
  2.7039E-04  2.0653E-03  2.1348E-03
  4.9311E-04  4.0820E-03 -9.0467E-04
  1.0552E-17  4.3480E-03 -1.1749E-16
 -4.9311E-04  4.0820E-03  9.0467E-04
  5.6799E-16  3.8797E-03 -9.4459E-04
 -4.2314E-18  4.1589E-03 -1.0900E-16
 -5.7822E-16  3.8797E-03  9.4459E-04
 -4.9311E-04  4.0820E-03 -9.0467E-04
  1.3586E-17  4.3480E-03 -8.8492E-17
  4.9311E-04  4.0820E-03  9.0467E-04
  4.9829E-04  4.1833E-03  6.9485E-04
 -1.4493E-17  4.4521E-03 -1.2234E-16
 -4.9829E-04  4.1833E-03 -6.9485E-04
  3.8079E-16  3.9789E-03  7.3212E-04
 -1.9616E-17  4.2612E-03 -1.0408E-16
 -4.1620E-16  3.9789E-03 -7.3212E-04
 -4.9829E-04  4.1833E-03  6.9485E-04
 -1.5176E-17  4.4521E-03 -8.7335E-17
  4.9829E-04  4.1833E-03 -6.9485E-04
  2.8070E-04  2.3391E-03  1.9519E-03
 -2.4057E-19  2.4905E-03 -1.0627E-16
 -2.8070E-04  2.3391E-03 -1.9519E-03
  9.2200E-17  2.2239E-03  2.0501E-03
 -6.3070E-19  2.3829E-03 -9.8632E-17
 -1.9990E-16  2.2239E-03 -2.0501E-03
 -2.8070E-04  2.3391E-03  1.9519E-03
 -3.2242E-17  2.4905E-03 -1.0285E-16
  2.8070E-04  2.3391E-03 -1.9519E-03
 -6.1507E-05 -5.9809E-04  2.3049E-03
 -8.7090E-18 -6.3128E-04 -8.2485E-17
  6.1507E-05 -5.9809E-04 -2.3049E-03
  4.5413E-17 -5.7298E-04  2.4193E-03
 -2.3231E-17 -6.0810E-04 -9.3397E-17
 -8.3227E-17 -5.7298E-04 -2.4193E-03
  6.1507E-05 -5.9809E-04  2.3049E-03
 -2.2458E-17 -6.3128E-04 -9.5307E-17
 -6.1507E-05 -5.9809E-04 -2.3049E-03
 -3.7208E-04 -3.2813E-03  1.6032E-03
  1.1099E-17 -3.4820E-03 -4.7498E-17
  3.7208E-04 -3.2813E-03 -1.6032E-03
 -2.5111E-17 -3.1289E-03  1.6816E-03
 -3.0073E-18 -3.3402E-03 -6.5492E-17
  2.5214E-17 -3.1289E-03 -1.6816E-03
  3.7208E-04 -3.2813E-03  1.6032E-03
 -1.0966E-18 -3.4820E-03 -8.1383E-17
 -3.7208E-04 -3.2813E-03 -1.6032E-03
 -5.0834E-04 -4.4851E-03  1.7946E-04
  3.6332E-17 -4.7593E-03 -1.4742E-17
  5.0834E-04 -4.4851E-03 -1.7946E-04
 -3.4247E-17 -4.2769E-03  1.8545E-04
  3.0633E-17 -4.5657E-03 -4.0679E-17
  6.9298E-17 -4.2769E-03 -1.8545E-04
  5.0834E-04 -4.4851E-03  1.7946E-04
  1.3107E-17 -4.7593E-03 -6.2194E-17
 -5.0834E-04 -4.4851E-03 -1.7946E-04
 -4.0635E-04 -3.6674E-03 -1.3004E-03
  6.6993E-17 -3.8866E-03  3.7175E-17
  4.0635E-04 -3.6674E-03  1.3004E-03
  3.7751E-18 -3.5011E-03 -1.3703E-03
  5.2796E-17 -3.7322E-03 -1.3791E-17
  1.2408E-16 -3.5011E-03  1.3703E-03
  4.0635E-04 -3.6674E-03 -1.3004E-03
  6.4034E-17 -3.8866E-03 -2.6580E-17
 -4.0635E-04 -3.6674E-03  1.3004E-03
 -1.0975E-04 -1.2199E-03 -2.1376E-03
  9.5680E-17 -1.2791E-03  3.9236E-17
  1.0975E-04 -1.2199E-03  2.1376E-03
  1.0143E-17 -1.1753E-03 -2.2530E-03
  8.9297E-17 -1.2385E-03  2.1714E-17
  1.3877E-16 -1.1753E-03  2.2530E-03
  1.0975E-04 -1.2199E-03 -2.1376E-03
  8.3803E-17 -1.2791E-03 -1.5138E-17
 -1.0975E-04 -1.2199E-03  2.1376E-03
  2.5101E-04  1.7067E-03 -1.9151E-03
  4.1910E-17  1.8420E-03  5.5929E-17
 -2.5101E-04  1.7067E-03  1.9151E-03
  4.7001E-17  1.6031E-03 -2.0256E-03
  1.0136E-16  1.7440E-03  4.5745E-17
  1.6748E-16  1.6031E-03  2.0256E-03
 -2.5101E-04  1.7067E-03 -1.9151E-03
  1.1700E-16  1.8420E-03  5.7458E-18
  2.5101E-04  1.7067E-03  1.9151E-03
  5.1979E-04  3.7210E-03 -6.7922E-04
  1.8964E-16  4.0013E-03  7.5548E-17
 -5.1979E-04  3.7210E-03  6.7922E-04
  1.6520E-16  3.5069E-03 -7.3863E-04
  1.8644E-16  3.7992E-03  6.0154E-17
  2.0922E-16  3.5069E-03  7.3863E-04
 -5.1979E-04  3.7210E-03 -6.7922E-04
  1.6760E-16  4.0013E-03  3.5655E-17
  5.1979E-04  3.7210E-03  6.7922E-04
  5.8862E-04  3.8148E-03  1.0959E-03
  2.1006E-16  4.1321E-03  4.9836E-17
 -5.8862E-04  3.8148E-03 -1.0959E-03
  2.5717E-16  3.5717E-03  1.1076E-03
  2.2069E-16  3.9014E-03  7.1378E-17
  2.0737E-16  3.5717E-03 -1.1076E-03
 -5.8862E-04  3.8148E-03  1.0959E-03
  1.9820E-16  4.1321E-03  1.1111E-16
  5.8862E-04  3.8148E-03 -1.0959E-03
  4.5111E-04  1.8007E-03  2.7507E-03
  1.4241E-16  2.0448E-03 -1.3812E-17
 -4.5111E-04  1.8007E-03 -2.7507E-03
  1.9931E-16  1.6127E-03  2.8151E-03
  1.5784E-16  1.8620E-03  9.8916E-17
  1.3137E-16  1.6127E-03 -2.8151E-03
 -4.5111E-04  1.8007E-03  2.7507E-03
  1.3513E-16  2.0448E-03  2.0161E-16
  4.5111E-04  1.8007E-03 -2.7507E-03
  2.1647E-04 -1.6358E-03  3.7801E-03
 -1.2614E-17 -1.5271E-03 -4.3797E-17
 -2.1647E-04 -1.6358E-03 -3.7801E-03
  4.6698E-17 -1.7294E-03  3.8485E-03
  3.3406E-18 -1.6224E-03  1.1142E-16
 -4.6157E-17 -1.7294E-03 -3.8485E-03
 -2.1647E-04 -1.6358E-03  3.7801E-03
 -7.7353E-18 -1.5271E-03  2.4778E-16
  2.1647E-04 -1.6358E-03 -3.7801E-03
  7.5383E-05 -5.3294E-03  4.1209E-03
 -1.8376E-16 -5.2923E-03 -6.0360E-17
 -7.5383E-05 -5.3294E-03 -4.1209E-03
 -1.2606E-16 -5.3819E-03  4.1761E-03
 -1.7372E-16 -5.3475E-03  1.0700E-16
 -2.2760E-16 -5.3819E-03 -4.1761E-03
 -7.5383E-05 -5.3294E-03  4.1209E-03
 -1.8509E-16 -5.2923E-03  2.9217E-16
  7.5383E-05 -5.3294E-03 -4.1209E-03
   5.5358E-02
  0.0000E+00  0.0000E+00  0.0000E+00
  0.0000E+00  0.0000E+00  0.0000E+00
  0.0000E+00  0.0000E+00  0.0000E+00
  0.0000E+00  0.0000E+00  0.0000E+00
  0.0000E+00  0.0000E+00  0.0000E+00
  0.0000E+00  0.0000E+00  0.0000E+00
  0.0000E+00  0.0000E+00  0.0000E+00
  0.0000E+00  0.0000E+00  0.0000E+00
  0.0000E+00  0.0000E+00  0.0000E+00
  3.2354E-03  2.6987E-03  3.3513E-04
 -2.9981E-15  2.7388E-03 -2.9493E-15
 -3.2354E-03  2.6987E-03 -3.3513E-04
  3.1977E-03 -6.8641E-16 -1.7984E-15
  5.1629E-16 -2.1386E-15 -2.1990E-16
 -3.1977E-03  2.2153E-15 -2.3815E-15
  3.2354E-03 -2.6987E-03 -3.3513E-04
 -4.0658E-15 -2.7388E-03 -3.9789E-15
 -3.2354E-03 -2.6987E-03  3.3513E-04
  5.5756E-03  4.6222E-03  2.5371E-04
 -2.4945E-15  4.5788E-03  2.7263E-15
 -5.5756E-03  4.6222E-03 -2.5371E-04
  5.6156E-03 -3.4018E-15 -6.2652E-16
 -4.0821E-16  1.4883E-15  2.8047E-15
 -5.6156E-03 -2.3826E-15  2.0343E-15
  5.5756E-03 -4.6222E-03 -2.5371E-04
 -3.8361E-15 -4.5788E-03  2.3683E-15
 -5.5756E-03 -4.6222E-03  2.5371E-04
  6.2913E-03  5.1905E-03 -3.8902E-05
  2.4456E-15  5.1343E-03  2.7372E-15
 -6.2913E-03  5.1905E-03  3.8902E-05
  6.3414E-03  1.4417E-15  3.5679E-16
  1.2048E-15 -2.4336E-15 -3.5679E-15
 -6.3414E-03  1.4220E-16  2.0464E-15
  6.2913E-03 -5.1905E-03  3.8902E-05
  3.2523E-15 -5.1343E-03  1.6193E-15
 -6.2913E-03 -5.1905E-03 -3.8902E-05
  5.1417E-03  4.2396E-03 -3.4030E-04
  3.5359E-15  4.1923E-03 -1.0336E-17
 -5.1417E-03  4.2396E-03  3.4030E-04
  5.1840E-03  2.4247E-15  3.6355E-15
  1.9886E-15  3.4530E-16  7.5309E-16
 -5.1840E-03  1.4950E-15  9.3290E-16
  5.1417E-03 -4.2396E-03  3.4030E-04
  3.7444E-15 -4.1923E-03 -2.1171E-15
 -5.1417E-03 -4.2396E-03 -3.4030E-04
  2.4732E-03  2.0390E-03 -5.4228E-04
 -2.9472E-15  2.0163E-03  4.4358E-16
 -2.4732E-03  2.0390E-03  5.4228E-04
  2.4935E-03  3.9927E-15 -1.3681E-15
  3.2566E-15 -2.0908E-16  3.8405E-15
 -2.4935E-03  3.5583E-16 -8.0413E-16
  2.4732E-03 -2.0390E-03  5.4228E-04
 -1.5145E-15 -2.0163E-03  3.3405E-15
 -2.4732E-03 -2.0390E-03 -5.4228E-04
 -9.2575E-04 -7.6330E-04 -5.8341E-04
 -1.0054E-15 -7.5487E-04  9.9472E-16
  9.2575E-04 -7.6330E-04  5.8341E-04
 -9.3329E-04 -2.6913E-15  2.8412E-15
 -1.7501E-15  1.5000E-15 -1.2460E-15
  9.3329E-04 -3.1378E-15 -3.1041E-16
 -9.2575E-04  7.6330E-04  5.8341E-04
  2.2767E-16  7.5487E-04  1.4848E-15
  9.2575E-04  7.6330E-04 -5.8341E-04
 -4.0514E-03 -3.3403E-03 -4.5208E-04
  1.9447E-15 -3.3033E-03  2.7216E-15
  4.0514E-03 -3.3403E-03  4.5208E-04
 -4.0845E-03  3.1786E-15 -1.6638E-15
 -3.1669E-15 -9.2523E-16 -1.4793E-15
  4.0845E-03 -1.9549E-15 -5.8155E-16
 -4.0514E-03  3.3403E-03  4.5208E-04
  2.9824E-15  3.3033E-03 -2.7255E-15
  4.0514E-03  3.3403E-03 -4.5208E-04
 -5.9812E-03 -4.9314E-03 -1.8727E-04
  1.5039E-15 -4.8768E-03 -2.0276E-15
  5.9812E-03 -4.9314E-03  1.8727E-04
 -6.0301E-03 -2.3387E-15 -9.0211E-16
  1.1013E-15  1.6897E-15  6.7463E-16
  6.0301E-03 -2.5375E-15  2.2800E-15
 -5.9812E-03  4.9314E-03  1.8727E-04
  2.1382E-15  4.8768E-03  6.7763E-16
  5.9812E-03  4.9314E-03 -1.8727E-04
 -6.1456E-03 -5.0668E-03  1.3283E-04
 -1.0595E-15 -5.0107E-03 -2.4976E-15
  6.1456E-03 -5.0668E-03 -1.3283E-04
 -6.1958E-03  1.0173E-15 -2.2422E-15
  4.9493E-15 -5.9862E-16 -6.9882E-16
  6.1958E-03  1.5420E-15 -1.2337E-15
 -6.1456E-03  5.0668E-03 -1.3283E-04
  2.3217E-15  5.0107E-03 -1.4455E-15
  6.1456E-03  5.0668E-03  1.3283E-04
 -4.4959E-03 -3.7067E-03  4.1371E-04
  9.3818E-16 -3.6657E-03 -1.0022E-15
  4.4959E-03 -3.7067E-03 -4.1371E-04
 -4.5326E-03  8.0249E-16 -2.8860E-15
 -1.2591E-15  1.3037E-16 -3.0535E-15
  4.5326E-03 -1.8505E-15  3.5931E-16
 -4.4959E-03  3.7067E-03 -4.1371E-04
  6.2101E-16  3.6657E-03  6.5248E-17
  4.4959E-03  3.7067E-03  4.1371E-04
 -1.5192E-03 -1.2525E-03  5.7248E-04
 -2.0917E-16 -1.2386E-03 -5.9505E-17
  1.5192E-03 -1.2525E-03 -5.7248E-04
 -1.5316E-03 -1.4915E-15  1.3780E-15
 -3.9478E-15  1.6574E-15 -7.3045E-16
  1.5316E-03  3.8710E-15  4.3824E-16
 -1.5192E-03  1.2525E-03 -5.7248E-04
 -1.5602E-16  1.2386E-03 -1.6795E-15
  1.5192E-03  1.2525E-03  5.7248E-04
  1.9060E-03  1.5714E-03  5.6227E-04
  3.9029E-16  1.5540E-03 -2.6118E-15
 -1.9060E-03  1.5714E-03 -5.6227E-04
  1.9215E-03 -1.2247E-16 -1.3543E-15
  1.6244E-15 -2.6026E-15 -1.6124E-15
 -1.9215E-03 -1.7854E-15 -1.0807E-15
  1.9060E-03 -1.5714E-03 -5.6227E-04
 -2.2782E-15 -1.5540E-03 -9.9567E-16
 -1.9060E-03 -1.5714E-03  5.6227E-04
  4.7685E-03  3.9315E-03  3.8610E-04
  2.3049E-15  3.8880E-03  5.4587E-15
 -4.7685E-03  3.9315E-03 -3.8610E-04
  4.8075E-03 -3.1200E-16  1.4528E-15
 -8.6406E-16 -7.0734E-16 -2.0714E-15
 -4.8075E-03  7.0403E-16  3.0132E-15
  4.7685E-03 -3.9315E-03 -3.8610E-04
  5.3435E-15 -3.8880E-03  3.5844E-15
 -4.7685E-03 -3.9315E-03  3.8610E-04
  6.2235E-03  5.1312E-03  9.5999E-05
  1.9076E-15  5.0744E-03  6.4511E-16
 -6.2235E-03  5.1312E-03 -9.5999E-05
  6.2743E-03  1.7483E-15 -4.2390E-17
  4.0774E-15  1.4206E-15  1.0112E-15
 -6.2743E-03 -1.3755E-15  2.7526E-15
  6.2235E-03 -5.1312E-03 -9.5999E-05
  2.6995E-15 -5.0744E-03  2.4008E-15
 -6.2235E-03 -5.1312E-03  9.5999E-05
  5.8416E-03  4.8163E-03 -2.2225E-04
  6.8707E-16  4.7630E-03  3.5932E-15
 -5.8416E-03  4.8163E-03  2.2225E-04
  5.8892E-03  2.7304E-15  2.9820E-15
 -1.2909E-15 -9.1152E-16  3.0625E-15
 -5.8892E-03  1.8394E-15  2.3531E-15
  5.8416E-03 -4.8163E-03  2.2225E-04
 -1.1078E-15 -4.7630E-03  3.7384E-15
 -5.8416E-03 -4.8163E-03 -2.2225E-04
  3.7356E-03  3.0795E-03 -4.7455E-04
 -1.9043E-15  3.0455E-03  4.1618E-16
 -3.7356E-03  3.0795E-03  4.7455E-04
  3.7661E-03 -2.3229E-15  1.8765E-15
  4.5967E-16  8.3792E-16  4.6438E-15
 -3.7661E-03 -8.2161E-16 -6.1043E-18
  3.7356E-03 -3.0795E-03  4.7455E-04
 -3.9144E-15 -3.0455E-03  4.5389E-16
 -3.7356E-03 -3.0795E-03 -4.7455E-04
  5.2834E-04  4.3207E-04 -5.8845E-04
 -6.2405E-16  4.2626E-04  1.7456E-15
 -5.2834E-04  4.3207E-04  5.8845E-04
  5.3348E-04  1.3098E-15 -1.2145E-15
  1.0935E-15 -5.3965E-16 -1.9158E-15
 -5.3348E-04 -5.3584E-16  2.0353E-15
  5.2834E-04 -4.3207E-04  5.8845E-04
  3.0142E-16 -4.2626E-04 -4.8866E-16
 -5.2834E-04 -4.3207E-04 -5.8845E-04
 -2.8326E-03 -2.3497E-03 -5.4794E-04
  1.4969E-15 -2.3327E-03 -3.0236E-15
  2.8326E-03 -2.3497E-03  5.4794E-04
 -2.8480E-03 -7.3347E-16  8.0050E-16
  6.1590E-15 -1.2158E-15 -7.8390E-17
  2.8480E-03 -1.3790E-15 -3.0755E-15
 -2.8326E-03  2.3497E-03  5.4794E-04
  1.5897E-15  2.3327E-03 -4.6108E-17
  2.8326E-03  2.3497E-03 -5.4794E-04
 -5.3675E-03 -4.4483E-03 -4.3500E-04
  1.1881E-15 -4.4316E-03 -2.9296E-15
  5.3675E-03 -4.4483E-03  4.3500E-04
 -5.3825E-03  3.6203E-15 -3.6286E-15
  4.2899E-15 -9.6038E-16 -3.4364E-16
  5.3825E-03  1.3272E-15 -2.9861E-15
 -5.3675E-03  4.4483E-03  4.3500E-04
  2.5979E-15  4.4316E-03 -4.7356E-15
  5.3675E-03  4.4483E-03 -4.3500E-04
 -6.4587E-03 -5.1268E-03 -3.7393E-04
 -2.0600E-15 -5.1181E-03 -5.1043E-15
  6.4587E-03 -5.1268E-03  3.7393E-04
 -6.4662E-03  8.6544E-16 -4.7709E-15
  2.4622E-15  1.0601E-15 -3.4833E-15
  6.4662E-03  2.8347E-16 -7.5470E-16
 -6.4587E-03  5.1268E-03  3.7393E-04
 -3.7135E-16  5.1181E-03  3.9494E-15
  6.4587E-03  5.1268E-03 -3.7393E-04
   5.6503E-02
  0.0000E+00  0.0000E+00  0.0000E+00
  0.0000E+00  0.0000E+00  0.0000E+00
  0.0000E+00  0.0000E+00  0.0000E+00
  0.0000E+00  0.0000E+00  0.0000E+00
  0.0000E+00  0.0000E+00  0.0000E+00
  0.0000E+00  0.0000E+00  0.0000E+00
  0.0000E+00  0.0000E+00  0.0000E+00
  0.0000E+00  0.0000E+00  0.0000E+00
  0.0000E+00  0.0000E+00  0.0000E+00
  2.9136E-03 -3.4463E-05  9.2012E-04
  2.8871E-03 -1.8585E-15  9.8764E-04
  2.9136E-03  3.4463E-05  9.2012E-04
  2.8363E-03 -6.8314E-16 -1.9130E-15
  2.7974E-03 -2.2220E-15 -2.2240E-16
  2.8363E-03  2.3929E-15 -2.4968E-15
  2.9136E-03  3.4463E-05 -9.2012E-04
  2.8871E-03  1.9682E-15 -9.8764E-04
  2.9136E-03 -3.4463E-05 -9.2012E-04
  4.9373E-03  4.8206E-04  9.8325E-05
  4.6791E-03  8.9331E-16  1.7426E-04
  4.9373E-03 -4.8206E-04  9.8325E-05
  5.1739E-03 -3.5108E-15 -6.5290E-16
  4.9288E-03  1.6677E-15  2.9985E-15
  5.1739E-03 -2.4331E-15  2.1925E-15
  4.9373E-03 -4.8206E-04 -9.8325E-05
  4.6791E-03  4.5018E-16 -1.7426E-04
  4.9373E-03  4.8206E-04 -9.8325E-05
  4.3779E-03  5.2020E-04 -1.5007E-03
  4.0919E-03 -1.5576E-15 -1.5527E-03
  4.3779E-03 -5.2020E-04 -1.5007E-03
  4.6018E-03  1.6281E-15  4.0432E-16
  4.3387E-03 -2.4700E-15 -3.7573E-15
  4.6018E-03  2.3052E-16  2.2055E-15
  4.3779E-03 -5.2020E-04  1.5007E-03
  4.0919E-03  5.2695E-16  1.5527E-03
  4.3779E-03  5.2020E-04  1.5007E-03
  1.2018E-03  1.0623E-04 -2.4857E-03
  1.1466E-03 -1.3758E-15 -2.6199E-03
  1.2018E-03 -1.0623E-04 -2.4857E-03
  1.2506E-03  2.6112E-15  3.9182E-15
  1.2012E-03  4.0864E-16  8.2097E-16
  1.2506E-03  1.6144E-15  9.6702E-16
  1.2018E-03 -1.0623E-04  2.4857E-03
  1.1466E-03 -4.1647E-16  2.6199E-03
  1.2018E-03  1.0623E-04  2.4857E-03
 -2.5985E-03 -4.3260E-04 -2.0150E-03
 -2.3516E-03 -1.9429E-15 -2.1298E-03
 -2.5985E-03  4.3260E-04 -2.0150E-03
 -2.7814E-03  4.1869E-15 -1.3696E-15
 -2.5466E-03 -2.7360E-16  4.0876E-15
 -2.7814E-03  3.1870E-16 -8.9271E-16
 -2.5985E-03  4.3260E-04  2.0150E-03
 -2.3516E-03 -2.4133E-15  2.1298E-03
 -2.5985E-03 -4.3260E-04  2.0150E-03
 -4.5525E-03 -7.0877E-04 -3.0379E-04
 -4.1506E-03  2.4028E-15 -3.1652E-04
 -4.5525E-03  7.0877E-04 -3.0379E-04
 -4.8536E-03 -2.9533E-15  3.0488E-15
 -4.4733E-03  1.4726E-15 -1.3157E-15
 -4.8536E-03 -3.4390E-15 -3.5826E-16
 -4.5525E-03  7.0877E-04  3.0379E-04
 -4.1506E-03  2.2772E-15  3.1652E-04
 -4.5525E-03 -7.0877E-04  3.0379E-04
 -3.3897E-03 -5.2304E-04  1.5494E-03
 -3.0934E-03 -2.2425E-15  1.6503E-03
 -3.3897E-03  5.2304E-04  1.5494E-03
 -3.6121E-03  3.2619E-15 -1.7834E-15
 -3.3319E-03 -1.0989E-15 -1.5769E-15
 -3.6121E-03 -2.1870E-15 -6.1015E-16
 -3.3897E-03  5.2304E-04 -1.5494E-03
 -3.0934E-03  3.0926E-15 -1.6503E-03
 -3.3897E-03 -5.2304E-04 -1.5494E-03
  8.2322E-05  6.7666E-06  2.3255E-03
  7.8849E-05 -6.1367E-16  2.4737E-03
  8.2322E-05 -6.7666E-06  2.3255E-03
  8.5432E-05 -2.5377E-15 -1.0154E-15
  8.2370E-05  1.7315E-15  6.9420E-16
  8.5432E-05 -2.7457E-15  2.4537E-15
  8.2322E-05 -6.7666E-06 -2.3255E-03
  7.8849E-05  9.8073E-16 -2.4737E-03
  8.2322E-05  6.7666E-06 -2.3255E-03
  3.5126E-03  5.2800E-04  1.5168E-03
  3.2144E-03 -3.8420E-15  1.6134E-03
  3.5126E-03 -5.2800E-04  1.5168E-03
  3.7377E-03  1.0326E-15 -2.4276E-15
  3.4562E-03 -6.9046E-16 -7.6071E-16
  3.7377E-03  1.6216E-15 -1.2933E-15
  3.5126E-03 -5.2800E-04 -1.5168E-03
  3.2144E-03 -1.4251E-15 -1.6134E-03
  3.5126E-03  5.2800E-04 -1.5168E-03
  4.5839E-03  6.9215E-04 -3.2547E-04
  4.1927E-03  4.9430E-16 -3.4486E-04
  4.5839E-03 -6.9215E-04 -3.2547E-04
  4.8788E-03  8.1694E-16 -3.0935E-15
  4.5095E-03  1.1329E-16 -3.2540E-15
  4.8788E-03 -1.9776E-15  3.6772E-16
  4.5839E-03 -6.9215E-04  3.2547E-04
  4.1927E-03  2.0204E-15  3.4486E-04
  4.5839E-03  6.9215E-04  3.2547E-04
  2.5691E-03  3.9043E-04 -1.9591E-03
  2.3483E-03 -3.8768E-15 -2.0810E-03
  2.5691E-03 -3.9043E-04 -1.9591E-03
  2.7354E-03 -1.6293E-15  1.4038E-15
  2.5268E-03  1.7145E-15 -7.9641E-16
  2.7354E-03  4.0661E-15  4.8732E-16
  2.5691E-03 -3.9043E-04  1.9591E-03
  2.3483E-03 -8.1000E-16  2.0810E-03
  2.5691E-03  3.9043E-04  1.9591E-03
 -1.1814E-03 -1.7229E-04 -2.2868E-03
 -1.0844E-03  3.3052E-16 -2.4285E-03
 -1.1814E-03  1.7229E-04 -2.2868E-03
 -1.2550E-03 -1.3298E-16 -1.4960E-15
 -1.1637E-03 -2.7595E-15 -1.7254E-15
 -1.2550E-03 -1.8908E-15 -1.1110E-15
 -1.1814E-03  1.7229E-04  2.2868E-03
 -1.0844E-03  9.4059E-16  2.4285E-03
 -1.1814E-03 -1.7229E-04  2.2868E-03
 -4.1513E-03 -6.1473E-04 -1.0953E-03
 -3.8046E-03  3.6997E-16 -1.1605E-03
 -4.1513E-03  6.1473E-04 -1.0953E-03
 -4.4137E-03 -2.8514E-16  1.4979E-15
 -4.0868E-03 -6.9898E-16 -2.2067E-15
 -4.4137E-03  7.9135E-16  3.2270E-15
 -4.1513E-03  6.1473E-04  1.0953E-03
 -3.8046E-03 -7.2921E-16  1.1605E-03
 -4.1513E-03 -6.1473E-04  1.0953E-03
 -4.3557E-03 -6.3482E-04  7.9744E-04
 -3.9983E-03 -3.2546E-15  8.5432E-04
 -4.3557E-03  6.3482E-04  7.9744E-04
 -4.6271E-03  1.9030E-15 -4.6040E-17
 -4.2905E-03  1.5562E-15  1.0783E-15
 -4.6271E-03 -1.4183E-15  2.9194E-15
 -4.3557E-03  6.3482E-04 -7.9744E-04
 -3.9983E-03 -4.5711E-15 -8.5432E-04
 -4.3557E-03 -6.3482E-04 -7.9744E-04
 -1.6831E-03 -2.1139E-04  2.0872E-03
 -1.5663E-03  2.3063E-15  2.2310E-03
 -1.6831E-03  2.1139E-04  2.0872E-03
 -1.7748E-03  2.9094E-15  3.2073E-15
 -1.6662E-03 -9.5739E-16  3.2625E-15
 -1.7748E-03  1.9525E-15  2.4786E-15
 -1.6831E-03  2.1139E-04 -2.0872E-03
 -1.5663E-03  1.3956E-15 -2.2310E-03
 -1.6831E-03 -2.1139E-04 -2.0872E-03
  2.0191E-03  3.8467E-04  1.8489E-03
  1.7967E-03  6.1419E-16  1.9885E-03
  2.0191E-03 -3.8467E-04  1.8489E-03
  2.1798E-03 -2.5046E-15  2.0343E-15
  1.9668E-03  8.3048E-16  4.9373E-15
  2.1798E-03 -9.2952E-16 -1.6944E-17
  2.0191E-03 -3.8467E-04 -1.8489E-03
  1.7967E-03  2.0261E-15 -1.9885E-03
  2.0191E-03  3.8467E-04 -1.8489E-03
  4.1687E-03  7.7844E-04  1.3651E-04
  3.7195E-03 -1.3198E-15  1.8883E-04
  4.1687E-03 -7.7844E-04  1.3651E-04
  4.4943E-03  1.2973E-15 -1.3071E-15
  4.0644E-03 -6.7843E-16 -2.0301E-15
  4.4943E-03 -6.7408E-16  2.1744E-15
  4.1687E-03 -7.7844E-04 -1.3651E-04
  3.7195E-03 -6.5258E-16 -1.8883E-04
  4.1687E-03  7.7844E-04 -1.3651E-04
  3.1503E-03  7.5438E-04 -2.0967E-03
  2.7066E-03 -2.0769E-15 -2.1456E-03
  3.1503E-03 -7.5438E-04 -2.0967E-03
  3.4618E-03 -8.5890E-16  7.7569E-16
  3.0313E-03 -1.3683E-15 -9.4892E-17
  3.4618E-03 -1.5353E-15 -3.2152E-15
  3.1503E-03 -7.5438E-04  2.0967E-03
  2.7066E-03 -4.5137E-16  2.1456E-03
  3.1503E-03  7.5438E-04  2.0967E-03
 -6.5843E-04  4.2777E-04 -3.7141E-03
 -9.3104E-04  1.0098E-15 -3.8006E-03
 -6.5843E-04 -4.2777E-04 -3.7141E-03
 -5.0946E-04  3.8325E-15 -3.9526E-15
 -7.8030E-04 -1.0273E-15 -3.7940E-16
 -5.0946E-04  1.3972E-15 -3.0951E-15
 -6.5843E-04 -4.2777E-04  3.7141E-03
 -9.3104E-04  2.4084E-15  3.8006E-03
 -6.5843E-04  4.2777E-04  3.7141E-03
 -5.2932E-03  2.0108E-04 -4.2925E-03
 -5.4783E-03  8.3400E-16 -4.3736E-03
 -5.2932E-03 -2.0108E-04 -4.2925E-03
 -5.2477E-03  1.0097E-15 -5.1800E-15
 -5.4349E-03  1.2090E-15 -3.7132E-15
 -5.2477E-03  3.7820E-16 -7.2448E-16
 -5.2932E-03 -2.0108E-04  4.2925E-03
 -5.4783E-03 -1.9503E-15  4.3736E-03
 -5.2932E-03  2.0108E-04  4.2925E-03
   6.0743E-02
  0.0000E+00  0.0000E+00  0.0000E+00
  0.0000E+00  0.0000E+00  0.0000E+00
  0.0000E+00  0.0000E+00  0.0000E+00
  0.0000E+00  0.0000E+00  0.0000E+00
  0.0000E+00  0.0000E+00  0.0000E+00
  0.0000E+00  0.0000E+00  0.0000E+00
  0.0000E+00  0.0000E+00  0.0000E+00
  0.0000E+00  0.0000E+00  0.0000E+00
  0.0000E+00  0.0000E+00  0.0000E+00
  8.9234E-06 -3.0719E-03  7.3135E-04
  6.8450E-16 -3.0318E-03  6.5295E-16
 -8.9234E-06 -3.0719E-03 -7.3135E-04
  8.8497E-16 -3.0547E-03  8.1319E-04
 -1.0757E-16 -3.0009E-03  2.0541E-17
  6.9558E-16 -3.0547E-03 -8.1319E-04
 -8.9234E-06 -3.0719E-03  7.3135E-04
  9.6583E-16 -3.0318E-03  8.7739E-16
  8.9234E-06 -3.0719E-03 -7.3135E-04
 -4.7598E-04 -4.9225E-03 -2.1115E-04
  5.7722E-16 -5.1998E-03 -6.9484E-16
  4.7598E-04 -4.9225E-03  2.1115E-04
 -3.5016E-17 -4.7378E-03 -1.3094E-04
  1.1485E-16 -5.0324E-03 -7.1274E-16
  9.4188E-16 -4.7378E-03  1.3094E-04
  4.7598E-04 -4.9225E-03 -2.1115E-04
  9.1330E-16 -5.1998E-03 -6.1179E-16
 -4.7598E-04 -4.9225E-03  2.1115E-04
 -4.7025E-04 -4.1405E-03 -1.8132E-03
 -5.6468E-16 -4.3882E-03 -7.2596E-16
  4.7025E-04 -4.1405E-03  1.8132E-03
 -3.1188E-16 -3.9503E-03 -1.8860E-03
 -2.7297E-16 -4.2245E-03  7.3360E-16
  6.8513E-16 -3.9503E-03  1.8860E-03
  4.7025E-04 -4.1405E-03 -1.8132E-03
 -7.2326E-16 -4.3882E-03 -4.5903E-16
 -4.7025E-04 -4.1405E-03  1.8132E-03
 -5.4523E-05 -9.2278E-04 -2.6924E-03
 -8.2068E-16 -9.5241E-04 -9.2273E-17
  5.4523E-05 -9.2278E-04  2.6924E-03
 -8.0838E-16 -9.0221E-04 -2.8534E-03
 -4.5789E-16 -9.3695E-04 -2.6570E-16
 -2.0820E-16 -9.0221E-04  2.8534E-03
  5.4523E-05 -9.2278E-04 -2.6924E-03
 -8.5801E-16 -9.5241E-04  4.0361E-16
 -5.4523E-05 -9.2278E-04  2.6924E-03
  4.4848E-04  2.7138E-03 -2.0617E-03
  6.9693E-16  2.9523E-03 -1.7500E-16
 -4.4848E-04  2.7138E-03  2.0617E-03
  2.7060E-17  2.5296E-03 -2.1908E-03
 -7.3285E-16  2.7840E-03 -9.6498E-16
 -5.0055E-16  2.5296E-03  2.1908E-03
 -4.4848E-04  2.7138E-03 -2.0617E-03
  3.6065E-16  2.9523E-03 -8.4896E-16
  4.4848E-04  2.7138E-03  2.0617E-03
  6.8196E-04  4.4301E-03 -2.2141E-04
  2.8646E-16  4.7929E-03 -2.7995E-16
 -6.8196E-04  4.4301E-03  2.2141E-04
  9.2178E-16  4.1509E-03 -2.2647E-04
  4.4853E-16  4.5396E-03  2.3616E-16
 -1.6855E-16  4.1509E-03  2.2647E-04
 -6.8196E-04  4.4301E-03 -2.2141E-04
 -2.1021E-17  4.7929E-03 -3.9345E-16
  6.8196E-04  4.4301E-03  2.2141E-04
  4.7794E-04  3.1302E-03  1.6704E-03
 -4.0105E-16  3.3845E-03 -6.5397E-16
 -4.7794E-04  3.1302E-03 -1.6704E-03
  1.0853E-15  2.9346E-03  1.7963E-03
  7.6697E-16  3.2072E-03  3.2726E-16
  1.3904E-16  2.9346E-03 -1.7963E-03
 -4.7794E-04  3.1302E-03  1.6704E-03
 -6.5586E-16  3.3845E-03  6.2508E-16
  4.7794E-04  3.1302E-03 -1.6704E-03
 -3.5046E-05 -2.9153E-04  2.3920E-03
 -3.2904E-16 -3.1022E-04  4.8283E-16
  3.5046E-05 -2.9153E-04 -2.3920E-03
 -3.0232E-16 -2.7736E-04  2.5672E-03
 -2.5434E-16 -2.9775E-04 -1.3597E-16
 -5.4021E-16 -2.7736E-04 -2.5672E-03
  3.5046E-05 -2.9153E-04  2.3920E-03
 -4.9924E-16 -3.1022E-04 -1.3076E-16
 -3.5046E-05 -2.9153E-04 -2.3920E-03
 -5.1967E-04 -3.5381E-03  1.4840E-03
  2.5674E-16 -3.8147E-03  6.3823E-16
  5.1967E-04 -3.5381E-03 -1.4840E-03
 -1.2695E-15 -3.3258E-03  1.5930E-03
 -1.1292E-15 -3.6231E-03  2.0283E-16
 -9.8545E-16 -3.3258E-03 -1.5930E-03
  5.1967E-04 -3.5381E-03  1.4840E-03
 -5.5890E-16 -3.8147E-03  3.5800E-16
 -5.1967E-04 -3.5381E-03 -1.4840E-03
 -6.5599E-04 -4.4350E-03 -4.3833E-04
 -1.6346E-16 -4.7841E-03  3.0095E-16
  6.5599E-04 -4.4350E-03  4.3833E-04
 -2.8724E-16 -4.1669E-03 -4.6712E-04
  3.2461E-16 -4.5419E-03  7.6171E-16
  1.0399E-16 -4.1669E-03  4.6712E-04
  6.5599E-04 -4.4350E-03 -4.3833E-04
 -1.1825E-16 -4.7841E-03  1.8260E-17
 -6.5599E-04 -4.4350E-03  4.3833E-04
 -3.5550E-04 -2.3757E-03 -2.0914E-03
  1.2141E-16 -2.5648E-03  8.7451E-17
  3.5550E-04 -2.3757E-03  2.0914E-03
  7.4987E-17 -2.2303E-03 -2.2380E-03
  9.8540E-16 -2.4334E-03  2.4183E-16
  1.2545E-16 -2.2303E-03  2.2380E-03
  3.5550E-04 -2.3757E-03 -2.0914E-03
  9.9666E-17 -2.5648E-03  4.4694E-16
 -3.5550E-04 -2.3757E-03  2.0914E-03
  1.7915E-04  1.2769E-03 -2.3783E-03
 -1.9540E-17  1.3723E-03  6.6535E-16
 -1.7915E-04  1.2769E-03  2.3783E-03
  3.8750E-16  1.2039E-03 -2.5440E-03
 -2.9697E-16  1.3067E-03  4.4574E-16
  7.6441E-16  1.2039E-03  2.5440E-03
 -1.7915E-04  1.2769E-03 -2.3783E-03
  6.0245E-16  1.3723E-03  3.0774E-16
  1.7915E-04  1.2769E-03  2.3783E-03
  5.8847E-04  4.1014E-03 -1.1205E-03
 -4.8105E-16  4.4146E-03 -1.2219E-15
 -5.8847E-04  4.1014E-03  1.1205E-03
 -5.1102E-16  3.8612E-03 -1.1934E-03
  2.6420E-16  4.1985E-03  5.3596E-16
 -5.1023E-16  3.8612E-03  1.1934E-03
 -5.8847E-04  4.1014E-03 -1.1205E-03
 -1.1480E-15  4.4146E-03 -7.5815E-16
  5.8847E-04  4.1014E-03  1.1205E-03
  5.9465E-04  4.2351E-03  8.1879E-04
 -4.3314E-16  4.5517E-03 -1.4528E-16
 -5.9465E-04  4.2351E-03 -8.1879E-04
  4.1357E-16  3.9927E-03  8.8975E-04
 -9.1004E-16  4.3340E-03 -2.1005E-16
  3.3001E-16  3.9927E-03 -8.8975E-04
 -5.9465E-04  4.2351E-03  8.1879E-04
 -5.7172E-16  4.5517E-03 -5.0893E-16
  5.9465E-04  4.2351E-03 -8.1879E-04
  1.8511E-04  1.6212E-03  2.1025E-03
 -1.4036E-16  1.7199E-03 -8.0136E-16
 -1.8511E-04  1.6212E-03 -2.1025E-03
 -9.4339E-17  1.5466E-03  2.2741E-03
  2.9400E-16  1.6547E-03 -7.2064E-16
  1.8435E-16  1.5466E-03 -2.2741E-03
 -1.8511E-04  1.6212E-03  2.1025E-03
  2.5325E-16  1.7199E-03 -8.4374E-16
  1.8511E-04  1.6212E-03 -2.1025E-03
 -3.8168E-04 -1.9438E-03  1.7967E-03
  3.7318E-16 -2.1465E-03 -1.2527E-16
  3.8168E-04 -1.9438E-03 -1.7967E-03
  3.8677E-16 -1.7860E-03  1.9617E-03
 -1.5920E-16 -2.0002E-03 -1.1000E-15
  5.6566E-16 -1.7860E-03 -1.9617E-03
  3.8168E-04 -1.9438E-03  1.7967E-03
  8.5547E-16 -2.1465E-03 -1.3872E-16
 -3.8168E-04 -1.9438E-03 -1.7967E-03
 -7.5274E-04 -3.9900E-03 -3.1129E-05
  7.7037E-17 -4.3898E-03 -4.2224E-16
  7.5274E-04 -3.9900E-03  3.1129E-05
 -1.7108E-16 -3.6792E-03  2.9508E-05
 -3.1691E-16 -4.1026E-03  3.8768E-16
 -7.9096E-17 -3.6792E-03 -2.9508E-05
  7.5274E-04 -3.9900E-03 -3.1129E-05
 -1.1856E-16 -4.3898E-03  2.1002E-17
 -7.5274E-04 -3.9900E-03  3.1129E-05
 -7.2324E-04 -2.9903E-03 -2.3999E-03
 -3.7579E-16 -3.3763E-03  7.0631E-16
  7.2324E-04 -2.9903E-03  2.3999E-03
 -6.8180E-16 -2.6894E-03 -2.4611E-03
 -1.4416E-15 -3.0916E-03 -5.5501E-17
 -5.9270E-16 -2.6894E-03  2.4611E-03
  7.2324E-04 -2.9903E-03 -2.3999E-03
 -3.7332E-16 -3.3763E-03 -1.4817E-16
 -7.2324E-04 -2.9903E-03  2.3999E-03
 -3.9368E-04  6.6284E-04 -4.1377E-03
 -2.0311E-16  4.6919E-04  7.1677E-16
  3.9368E-04  6.6284E-04  4.1377E-03
 -2.9518E-16  8.3341E-04 -4.2417E-03
 -9.0774E-16  6.3806E-04 -1.1093E-17
  9.1314E-17  8.3341E-04  4.2417E-03
  3.9368E-04  6.6284E-04 -4.1377E-03
 -5.0938E-16  4.6919E-04  8.7288E-16
 -3.9368E-04  6.6284E-04  4.1377E-03
 -1.5336E-04  5.0377E-03 -4.7701E-03
  7.0422E-16  4.9664E-03  1.2362E-15
  1.5336E-04  5.0377E-03  4.7701E-03
 -7.5548E-17  5.1400E-03 -4.8647E-03
 -3.3926E-16  5.0718E-03  7.0693E-16
  6.0512E-16  5.1400E-03  4.8647E-03
  1.5336E-04  5.0377E-03 -4.7701E-03
  3.1342E-16  4.9664E-03 -1.1445E-15
 -1.5336E-04  5.0377E-03  4.7701E-03
   6.4487E-02
  0.0000E+00  0.0000E+00  0.0000E+00
  0.0000E+00  0.0000E+00  0.0000E+00
  0.0000E+00  0.0000E+00  0.0000E+00
  0.0000E+00  0.0000E+00  0.0000E+00
  0.0000E+00  0.0000E+00  0.0000E+00
  0.0000E+00  0.0000E+00  0.0000E+00
  0.0000E+00  0.0000E+00  0.0000E+00
  0.0000E+00  0.0000E+00  0.0000E+00
  0.0000E+00  0.0000E+00  0.0000E+00
  5.6045E-04 -6.3472E-04  1.6555E-03
  5.6626E-04  4.7453E-15  1.5644E-03
  5.6045E-04  6.3472E-04  1.6555E-03
  1.1249E-14 -6.3725E-04  1.5798E-03
 -1.3693E-15  5.4136E-15  1.4825E-03
  6.4888E-15  6.3725E-04  1.5798E-03
 -5.6045E-04 -6.3472E-04  1.6555E-03
 -5.6626E-04 -5.2919E-15  1.5644E-03
 -5.6045E-04  6.3472E-04  1.6555E-03
  4.0476E-04 -5.1569E-04  3.0671E-03
  4.3709E-04 -1.9465E-15  3.1454E-03
  4.0476E-04  5.1569E-04  3.0671E-03
  1.6817E-15 -5.2697E-04  3.1366E-03
  1.0608E-15 -4.3086E-15  3.2151E-03
  8.0747E-15  5.2697E-04  3.1366E-03
 -4.0476E-04 -5.1569E-04  3.0671E-03
 -4.3709E-04 -1.7050E-15  3.1454E-03
 -4.0476E-04  5.1569E-04  3.0671E-03
  2.3019E-04 -2.9550E-04  4.1013E-03
  2.3855E-04  4.3308E-15  4.2435E-03
  2.3019E-04  2.9550E-04  4.1013E-03
 -1.1281E-15 -2.9332E-04  4.1991E-03
 -3.1782E-15  6.1667E-15  4.3475E-03
  5.0793E-15  2.9332E-04  4.1991E-03
 -2.3019E-04 -2.9550E-04  4.1013E-03
 -2.3855E-04 -1.8701E-15  4.2435E-03
 -2.3019E-04  2.9550E-04  4.1013E-03
  2.0866E-05 -2.7135E-05  4.5150E-03
  2.1558E-05  3.2412E-15  4.6767E-03
  2.0866E-05  2.7135E-05  4.5150E-03
 -8.9664E-15 -2.7095E-05  4.6232E-03
 -5.2489E-15 -1.0624E-15  4.7869E-03
 -2.6015E-15  2.7095E-05  4.6232E-03
 -2.0866E-05 -2.7135E-05  4.5150E-03
 -2.1558E-05  1.1312E-15  4.6767E-03
 -2.0866E-05  2.7135E-05  4.5150E-03
 -1.9294E-04  2.4113E-04  4.2343E-03
 -1.9809E-04  4.0600E-15  4.3856E-03
 -1.9294E-04 -2.4113E-04  4.2343E-03
 -2.5434E-15  2.4206E-04  4.3358E-03
 -8.6271E-15  5.7998E-16  4.4890E-03
 -3.1837E-15 -2.4206E-04  4.3358E-03
  1.9294E-04  2.4113E-04  4.2343E-03
  1.9809E-04  6.6060E-15  4.3856E-03
  1.9294E-04 -2.4113E-04  4.2343E-03
 -3.7756E-04  4.7160E-04  3.3012E-03
 -3.8744E-04 -7.1340E-15  3.4191E-03
 -3.7756E-04 -4.7160E-04  3.3012E-03
  5.2718E-15  4.7355E-04  3.3805E-03
  4.5911E-15 -3.8166E-15  3.4997E-03
  2.2861E-15 -4.7355E-04  3.3805E-03
  3.7756E-04  4.7160E-04  3.3012E-03
  3.8744E-04 -4.8024E-15  3.4191E-03
  3.7756E-04 -4.7160E-04  3.3012E-03
 -5.0401E-04  6.2942E-04  1.8595E-03
 -5.1714E-04  4.4644E-15  1.9259E-03
 -5.0401E-04 -6.2942E-04  1.8595E-03
  7.1085E-15  6.3205E-04  1.9042E-03
  8.3364E-15  2.6112E-15  1.9713E-03
  5.9528E-15 -6.3205E-04  1.9042E-03
  5.0401E-04  6.2942E-04  1.8595E-03
  5.1714E-04 -6.8493E-15  1.9259E-03
  5.0401E-04 -6.2942E-04  1.8595E-03
 -5.5278E-04  6.9032E-04  1.3141E-04
 -5.6718E-04  7.9847E-16  1.3610E-04
 -5.5278E-04 -6.9032E-04  1.3141E-04
 -6.8114E-15  6.9320E-04  1.3457E-04
 -2.9405E-15 -4.3827E-15  1.3931E-04
 -2.9302E-15 -6.9320E-04  1.3457E-04
  5.5278E-04  6.9032E-04  1.3141E-04
  5.6718E-04 -1.8737E-15  1.3610E-04
  5.5278E-04 -6.9032E-04  1.3141E-04
 -5.1639E-04  6.4488E-04 -1.6170E-03
 -5.2985E-04  9.6067E-15 -1.6747E-03
 -5.1639E-04 -6.4488E-04 -1.6170E-03
 -1.4315E-14  6.4757E-04 -1.6558E-03
 -1.3114E-14  1.6141E-15 -1.7142E-03
 -1.0484E-14 -6.4757E-04 -1.6558E-03
  5.1639E-04  6.4488E-04 -1.6170E-03
  5.2985E-04  3.6947E-15 -1.6747E-03
  5.1639E-04 -6.4488E-04 -1.6170E-03
 -4.0045E-04  5.0009E-04 -3.1163E-03
 -4.1089E-04 -1.2337E-15 -3.2275E-03
 -4.0045E-04 -5.0009E-04 -3.1163E-03
 -3.1269E-15  5.0218E-04 -3.1911E-03
  3.2868E-15 -3.3522E-16 -3.3036E-03
  1.0213E-16 -5.0218E-04 -3.1911E-03
  4.0045E-04  5.0009E-04 -3.1163E-03
  4.1089E-04 -5.1575E-15 -3.2275E-03
  4.0045E-04 -5.0009E-04 -3.1163E-03
 -2.2283E-04  2.7827E-04 -4.1355E-03
 -2.2864E-04  9.8222E-15 -4.2831E-03
 -2.2283E-04 -2.7827E-04 -4.1355E-03
  1.3803E-15  2.7944E-04 -4.2348E-03
  1.0446E-14 -4.3100E-15 -4.3841E-03
 -7.5611E-16 -2.7944E-04 -4.2348E-03
  2.2283E-04  2.7827E-04 -4.1355E-03
  2.2864E-04  1.8178E-15 -4.2831E-03
  2.2283E-04 -2.7827E-04 -4.1355E-03
 -1.0877E-05  1.3584E-05 -4.5177E-03
 -1.1161E-05 -5.9959E-16 -4.6789E-03
 -1.0877E-05 -1.3584E-05 -4.5177E-03
  4.5067E-15  1.3641E-05 -4.6261E-03
 -4.2624E-15  7.0020E-15 -4.7893E-03
  6.8393E-15 -1.3641E-05 -4.6261E-03
  1.0877E-05  1.3584E-05 -4.5177E-03
  1.1161E-05 -2.3356E-15 -4.6789E-03
  1.0877E-05 -1.3584E-05 -4.5177E-03
  2.0275E-04 -2.5320E-04 -4.2039E-03
  2.0803E-04 -7.5295E-16 -4.3539E-03
  2.0275E-04  2.5320E-04 -4.2039E-03
 -6.8139E-15 -2.5426E-04 -4.3048E-03
  2.3201E-15  1.9864E-15 -4.4567E-03
 -6.4170E-15  2.5426E-04 -4.3048E-03
 -2.0275E-04 -2.5320E-04 -4.2039E-03
 -2.0803E-04  2.1376E-15 -4.3539E-03
 -2.0275E-04  2.5320E-04 -4.2039E-03
  3.8514E-04 -4.8098E-04 -3.2425E-03
  3.9518E-04  8.1364E-15 -3.3583E-03
  3.8514E-04  4.8098E-04 -3.2425E-03
  3.1934E-15 -4.8299E-04 -3.3204E-03
 -1.0751E-14 -3.6478E-15 -3.4375E-03
  4.6647E-15  4.8299E-04 -3.3204E-03
 -3.8514E-04 -4.8098E-04 -3.2425E-03
 -3.9518E-04  1.1900E-14 -3.3583E-03
 -3.8514E-04  4.8098E-04 -3.2425E-03
  5.0818E-04 -6.3468E-04 -1.7817E-03
  5.2146E-04 -5.9586E-15 -1.8452E-03
  5.0818E-04  6.3468E-04 -1.7817E-03
 -2.5458E-15 -6.3732E-04 -1.8245E-03
  3.4196E-15  2.4853E-15 -1.8888E-03
  3.7471E-15  6.3732E-04 -1.8245E-03
 -5.0818E-04 -6.3468E-04 -1.7817E-03
 -5.2146E-04 -3.1053E-15 -1.8452E-03
 -5.0818E-04  6.3468E-04 -1.7817E-03
  5.5301E-04 -6.9053E-04 -4.6383E-05
  5.6744E-04 -1.9194E-15 -4.7882E-05
  5.5301E-04  6.9053E-04 -4.6383E-05
  3.5257E-15 -6.9341E-04 -4.7540E-05
 -1.3327E-15 -2.2472E-15 -4.9069E-05
  8.6120E-15  6.9341E-04 -4.7540E-05
 -5.5301E-04 -6.9053E-04 -4.6383E-05
 -5.6744E-04 -4.9892E-15 -4.7882E-05
 -5.5301E-04  6.9053E-04 -4.6383E-05
  5.1294E-04 -6.3922E-04  1.6962E-03
  5.2599E-04  2.8891E-15  1.7563E-03
  5.1294E-04  6.3922E-04  1.6962E-03
 -1.9817E-15 -6.4242E-04  1.7368E-03
 -3.0856E-15  1.3462E-15  1.7983E-03
  5.0410E-16  6.4242E-04  1.7368E-03
 -5.1294E-04 -6.3922E-04  1.6962E-03
 -5.2599E-04  1.3473E-15  1.7563E-03
 -5.1294E-04  6.3922E-04  1.6962E-03
  3.9402E-04 -4.8859E-04  3.1794E-03
  4.0061E-04  5.0347E-15  3.2874E-03
  3.9402E-04  4.8859E-04  3.1794E-03
 -7.2738E-15 -4.9005E-04  3.2547E-03
 -1.6416E-14  3.1199E-15  3.3653E-03
 -6.8746E-15  4.9005E-04  3.2547E-03
 -3.9402E-04 -4.8859E-04  3.1794E-03
 -4.0061E-04  6.6560E-16  3.2874E-03
 -3.9402E-04  4.8859E-04  3.1794E-03
  2.0837E-04 -2.6473E-04  4.1910E-03
  2.0801E-04 -2.1146E-15  4.3088E-03
  2.0837E-04  2.6473E-04  4.1910E-03
 -2.8818E-15 -2.6367E-04  4.2711E-03
 -1.1342E-14  2.6109E-15  4.3907E-03
 -1.1650E-15  2.6367E-04  4.2711E-03
 -2.0837E-04 -2.6473E-04  4.1910E-03
 -2.0801E-04 -6.3571E-15  4.3088E-03
 -2.0837E-04  2.6473E-04  4.1910E-03
  7.8403E-05 -1.0006E-04  4.5927E-03
  7.5962E-05 -1.2351E-15  4.7012E-03
  7.8403E-05  1.0006E-04  4.5927E-03
 -1.4906E-15 -9.8327E-05  4.6627E-03
 -6.3861E-15 -2.6049E-15  4.7720E-03
  2.6936E-15  9.8327E-05  4.6627E-03
 -7.8403E-05 -1.0006E-04  4.5927E-03
 -7.5962E-05  4.8011E-15  4.7012E-03
 -7.8403E-05  1.0006E-04  4.5927E-03
   7.1794E-02
  0.0000E+00  0.0000E+00  0.0000E+00
  0.0000E+00  0.0000E+00  0.0000E+00
  0.0000E+00  0.0000E+00  0.0000E+00
  0.0000E+00  0.0000E+00  0.0000E+00
  0.0000E+00  0.0000E+00  0.0000E+00
  0.0000E+00  0.0000E+00  0.0000E+00
  0.0000E+00  0.0000E+00  0.0000E+00
  0.0000E+00  0.0000E+00  0.0000E+00
  0.0000E+00  0.0000E+00  0.0000E+00
  4.1052E-03  3.4059E-03  3.4767E-04
  7.1155E-15  3.4339E-03  6.8476E-15
 -4.1052E-03  3.4059E-03 -3.4767E-04
  4.0780E-03  1.9004E-15  4.1392E-15
 -1.1018E-15  5.3356E-15  3.7123E-16
 -4.0780E-03 -5.0159E-15  5.4957E-15
  4.1052E-03 -3.4059E-03 -3.4767E-04
  9.8671E-15 -3.4339E-03  9.2505E-15
 -4.1052E-03 -3.4059E-03  3.4767E-04
  6.3129E-03  5.2064E-03  9.7844E-05
  5.9706E-15  5.1254E-03 -6.8775E-15
 -6.3129E-03  5.2064E-03 -9.7844E-05
  6.3869E-03  8.1863E-15  1.3305E-15
  1.1359E-15 -3.3682E-15 -7.0045E-15
 -6.3869E-03  5.7908E-15 -5.3469E-15
  6.3129E-03 -5.2064E-03 -9.7844E-05
  9.3255E-15 -5.1254E-03 -5.8549E-15
 -6.3129E-03 -5.2064E-03  9.7844E-05
  5.5163E-03  4.5250E-03 -3.7747E-04
 -5.9186E-15  4.4470E-03 -7.1292E-15
 -5.5163E-03  4.5250E-03  3.7747E-04
  5.5859E-03 -3.6729E-15 -1.0064E-15
 -2.9364E-15  5.5700E-15  8.0104E-15
 -5.5859E-03 -4.4509E-16 -5.5731E-15
  5.5163E-03 -4.5250E-03  3.7747E-04
 -7.7543E-15 -4.4470E-03 -4.0887E-15
 -5.5163E-03 -4.5250E-03 -3.7747E-04
  2.0630E-03  1.6909E-03 -6.9930E-04
 -8.8223E-15  1.6607E-03 -5.1656E-16
 -2.0630E-03  1.6909E-03  6.9930E-04
  2.0901E-03 -6.2617E-15 -9.0029E-15
 -5.1219E-15 -1.3100E-15 -2.2308E-15
 -2.0901E-03 -3.8896E-15 -2.7473E-15
  2.0630E-03 -1.6909E-03  6.9930E-04
 -9.2132E-15 -1.6607E-03  4.6987E-15
 -2.0630E-03 -1.6909E-03 -6.9930E-04
 -2.3817E-03 -1.9516E-03 -6.8711E-04
  6.7137E-15 -1.9173E-03 -1.2645E-15
  2.3817E-03 -1.9516E-03  6.8711E-04
 -2.4124E-03 -9.8751E-15  2.6005E-15
 -8.0243E-15  1.2454E-16 -9.4809E-15
  2.4124E-03 -1.0699E-15  1.7939E-15
 -2.3817E-03  1.9516E-03  6.8711E-04
  3.2897E-15  1.9173E-03 -8.3888E-15
  2.3817E-03  1.9516E-03 -6.8711E-04
 -5.6847E-03 -4.6577E-03 -3.4422E-04
  2.6356E-15 -4.5756E-03 -2.3256E-15
  5.6847E-03 -4.6577E-03  3.4422E-04
 -5.7582E-03  6.3927E-15 -7.3764E-15
  4.3472E-15 -3.4573E-15  2.7625E-15
  5.7582E-03  7.6178E-15  9.8980E-16
 -5.6847E-03  4.6577E-03  3.4422E-04
 -4.2314E-16  4.5756E-03 -3.9500E-15
  5.6847E-03  4.6577E-03 -3.4422E-04
 -6.2614E-03 -5.1301E-03  1.6415E-04
 -4.0517E-15 -5.0396E-03 -6.3624E-15
  6.2614E-03 -5.1301E-03 -1.6415E-04
 -6.3423E-03 -7.0628E-15  3.6611E-15
  8.0230E-15  2.8022E-15  3.5251E-15
  6.3423E-03  5.2640E-15  1.6408E-15
 -6.2614E-03  5.1301E-03 -1.6415E-04
 -6.6208E-15  5.0396E-03  6.3622E-15
  6.2614E-03  5.1301E-03  1.6415E-04
 -3.8350E-03 -3.1421E-03  5.9387E-04
 -3.1090E-15 -3.0867E-03  4.8947E-15
  3.8350E-03 -3.1421E-03 -5.9387E-04
 -3.8846E-03  6.1391E-15  2.4215E-15
 -2.1974E-15 -3.3426E-15 -1.4374E-15
  3.8846E-03  6.6254E-15 -5.3992E-15
 -3.8350E-03  3.1421E-03 -5.9387E-04
 -4.7364E-15  3.0867E-03 -1.3646E-15
  3.8350E-03  3.1421E-03  5.9387E-04
  4.3063E-04  3.5282E-04  7.3877E-04
  2.6876E-15  3.4660E-04  6.0710E-15
 -4.3063E-04  3.5282E-04 -7.3877E-04
  4.3619E-04 -2.1617E-15  6.0488E-15
 -1.1604E-14  1.7476E-15  1.9012E-15
 -4.3619E-04 -3.4339E-15  2.7279E-15
  4.3063E-04 -3.5282E-04 -7.3877E-04
 -5.4523E-15 -3.4660E-04  3.8285E-15
 -4.3063E-04 -3.5282E-04  7.3877E-04
  4.4897E-03  3.6786E-03  5.2936E-04
 -2.1595E-15  3.6137E-03  2.5378E-15
 -4.4897E-03  3.6786E-03 -5.2936E-04
  4.5478E-03 -2.0025E-15  7.5194E-15
  2.9707E-15 -5.2822E-16  7.5701E-15
 -4.5478E-03  4.1570E-15 -9.0724E-16
  4.4897E-03 -3.6786E-03 -5.2936E-04
 -1.5756E-15 -3.6137E-03  3.2055E-16
 -4.4897E-03 -3.6786E-03  5.2936E-04
  6.3956E-03  5.2401E-03  6.6057E-05
  3.5331E-16  5.1476E-03  3.8381E-16
 -6.3956E-03  5.2401E-03 -6.6057E-05
  6.4783E-03  3.1393E-15 -2.8430E-15
  9.1304E-15 -4.4556E-15  2.1348E-15
 -6.4783E-03 -9.6962E-15 -7.1720E-16
  6.3956E-03 -5.2401E-03 -6.6057E-05
  1.0539E-16 -5.1476E-03  4.4184E-15
 -6.3956E-03 -5.2401E-03  6.6057E-05
  5.2341E-03  4.2884E-03 -4.2892E-04
 -1.1251E-15  4.2128E-03  6.5880E-15
 -5.2341E-03  4.2884E-03  4.2892E-04
  5.3017E-03  4.7396E-17  3.4129E-15
 -4.0390E-15  5.8865E-15  4.2275E-15
 -5.3017E-03  3.9651E-15  3.1218E-15
  5.2341E-03 -4.2884E-03  4.2892E-04
  5.2643E-15 -4.2128E-03  2.6483E-15
 -5.2341E-03 -4.2884E-03 -4.2892E-04
  1.5623E-03  1.2800E-03 -7.1820E-04
 -5.4325E-15  1.2574E-03 -1.2577E-14
 -1.5623E-03  1.2800E-03  7.1820E-04
  1.5825E-03  9.2056E-16 -3.3860E-15
  2.1515E-15  1.8465E-15  5.1875E-15
 -1.5825E-03 -1.5450E-15 -6.6849E-15
  1.5623E-03 -1.2800E-03  7.1820E-04
 -1.2458E-14 -1.2574E-03 -8.4289E-15
 -1.5623E-03 -1.2800E-03 -7.1820E-04
 -2.8587E-03 -2.3423E-03 -6.6312E-04
 -4.4208E-15 -2.3010E-03 -1.3710E-15
  2.8587E-03 -2.3423E-03  6.6312E-04
 -2.8956E-03 -3.6151E-15  1.5880E-16
 -9.3919E-15 -2.7457E-15 -2.3382E-15
  2.8956E-03  3.8759E-15 -6.4826E-15
 -2.8587E-03  2.3423E-03  6.6312E-04
 -5.9933E-15  2.3010E-03 -5.7747E-15
  2.8587E-03  2.3423E-03 -6.6312E-04
 -5.9088E-03 -4.8413E-03 -2.9039E-04
 -1.4095E-15 -4.7560E-03 -8.5680E-15
  5.9088E-03 -4.8413E-03  2.9039E-04
 -5.9850E-03 -6.0242E-15 -6.9265E-15
  3.3349E-15  2.6868E-15 -7.3972E-15
  5.9850E-03 -3.8861E-15 -5.9548E-15
 -5.9088E-03  4.8413E-03  2.9039E-04
  2.9989E-15  4.7560E-03 -9.0138E-15
  5.9088E-03  4.8413E-03 -2.9039E-04
 -6.1255E-03 -5.0180E-03  2.2091E-04
  4.6249E-15 -4.9295E-03 -1.1631E-15
  6.1255E-03 -5.0180E-03 -2.2091E-04
 -6.2046E-03  5.4949E-15 -4.2564E-15
 -9.3667E-16 -1.9748E-15 -1.1196E-14
  6.2046E-03  1.9589E-15 -4.9401E-16
 -6.1255E-03  5.0180E-03 -2.2091E-04
  9.4448E-15  4.9295E-03 -1.2404E-15
  6.1255E-03  5.0180E-03  2.2091E-04
 -3.4071E-03 -2.7845E-03  6.2959E-04
  1.4865E-15 -2.7332E-03 -4.2701E-15
  3.4071E-03 -2.7845E-03 -6.2959E-04
 -3.4528E-03 -3.4036E-15  2.9164E-15
 -2.5887E-15  9.6066E-16  4.3872E-15
  3.4528E-03  9.9762E-16 -5.1521E-15
 -3.4071E-03  2.7845E-03 -6.2959E-04
 -6.9093E-16  2.7332E-03  9.8513E-16
  3.4071E-03  2.7845E-03  6.2959E-04
  9.4072E-04  7.9741E-04  7.7253E-04
 -3.7321E-15  8.0006E-04  7.2075E-15
 -9.4072E-04  7.9741E-04 -7.7253E-04
  9.3878E-04  1.5249E-15 -2.2072E-15
 -1.4738E-14  2.6121E-15  3.8382E-17
 -9.3878E-04  3.0661E-15  7.3329E-15
  9.4072E-04 -7.9741E-04 -7.7253E-04
 -3.8620E-15 -8.0006E-04 -2.0686E-16
 -9.4072E-04 -7.9741E-04  7.7253E-04
  4.8537E-03  4.0160E-03  7.0780E-04
 -2.8207E-15  4.0013E-03  7.2312E-15
 -4.8537E-03  4.0160E-03 -7.0780E-04
  4.8670E-03 -8.5805E-15  7.9883E-15
 -1.0180E-14  2.2681E-15  6.2595E-16
 -4.8670E-03 -3.0918E-15  7.4267E-15
  4.8537E-03 -4.0160E-03 -7.0780E-04
 -6.1333E-15 -4.0013E-03  1.0667E-14
 -4.8537E-03 -4.0160E-03  7.0780E-04
  6.6778E-03  5.1240E-03  6.4352E-04
  5.4056E-15  5.1136E-03  1.2529E-14
 -6.6778E-03  5.1240E-03 -6.4352E-04
  6.6868E-03 -1.6368E-15  1.0616E-14
 -5.3330E-15 -2.0330E-15  8.0803E-15
 -6.6868E-03 -1.0158E-16  2.2924E-15
  6.6778E-03 -5.1240E-03 -6.4352E-04
  1.3622E-15 -5.1136E-03 -1.0039E-14
 -6.6778E-03 -5.1240E-03  6.4352E-04
   7.4179E-02
  0.0000E+00  0.0000E+00  0.0000E+00
  0.0000E+00  0.0000E+00  0.0000E+00
  0.0000E+00  0.0000E+00  0.0000E+00
  0.0000E+00  0.0000E+00  0.0000E+00
  0.0000E+00  0.0000E+00  0.0000E+00
  0.0000E+00  0.0000E+00  0.0000E+00
  0.0000E+00  0.0000E+00  0.0000E+00
  0.0000E+00  0.0000E+00  0.0000E+00
  0.0000E+00  0.0000E+00  0.0000E+00
  3.7361E-03  1.5878E-04  6.4452E-04
  3.6034E-03 -2.5180E-14  7.2941E-04
  3.7361E-03 -1.5878E-04  6.4452E-04
  3.7459E-03 -1.2510E-14 -2.0584E-14
  3.6047E-03 -3.0743E-14  1.2427E-15
  3.7459E-03  3.1557E-14 -2.8356E-14
  3.7361E-03 -1.5878E-04 -6.4452E-04
  3.6034E-03  2.3269E-14 -7.2941E-04
  3.7361E-03  1.5878E-04 -6.4452E-04
  5.1500E-03  6.5300E-04 -8.3896E-04
  4.8066E-03  1.0020E-14 -8.1799E-04
  5.1500E-03 -6.5300E-04 -8.3896E-04
  5.4666E-03 -4.9222E-14 -8.2520E-16
  5.1509E-03  1.9689E-14  4.7983E-14
  5.4666E-03 -3.2432E-14  3.7688E-14
  5.1500E-03 -6.5300E-04  8.3896E-04
  4.8066E-03  3.4437E-15  8.1799E-04
  5.1500E-03  6.5300E-04  8.3896E-04
  2.5826E-03  3.2308E-04 -2.4810E-03
  2.4144E-03 -2.2075E-14 -2.6342E-03
  2.5826E-03 -3.2308E-04 -2.4810E-03
  2.7251E-03  2.0176E-14  1.4660E-14
  2.5785E-03 -3.3070E-14 -3.8177E-14
  2.7251E-03  2.7121E-15  4.0188E-14
  2.5826E-03 -3.2308E-04  2.4810E-03
  2.4144E-03  7.6948E-15  2.6342E-03
  2.5826E-03  3.2308E-04  2.4810E-03
 -2.0406E-03 -4.4293E-04 -2.3544E-03
 -1.7866E-03 -1.6641E-14 -2.5233E-03
 -2.0406E-03  4.4293E-04 -2.3544E-03
 -2.2239E-03  3.6268E-14  6.0403E-14
 -1.9850E-03  6.9579E-15  2.1162E-14
 -2.2239E-03  2.1969E-14  2.3023E-14
 -2.0406E-03  4.4293E-04  2.3544E-03
 -1.7866E-03 -3.5919E-15  2.5233E-03
 -2.0406E-03 -4.4293E-04  2.3544E-03
 -4.6352E-03 -8.7616E-04 -3.3967E-04
 -4.1429E-03 -2.2522E-14 -3.5416E-04
 -4.6352E-03  8.7616E-04 -3.3967E-04
 -5.0055E-03  5.8293E-14 -1.0818E-14
 -4.5477E-03 -1.6524E-15  6.0569E-14
 -5.0055E-03  4.1383E-15 -5.7993E-15
 -4.6352E-03  8.7616E-04  3.3967E-04
 -4.1429E-03 -3.0525E-14  3.5416E-04
 -4.6352E-03 -8.7616E-04  3.3967E-04
 -2.9116E-03 -5.4617E-04  1.8505E-03
 -2.6051E-03  3.4121E-14  2.0112E-03
 -2.9116E-03  5.4617E-04  1.8505E-03
 -3.1427E-03 -3.6235E-14  4.2055E-14
 -2.8579E-03  1.9201E-14 -1.5861E-14
 -3.1427E-03 -4.7400E-14 -4.6635E-15
 -2.9116E-03  5.4617E-04 -1.8505E-03
 -2.6051E-03  2.7121E-14 -2.0112E-03
 -2.9116E-03 -5.4617E-04 -1.8505E-03
  1.5155E-03  2.6345E-04  2.2805E-03
  1.3694E-03 -2.7448E-14  2.4735E-03
  1.5155E-03 -2.6345E-04  2.2805E-03
  1.6281E-03  4.3330E-14 -2.7894E-14
  1.4935E-03 -1.6297E-14 -2.5889E-14
  1.6281E-03 -3.2820E-14 -1.3259E-14
  1.5155E-03 -2.6345E-04 -2.2805E-03
  1.3694E-03  3.4602E-14 -2.4735E-03
  1.5155E-03  2.6345E-04 -2.2805E-03
  4.5808E-03  8.2221E-04  5.9176E-04
  4.1226E-03 -6.1585E-15  6.4264E-04
  4.5808E-03 -8.2221E-04  5.9176E-04
  4.9308E-03 -3.2801E-14 -2.4242E-14
  4.5069E-03  2.1094E-14 -1.6316E-15
  4.9308E-03 -3.8978E-14  2.2650E-14
  4.5808E-03 -8.2221E-04 -5.9176E-04
  4.1226E-03  7.8529E-15 -6.4264E-04
  4.5808E-03  8.2221E-04 -5.9176E-04
  3.4735E-03  6.2423E-04 -1.6547E-03
  3.1256E-03 -4.8772E-14 -1.7915E-03
  3.4735E-03 -6.2423E-04 -1.6547E-03
  3.7392E-03  1.5307E-14 -4.5738E-14
  3.4173E-03 -7.5901E-15 -2.3403E-14
  3.7392E-03  2.1790E-14 -2.8400E-14
  3.4735E-03 -6.2423E-04  1.6547E-03
  3.1256E-03 -1.8817E-14  1.7915E-03
  3.4735E-03  6.2423E-04  1.6547E-03
 -7.9944E-04 -1.4752E-04 -2.3961E-03
 -7.1685E-04  9.1247E-15 -2.5952E-03
 -7.9944E-04  1.4752E-04 -2.3961E-03
 -8.6199E-04  1.1955E-14 -5.1569E-14
 -7.8538E-04  4.2373E-15 -5.4799E-14
 -8.6199E-04 -2.2302E-14 -6.5256E-15
 -7.9944E-04  1.4752E-04  2.3961E-03
 -7.1685E-04  2.9725E-14  2.5952E-03
 -7.9944E-04 -1.4752E-04  2.3961E-03
 -4.3354E-03 -7.8745E-04 -9.4762E-04
 -3.8957E-03 -5.0678E-14 -1.0272E-03
 -4.3354E-03  7.8745E-04 -9.4762E-04
 -4.6701E-03 -2.3005E-14  1.4192E-14
 -4.2628E-03  2.3638E-14 -1.7236E-14
 -4.6701E-03  5.6847E-14 -1.7413E-15
 -4.3354E-03  7.8745E-04  9.4762E-04
 -3.8957E-03 -8.1928E-15  1.0272E-03
 -4.3354E-03 -7.8745E-04  9.4762E-04
 -3.9021E-03 -7.1172E-04  1.3752E-03
 -3.5044E-03  9.6582E-16  1.4873E-03
 -3.9021E-03  7.1172E-04  1.3752E-03
 -4.2043E-03 -7.4594E-15 -1.6441E-14
 -3.8359E-03 -3.8909E-14 -2.1354E-14
 -4.2043E-03 -2.4121E-14 -1.5017E-14
 -3.9021E-03  7.1172E-04 -1.3752E-03
 -3.5044E-03  1.0138E-14 -1.4873E-03
 -3.9021E-03 -7.1172E-04 -1.3752E-03
  1.1036E-04  7.9665E-06  2.4617E-03
  1.0699E-04  1.2360E-15  2.6620E-03
  1.1036E-04 -7.9665E-06  2.4617E-03
  1.1448E-04 -1.0295E-14  2.8190E-14
  1.1200E-04 -1.3298E-14 -1.9449E-14
  1.1448E-04  9.4401E-15  5.1142E-14
  1.1036E-04 -7.9665E-06 -2.4617E-03
  1.0699E-04 -1.4637E-14 -2.6620E-03
  1.1036E-04  7.9665E-06 -2.4617E-03
  4.0481E-03  7.0873E-04  1.3401E-03
  3.6547E-03 -4.2554E-14  1.4432E-03
  4.0481E-03 -7.0873E-04  1.3401E-03
  4.3509E-03  2.2160E-14  1.1343E-14
  3.9879E-03  1.8795E-14  2.8944E-14
  4.3509E-03 -1.8563E-14  5.4110E-14
  4.0481E-03 -7.0873E-04 -1.3401E-03
  3.6547E-03 -6.3354E-14 -1.4432E-03
  4.0481E-03  7.0873E-04 -1.3401E-03
  4.3374E-03  7.3971E-04 -9.2574E-04
  3.9286E-03  3.3748E-14 -1.0184E-03
  4.3374E-03 -7.3971E-04 -9.2574E-04
  4.6546E-03  4.0392E-14  5.4928E-14
  4.2786E-03 -1.0280E-14  5.8466E-14
  4.6546E-03  2.6881E-14  4.8296E-14
  4.3374E-03 -7.3971E-04  9.2574E-04
  3.9286E-03  1.9137E-14  1.0184E-03
  4.3374E-03  7.3971E-04  9.2574E-04
  7.6043E-04  5.1912E-05 -2.1902E-03
  7.3914E-04  1.1054E-14 -2.4027E-03
  7.6043E-04 -5.1912E-05 -2.1902E-03
  7.8764E-04 -2.8056E-14  3.7552E-14
  7.7252E-04  1.3455E-14  7.6011E-14
  7.8764E-04 -1.2224E-14  9.7675E-15
  7.6043E-04 -5.1912E-05  2.1902E-03
  7.3914E-04  2.9190E-14  2.4027E-03
  7.6043E-04  5.1912E-05  2.1902E-03
 -3.3251E-03 -7.6640E-04 -1.1523E-03
 -2.8824E-03 -1.8364E-14 -1.3073E-03
 -3.3251E-03  7.6640E-04 -1.1523E-03
 -3.6407E-03  2.0126E-14 -1.2659E-14
 -3.2221E-03 -9.1769E-15 -2.3292E-14
 -3.6407E-03 -1.2574E-14  3.0016E-14
 -3.3251E-03  7.6640E-04  1.1523E-03
 -2.8824E-03 -8.0428E-15  1.3073E-03
 -3.3251E-03 -7.6640E-04  1.1523E-03
 -4.0110E-03 -1.0459E-03  1.5237E-03
 -3.3982E-03 -3.1397E-14  1.5330E-03
 -4.0110E-03  1.0459E-03  1.5237E-03
 -4.4384E-03 -1.0592E-14  4.4328E-15
 -3.8526E-03 -2.0961E-14 -7.4675E-15
 -4.4384E-03 -2.6144E-14 -4.7835E-14
 -4.0110E-03  1.0459E-03 -1.5237E-03
 -3.3982E-03 -8.2874E-15 -1.5330E-03
 -4.0110E-03 -1.0459E-03 -1.5237E-03
 -3.4396E-04 -6.9397E-04  3.9335E-03
  9.9090E-05  1.0255E-14  4.0423E-03
 -3.4396E-04  6.9397E-04  3.9335E-03
 -5.7988E-04  5.0129E-14 -6.6624E-14
 -1.4552E-04 -1.5778E-14 -1.8449E-14
 -5.7988E-04  1.4184E-14 -5.0927E-14
 -3.4396E-04  6.9397E-04 -3.9335E-03
  9.9090E-05  2.9055E-14 -4.0423E-03
 -3.4396E-04 -6.9397E-04 -3.9335E-03
  5.0088E-03 -3.6342E-04  4.8950E-03
  5.3328E-03  1.1317E-14  5.0146E-03
  5.0088E-03  3.6342E-04  4.8950E-03
  4.9305E-03  1.4801E-14 -8.6858E-14
  5.2553E-03  1.6321E-14 -6.4962E-14
  4.9305E-03  4.9292E-15 -2.1575E-14
  5.0088E-03  3.6342E-04 -4.8950E-03
  5.3328E-03 -2.5156E-14 -5.0146E-03
  5.0088E-03 -3.6342E-04 -4.8950E-03
