Vector MODE under Modal for nodeset
189
   8.8230E-04
  0.0000E+00  0.0000E+00  0.0000E+00
  0.0000E+00  0.0000E+00  0.0000E+00
  0.0000E+00  0.0000E+00  0.0000E+00
  0.0000E+00  0.0000E+00  0.0000E+00
  0.0000E+00  0.0000E+00  0.0000E+00
  0.0000E+00  0.0000E+00  0.0000E+00
  0.0000E+00  0.0000E+00  0.0000E+00
  0.0000E+00  0.0000E+00  0.0000E+00
  0.0000E+00  0.0000E+00  0.0000E+00
 -2.9082E-05  1.8609E-05 -5.0959E-05
 -3.8694E-05  5.8778E-16 -4.8965E-05
 -2.9082E-05 -1.8609E-05 -5.0959E-05
 -1.9041E-05 -5.4314E-15  8.4955E-15
 -2.8693E-05 -2.8858E-15  3.1141E-15
 -1.9041E-05 -2.7184E-15 -1.7975E-15
 -2.9082E-05 -1.8609E-05  5.0959E-05
 -3.8694E-05 -5.0764E-15  4.8965E-05
 -2.9082E-05  1.8609E-05  5.0959E-05
 -1.0686E-04  1.7991E-05 -1.0182E-04
 -1.1766E-04 -4.6262E-15 -1.0204E-04
 -1.0686E-04 -1.7991E-05 -1.0182E-04
 -9.9933E-05 -1.2533E-14  1.7644E-14
 -1.1042E-04 -1.0615E-14  7.1756E-15
 -9.9933E-05 -1.0075E-14 -3.1885E-15
 -1.0686E-04 -1.7991E-05  1.0182E-04
 -1.1766E-04 -1.5227E-14  1.0204E-04
 -1.0686E-04  1.7991E-05  1.0182E-04
 -2.3682E-04  1.6518E-05 -1.4929E-04
 -2.4671E-04 -1.5252E-14 -1.4971E-04
 -2.3682E-04 -1.6518E-05 -1.4929E-04
 -2.2990E-04 -2.4041E-14  2.7386E-14
 -2.3984E-04 -2.1491E-14  1.0605E-14
 -2.2990E-04 -2.1741E-14 -2.8734E-15
 -2.3682E-04 -1.6518E-05  1.4929E-04
 -2.4671E-04 -2.8599E-14  1.4971E-04
 -2.3682E-04  1.6518E-05  1.4929E-04
 -4.1214E-04  1.5101E-05 -1.9303E-04
 -4.2120E-04 -3.1021E-14 -1.9343E-04
 -4.1214E-04 -1.5101E-05 -1.9303E-04
 -4.0590E-04 -3.3855E-14  3.6037E-14
 -4.1496E-04 -3.8086E-14  8.7955E-15
 -4.0590E-04 -3.6025E-14  3.1921E-15
 -4.1214E-04 -1.5101E-05  1.9303E-04
 -4.2120E-04 -3.5891E-14  1.9343E-04
 -4.1214E-04  1.5101E-05  1.9303E-04
 -6.2925E-04  1.3697E-05 -2.3285E-04
 -6.3747E-04 -4.6751E-14 -2.3324E-04
 -6.2925E-04 -1.3697E-05 -2.3285E-04
 -6.2358E-04 -1.1451E-13 -1.8199E-15
 -6.3180E-04 -5.0060E-14  8.5521E-15
 -6.2358E-04  1.3785E-15  1.1639E-14
 -6.2925E-04 -1.3697E-05  2.3285E-04
 -6.3747E-04 -5.7361E-14  2.3324E-04
 -6.2925E-04  1.3697E-05  2.3285E-04
 -8.8418E-04  1.2310E-05 -2.6880E-04
 -8.9157E-04 -5.2460E-14 -2.6919E-04
 -8.8418E-04 -1.2310E-05 -2.6880E-04
 -8.7908E-04 -6.4935E-14  2.5566E-14
 -8.8647E-04 -6.4677E-14  2.1229E-14
 -8.7908E-04 -6.4963E-14  4.8266E-15
 -8.8418E-04 -1.2310E-05  2.6880E-04
 -8.9157E-04 -8.6154E-14  2.6919E-04
 -8.8418E-04  1.2310E-05  2.6880E-04
 -1.1731E-03  1.0948E-05 -3.0094E-04
 -1.1797E-03 -5.8419E-14 -3.0132E-04
 -1.1731E-03 -1.0948E-05 -3.0094E-04
 -1.1686E-03 -7.3299E-14  2.4389E-14
 -1.1751E-03 -7.5745E-14  1.8496E-14
 -1.1686E-03 -7.5241E-14  1.0033E-14
 -1.1731E-03 -1.0948E-05  3.0094E-04
 -1.1797E-03 -9.3695E-14  3.0132E-04
 -1.1731E-03  1.0948E-05  3.0094E-04
 -1.4922E-03  9.6188E-06 -3.2936E-04
 -1.4979E-03 -5.6472E-14 -3.2973E-04
 -1.4922E-03 -9.6188E-06 -3.2936E-04
 -1.4882E-03 -7.6838E-14  1.2287E-14
 -1.4940E-03 -7.9187E-14  1.5104E-14
 -1.4882E-03 -7.9330E-14  1.4376E-14
 -1.4922E-03 -9.6188E-06  3.2936E-04
 -1.4979E-03 -1.0405E-13  3.2973E-04
 -1.4922E-03  9.6188E-06  3.2936E-04
 -1.8377E-03  8.3315E-06 -3.5416E-04
 -1.8428E-03 -4.6083E-14 -3.5452E-04
 -1.8377E-03 -8.3315E-06 -3.5416E-04
 -1.8343E-03 -7.2108E-14 -1.0445E-15
 -1.8393E-03 -7.5888E-14  1.0492E-14
 -1.8343E-03 -7.4166E-14  1.3688E-14
 -1.8377E-03 -8.3315E-06  3.5416E-04
 -1.8428E-03 -1.1162E-13  3.5452E-04
 -1.8377E-03  8.3315E-06  3.5416E-04
 -2.2062E-03  7.0958E-06 -3.7547E-04
 -2.2105E-03 -3.1602E-14 -3.7581E-04
 -2.2062E-03 -7.0958E-06 -3.7547E-04
 -2.2033E-03 -2.7416E-14 -2.3820E-15
 -2.2076E-03 -6.1352E-14  2.0614E-14
 -2.2033E-03 -1.1955E-13  1.2358E-14
 -2.2062E-03 -7.0958E-06  3.7547E-04
 -2.2105E-03 -9.9328E-14  3.7581E-04
 -2.2062E-03  7.0958E-06  3.7547E-04
 -2.5942E-03  5.9220E-06 -3.9344E-04
 -2.5977E-03  5.0856E-15 -3.9376E-04
 -2.5942E-03 -5.9220E-06 -3.9344E-04
 -2.5917E-03 -3.0983E-14 -1.3597E-14
 -2.5953E-03 -3.6662E-14  1.8891E-14
 -2.5917E-03 -3.2158E-14  5.0499E-14
 -2.5942E-03 -5.9220E-06  3.9344E-04
 -2.5977E-03 -7.4632E-14  3.9376E-04
 -2.5942E-03  5.9220E-06  3.9344E-04
 -2.9983E-03  4.8209E-06 -4.0825E-04
 -3.0012E-03  4.7530E-14 -4.0855E-04
 -2.9983E-03 -4.8209E-06 -4.0825E-04
 -2.9963E-03 -2.2022E-15 -1.2017E-14
 -2.9992E-03  1.4049E-15  2.0705E-14
 -2.9963E-03  2.3472E-15  5.8053E-14
 -2.9983E-03 -4.8209E-06  4.0825E-04
 -3.0012E-03 -4.6421E-14  4.0855E-04
 -2.9983E-03  4.8209E-06  4.0825E-04
 -3.4155E-03  3.8039E-06 -4.2014E-04
 -3.4177E-03  8.7632E-14 -4.2041E-04
 -3.4155E-03 -3.8039E-06 -4.2014E-04
 -3.4139E-03  3.3193E-14 -2.4102E-15
 -3.4162E-03  3.5444E-14  2.7607E-14
 -3.4139E-03  3.8063E-14  5.7922E-14
 -3.4155E-03 -3.8039E-06  4.2014E-04
 -3.4177E-03 -1.2169E-14  4.2041E-04
 -3.4155E-03  3.8039E-06  4.2014E-04
 -3.8429E-03  2.8827E-06 -4.2933E-04
 -3.8447E-03  1.2197E-13 -4.2958E-04
 -3.8429E-03 -2.8827E-06 -4.2933E-04
 -3.8417E-03  5.2185E-14  6.8396E-15
 -3.8435E-03  6.5749E-14  3.4456E-14
 -3.8417E-03  6.0876E-14  4.7883E-14
 -3.8429E-03 -2.8827E-06  4.2933E-04
 -3.8447E-03  1.0578E-14  4.2958E-04
 -3.8429E-03  2.8827E-06  4.2933E-04
 -4.2781E-03  2.0691E-06 -4.3613E-04
 -4.2793E-03  1.4806E-13 -4.3634E-04
 -4.2781E-03 -2.0691E-06 -4.3613E-04
 -4.2772E-03  1.2655E-13  4.4364E-14
 -4.2785E-03  6.8011E-14  4.1661E-14
 -4.2772E-03  7.0641E-14  2.7071E-14
 -4.2781E-03 -2.0691E-06  4.3613E-04
 -4.2793E-03  9.3465E-15  4.3634E-04
 -4.2781E-03  2.0691E-06  4.3613E-04
 -4.7186E-03  1.3755E-06 -4.4083E-04
 -4.7194E-03  1.2740E-13 -4.4101E-04
 -4.7186E-03 -1.3755E-06 -4.4083E-04
 -4.7180E-03  6.3043E-14  7.0362E-14
 -4.7189E-03  6.9827E-14  5.1865E-14
 -4.7180E-03  6.6323E-14  3.8092E-14
 -4.7186E-03 -1.3755E-06  4.4083E-04
 -4.7194E-03  1.1495E-14  4.4101E-04
 -4.7186E-03  1.3755E-06  4.4083E-04
 -5.1626E-03  8.1410E-07 -4.4379E-04
 -5.1631E-03  1.1580E-13 -4.4393E-04
 -5.1626E-03 -8.1410E-07 -4.4379E-04
 -5.1622E-03  6.0484E-14  6.3742E-14
 -5.1627E-03  5.8289E-14  5.1169E-14
 -5.1622E-03  5.8795E-14  3.8803E-14
 -5.1626E-03 -8.1410E-07  4.4379E-04
 -5.1631E-03  2.7265E-15  4.4393E-04
 -5.1626E-03  8.1410E-07  4.4379E-04
 -5.6084E-03  3.9754E-07 -4.4539E-04
 -5.6086E-03  1.0558E-13 -4.4549E-04
 -5.6084E-03 -3.9754E-07 -4.4539E-04
 -5.6082E-03  4.8051E-14  6.3142E-14
 -5.6085E-03  4.8455E-14  5.0552E-14
 -5.6082E-03  4.8272E-14  3.8379E-14
 -5.6084E-03 -3.9754E-07  4.4539E-04
 -5.6086E-03 -9.1752E-15  4.4549E-04
 -5.6084E-03  3.9754E-07  4.4539E-04
 -6.0549E-03  1.4056E-07 -4.4605E-04
 -6.0550E-03  9.5483E-14 -4.4611E-04
 -6.0549E-03 -1.4056E-07 -4.4605E-04
 -6.0548E-03  3.7929E-14  6.3151E-14
 -6.0549E-03  3.7881E-14  5.0707E-14
 -6.0548E-03  3.7945E-14  3.8187E-14
 -6.0549E-03 -1.4056E-07  4.4605E-04
 -6.0550E-03 -1.9623E-14  4.4611E-04
 -6.0549E-03  1.4056E-07  4.4605E-04
 -6.5013E-03  4.3385E-08 -4.4621E-04
 -6.5013E-03  8.5116E-14 -4.4624E-04
 -6.5013E-03 -4.3385E-08 -4.4621E-04
 -6.5013E-03  2.7532E-14  6.3172E-14
 -6.5013E-03  2.7543E-14  5.0720E-14
 -6.5013E-03  2.7507E-14  3.8235E-14
 -6.5013E-03 -4.3385E-08  4.4621E-04
 -6.5013E-03 -3.0081E-14  4.4624E-04
 -6.5013E-03  4.3385E-08  4.4621E-04
   1.0385E-03
  0.0000E+00  0.0000E+00  0.0000E+00
  0.0000E+00  0.0000E+00  0.0000E+00
  0.0000E+00  0.0000E+00  0.0000E+00
  0.0000E+00  0.0000E+00  0.0000E+00
  0.0000E+00  0.0000E+00  0.0000E+00
  0.0000E+00  0.0000E+00  0.0000E+00
  0.0000E+00  0.0000E+00  0.0000E+00
  0.0000E+00  0.0000E+00  0.0000E+00
  0.0000E+00  0.0000E+00  0.0000E+00
  2.0938E-05 -3.3031E-05  6.0879E-05
  1.2270E-14 -1.9533E-05  4.5126E-15
 -2.0938E-05 -3.3031E-05 -6.0879E-05
  3.9011E-15 -4.0775E-05  5.7990E-05
  1.3161E-14 -2.7312E-05 -9.4666E-15
  1.7907E-14 -4.0775E-05 -5.7990E-05
 -2.0938E-05 -3.3031E-05  6.0879E-05
  1.9748E-14 -1.9533E-05 -2.5075E-14
  2.0938E-05 -3.3031E-05 -6.0879E-05
  1.9109E-05 -1.1191E-04  1.2141E-04
  3.7095E-14 -1.0218E-04  4.4222E-15
 -1.9109E-05 -1.1191E-04 -1.2141E-04
  2.3418E-14 -1.2006E-04  1.2187E-04
  4.0131E-14 -1.0986E-04 -2.1910E-14
  5.3342E-14 -1.2006E-04 -1.2187E-04
 -1.9109E-05 -1.1191E-04  1.2141E-04
  4.4627E-14 -1.0218E-04 -4.8016E-14
  1.9109E-05 -1.1191E-04 -1.2141E-04
  1.7385E-05 -2.4262E-04  1.7817E-04
  7.3184E-14 -2.3298E-04  3.1095E-15
 -1.7385E-05 -2.4262E-04 -1.7817E-04
  5.0348E-14 -2.4984E-04  1.7875E-04
  7.2265E-14 -2.4028E-04 -3.3186E-14
  1.0006E-13 -2.4984E-04 -1.7875E-04
 -1.7385E-05 -2.4262E-04  1.7817E-04
  7.7434E-14 -2.3298E-04 -6.2321E-14
  1.7385E-05 -2.4262E-04 -1.7817E-04
  1.5893E-05 -4.1829E-04  2.3039E-04
  1.0897E-13 -4.0958E-04 -2.0008E-14
 -1.5893E-05 -4.1829E-04 -2.3039E-04
  5.2687E-14 -4.2492E-04  2.3091E-04
  1.2018E-13 -4.1620E-04 -2.6968E-14
  1.4136E-13 -4.2492E-04 -2.3091E-04
 -1.5893E-05 -4.1829E-04  2.3039E-04
  9.5567E-14 -4.0958E-04 -5.4623E-14
  1.5893E-05 -4.1829E-04 -2.3039E-04
  1.4418E-05 -6.3552E-04  2.7791E-04
  1.8702E-13 -6.2760E-04 -1.6116E-13
 -1.4418E-05 -6.3552E-04 -2.7791E-04
  1.0858E-13 -6.4153E-04  2.7842E-04
  1.3571E-13 -6.3361E-04 -1.2681E-14
  1.5732E-13 -6.4153E-04 -2.7842E-04
 -1.4418E-05 -6.3552E-04  2.7791E-04
  1.2462E-13 -6.2760E-04  3.4119E-14
  1.4418E-05 -6.3552E-04 -2.7791E-04
  1.2958E-05 -8.9035E-04  3.2082E-04
  1.3651E-13 -8.8323E-04 -8.0747E-14
 -1.2958E-05 -8.9035E-04 -3.2082E-04
  1.5955E-13 -8.9575E-04  3.2133E-04
  1.3257E-13 -8.8863E-04 -6.1630E-14
  1.5616E-13 -8.9575E-04 -3.2133E-04
 -1.2958E-05 -8.9035E-04  3.2082E-04
  1.4132E-13 -8.8323E-04 -5.5833E-14
  1.2958E-05 -8.9035E-04 -3.2082E-04
  1.1524E-05 -1.1789E-03  3.5919E-04
  1.3764E-13 -1.1726E-03 -6.1813E-14
 -1.1524E-05 -1.1789E-03 -3.5919E-04
  1.1612E-13 -1.1837E-03  3.5969E-04
  1.3696E-13 -1.1774E-03 -5.4888E-14
  1.5898E-13 -1.1837E-03 -3.5969E-04
 -1.1524E-05 -1.1789E-03  3.5919E-04
  1.3198E-13 -1.1726E-03 -4.8056E-14
  1.1524E-05 -1.1789E-03 -3.5919E-04
  1.0124E-05 -1.4975E-03  3.9312E-04
  1.2278E-13 -1.4920E-03 -6.2676E-14
 -1.0124E-05 -1.4975E-03 -3.9312E-04
  8.3640E-14 -1.5018E-03  3.9360E-04
  1.2073E-13 -1.4962E-03 -4.4913E-14
  1.6088E-13 -1.5018E-03 -3.9360E-04
 -1.0124E-05 -1.4975E-03  3.9312E-04
  1.1705E-13 -1.4920E-03 -2.8484E-14
  1.0124E-05 -1.4975E-03 -3.9312E-04
  8.7689E-06 -1.8425E-03  4.2273E-04
  9.8962E-14 -1.8376E-03 -6.3238E-14
 -8.7689E-06 -1.8425E-03 -4.2273E-04
  4.8478E-14 -1.8461E-03  4.2319E-04
  9.6683E-14 -1.8413E-03 -3.4163E-14
  1.5331E-13 -1.8461E-03 -4.2319E-04
 -8.7689E-06 -1.8425E-03  4.2273E-04
  9.2426E-14 -1.8376E-03 -2.4194E-14
  8.7689E-06 -1.8425E-03 -4.2273E-04
  7.4677E-06 -2.2101E-03  4.4816E-04
  7.2825E-15 -2.2060E-03 -3.9251E-14
 -7.4677E-06 -2.2101E-03 -4.4816E-04
 -1.3059E-14 -2.2132E-03  4.4861E-04
  7.0168E-14 -2.2091E-03 -5.9715E-14
  1.5021E-13 -2.2132E-03 -4.4861E-04
 -7.4677E-06 -2.2101E-03  4.4816E-04
  1.5587E-13 -2.2060E-03 -2.0647E-14
  7.4677E-06 -2.2101E-03 -4.4816E-04
  6.2314E-06 -2.5970E-03  4.6962E-04
  1.2032E-14 -2.5936E-03 -9.0028E-14
 -6.2314E-06 -2.5970E-03 -4.6962E-04
 -8.3009E-14 -2.5996E-03  4.7004E-04
  1.6709E-14 -2.5962E-03 -5.3364E-14
  1.1263E-13 -2.5996E-03 -4.7004E-04
 -6.2314E-06 -2.5970E-03  4.6962E-04
  5.8630E-15 -2.5936E-03  7.7311E-15
  6.2314E-06 -2.5970E-03 -4.6962E-04
  5.0717E-06 -3.0000E-03  4.8732E-04
 -5.9452E-14 -2.9972E-03 -1.1533E-13
 -5.0717E-06 -3.0000E-03 -4.8732E-04
 -1.5974E-13 -3.0021E-03  4.8771E-04
 -5.7336E-14 -2.9993E-03 -5.9162E-14
  4.5802E-14 -3.0021E-03 -4.8771E-04
 -5.0717E-06 -3.0000E-03  4.8732E-04
 -5.0732E-14 -2.9972E-03 -2.8639E-15
  5.0717E-06 -3.0000E-03 -4.8732E-04
  4.0003E-06 -3.4159E-03  5.0151E-04
 -1.2498E-13 -3.4137E-03 -1.1873E-13
 -4.0003E-06 -3.4159E-03 -5.0151E-04
 -2.4028E-13 -3.4176E-03  5.0187E-04
 -1.2110E-13 -3.4154E-03 -7.3553E-14
 -1.7908E-14 -3.4176E-03 -5.0187E-04
 -4.0003E-06 -3.4159E-03  5.0151E-04
 -1.1762E-13 -3.4137E-03 -3.2048E-14
  4.0003E-06 -3.4159E-03 -5.0151E-04
  3.0296E-06 -3.8420E-03  5.1251E-04
 -1.5508E-13 -3.8403E-03 -1.0639E-13
 -3.0296E-06 -3.8420E-03 -5.1251E-04
 -2.8407E-13 -3.8433E-03  5.1283E-04
 -1.7149E-13 -3.8416E-03 -8.9392E-14
 -6.0606E-14 -3.8433E-03 -5.1283E-04
 -3.0296E-06 -3.8420E-03  5.1251E-04
 -1.4443E-13 -3.8403E-03 -8.3549E-14
  3.0296E-06 -3.8420E-03 -5.1251E-04
  2.1720E-06 -4.2756E-03  5.2063E-04
 -2.8068E-13 -4.2744E-03 -6.8294E-14
 -2.1720E-06 -4.2756E-03 -5.2063E-04
 -2.7247E-13 -4.2765E-03  5.2091E-04
 -1.6472E-13 -4.2753E-03 -1.1157E-13
 -4.7655E-14 -4.2765E-03 -5.2091E-04
 -2.1720E-06 -4.2756E-03  5.2063E-04
 -1.5259E-13 -4.2744E-03 -2.1374E-13
  2.1720E-06 -4.2756E-03 -5.2063E-04
  1.4405E-06 -4.7145E-03  5.2625E-04
 -1.0763E-13 -4.7137E-03 -5.8945E-14
 -1.4405E-06 -4.7145E-03 -5.2625E-04
 -2.5982E-13 -4.7151E-03  5.2649E-04
 -1.1456E-13 -4.7143E-03 -1.2792E-13
  2.1089E-14 -4.7151E-03 -5.2649E-04
 -1.4405E-06 -4.7145E-03  5.2625E-04
 -1.0691E-13 -4.7137E-03 -1.8719E-13
  1.4405E-06 -4.7145E-03 -5.2625E-04
  8.4779E-07 -5.1567E-03  5.2980E-04
 -6.1894E-14 -5.1562E-03 -6.7112E-14
 -8.4779E-07 -5.1567E-03 -5.2980E-04
 -2.0533E-13 -5.1570E-03  5.2998E-04
 -6.0222E-14 -5.1566E-03 -1.2425E-13
  8.0669E-14 -5.1570E-03 -5.2998E-04
 -8.4779E-07 -5.1567E-03  5.2980E-04
 -6.3576E-14 -5.1562E-03 -1.7624E-13
  8.4779E-07 -5.1567E-03 -5.2980E-04
  4.0726E-07 -5.6006E-03  5.3172E-04
 -6.6483E-15 -5.6004E-03 -6.9062E-14
 -4.0726E-07 -5.6006E-03 -5.3172E-04
 -1.4810E-13 -5.6008E-03  5.3185E-04
 -7.1504E-15 -5.6005E-03 -1.2298E-13
  1.3483E-13 -5.6008E-03 -5.3185E-04
 -4.0726E-07 -5.6006E-03  5.3172E-04
 -6.5602E-15 -5.6004E-03 -1.7753E-13
  4.0726E-07 -5.6006E-03 -5.3172E-04
  1.3538E-07 -6.0450E-03  5.3252E-04
  4.7493E-14 -6.0449E-03 -6.8831E-14
 -1.3538E-07 -6.0450E-03 -5.3252E-04
 -9.3682E-14 -6.0451E-03  5.3259E-04
  4.7628E-14 -6.0450E-03 -1.2331E-13
  1.8878E-13 -6.0451E-03 -5.3259E-04
 -1.3538E-07 -6.0450E-03  5.3252E-04
  4.7584E-14 -6.0449E-03 -1.7777E-13
  1.3538E-07 -6.0450E-03 -5.3252E-04
  2.8878E-08 -6.4892E-03  5.3271E-04
  1.0207E-13 -6.4892E-03 -6.8861E-14
 -2.8878E-08 -6.4892E-03 -5.3271E-04
 -3.9090E-14 -6.4892E-03  5.3275E-04
  1.0206E-13 -6.4892E-03 -1.2334E-13
  2.4325E-13 -6.4892E-03 -5.3275E-04
 -2.8878E-08 -6.4892E-03  5.3271E-04
  1.0210E-13 -6.4892E-03 -1.7780E-13
  2.8878E-08 -6.4892E-03 -5.3271E-04
   5.3219E-03
  0.0000E+00  0.0000E+00  0.0000E+00
  0.0000E+00  0.0000E+00  0.0000E+00
  0.0000E+00  0.0000E+00  0.0000E+00
  0.0000E+00  0.0000E+00  0.0000E+00
  0.0000E+00  0.0000E+00  0.0000E+00
  0.0000E+00  0.0000E+00  0.0000E+00
  0.0000E+00  0.0000E+00  0.0000E+00
  0.0000E+00  0.0000E+00  0.0000E+00
  0.0000E+00  0.0000E+00  0.0000E+00
 -2.1472E-04  8.8856E-05 -2.6768E-04
 -2.5888E-04 -8.2540E-13 -2.6116E-04
 -2.1472E-04 -8.8856E-05 -2.6768E-04
 -1.6485E-04 -9.7783E-13  6.6976E-13
 -2.0849E-04 -8.9523E-13 -2.3821E-13
 -1.6485E-04 -1.1934E-12 -1.1956E-12
 -2.1472E-04 -8.8856E-05  2.6768E-04
 -2.5888E-04 -7.7414E-13  2.6116E-04
 -2.1472E-04  8.8856E-05  2.6768E-04
 -6.5731E-04  6.4336E-05 -4.7984E-04
 -6.9602E-04 -2.4733E-12 -4.8688E-04
 -6.5731E-04 -6.4336E-05 -4.7984E-04
 -6.3378E-04 -2.4496E-12  1.0110E-12
 -6.7070E-04 -2.5053E-12 -5.4640E-13
 -6.3378E-04 -2.6676E-12 -2.1189E-12
 -6.5731E-04 -6.4336E-05  4.7984E-04
 -6.9602E-04 -2.4337E-12  4.8688E-04
 -6.5731E-04  6.4336E-05  4.7984E-04
 -1.2900E-03  3.5817E-05 -6.1634E-04
 -1.3115E-03 -4.3630E-12 -6.2427E-04
 -1.2900E-03 -3.5817E-05 -6.1634E-04
 -1.2747E-03 -4.2757E-12  7.9646E-13
 -1.2965E-03 -4.3537E-12 -8.2584E-13
 -1.2747E-03 -4.4921E-12 -2.6024E-12
 -1.2900E-03 -3.5817E-05  6.1634E-04
 -1.3115E-03 -4.4277E-12  6.2427E-04
 -1.2900E-03  3.5817E-05  6.1634E-04
 -2.0162E-03  8.9414E-06 -6.7758E-04
 -2.0217E-03 -6.1203E-12 -6.8487E-04
 -2.0162E-03 -8.9415E-06 -6.7758E-04
 -2.0126E-03 -5.7862E-12  2.3964E-13
 -2.0183E-03 -6.1950E-12 -1.0507E-12
 -2.0126E-03 -6.0044E-12 -2.6935E-12
 -2.0162E-03 -8.9415E-06  6.7758E-04
 -2.0217E-03 -6.3578E-12  6.8487E-04
 -2.0162E-03  8.9414E-06  6.7758E-04
 -2.7618E-03 -1.5870E-05 -6.6683E-04
 -2.7525E-03 -7.6942E-12 -6.7344E-04
 -2.7618E-03  1.5870E-05 -6.6683E-04
 -2.7685E-03 -6.1496E-12 -8.6249E-13
 -2.7593E-03 -7.1129E-12 -7.9958E-13
 -2.7685E-03 -1.0102E-11 -2.0195E-12
 -2.7618E-03  1.5870E-05  6.6683E-04
 -2.7525E-03 -7.1630E-12  6.7344E-04
 -2.7618E-03 -1.5870E-05  6.6683E-04
 -3.4557E-03 -3.7879E-05 -5.9103E-04
 -3.4333E-03 -8.0078E-12 -5.9675E-04
 -3.4557E-03  3.7879E-05 -5.9103E-04
 -3.4716E-03 -7.5792E-12 -1.5236E-12
 -3.4493E-03 -7.9657E-12 -1.8412E-12
 -3.4716E-03 -7.9788E-12 -2.0375E-12
 -3.4557E-03  3.7879E-05  5.9103E-04
 -3.4333E-03 -7.8693E-12  5.9675E-04
 -3.4557E-03 -3.7879E-05  5.9103E-04
 -4.0354E-03 -5.6381E-05 -4.5891E-04
 -4.0019E-03 -8.3652E-12 -4.6356E-04
 -4.0354E-03  5.6381E-05 -4.5891E-04
 -4.0589E-03 -8.2863E-12 -1.7463E-12
 -4.0256E-03 -8.3300E-12 -2.1000E-12
 -4.0589E-03 -8.3984E-12 -2.2581E-12
 -4.0354E-03  5.6381E-05  4.5891E-04
 -4.0019E-03 -8.4078E-12  4.6356E-04
 -4.0354E-03 -5.6381E-05  4.5891E-04
 -4.4480E-03 -7.0792E-05 -2.8106E-04
 -4.4059E-03 -8.7027E-12 -2.8450E-04
 -4.4480E-03  7.0792E-05 -2.8106E-04
 -4.4775E-03 -8.5068E-12 -2.0713E-12
 -4.4356E-03 -8.5946E-12 -2.2123E-12
 -4.4775E-03 -8.6213E-12 -2.1750E-12
 -4.4480E-03  7.0792E-05  2.8106E-04
 -4.4059E-03 -8.5644E-12  2.8450E-04
 -4.4480E-03 -7.0792E-05  2.8106E-04
 -4.6526E-03 -8.0697E-05 -6.9455E-05
 -4.6045E-03 -8.8757E-12 -7.1587E-05
 -4.6526E-03  8.0697E-05 -6.9455E-05
 -4.6862E-03 -8.4081E-12 -2.1312E-12
 -4.6384E-03 -8.6280E-12 -2.4541E-12
 -4.6862E-03 -8.4990E-12 -1.7769E-12
 -4.6526E-03  8.0697E-05  6.9455E-05
 -4.6045E-03 -8.4791E-12  7.1587E-05
 -4.6526E-03 -8.0697E-05  6.9455E-05
 -4.6212E-03 -8.5891E-05  1.6307E-04
 -4.5700E-03 -8.8945E-12  1.6226E-04
 -4.6212E-03  8.5891E-05  1.6307E-04
 -4.6569E-03 -1.2229E-11 -2.9957E-12
 -4.6060E-03 -8.0650E-12 -1.5181E-12
 -4.6569E-03 -5.2337E-12 -1.8111E-12
 -4.6212E-03  8.5891E-05 -1.6307E-04
 -4.5700E-03 -7.7492E-12 -1.6226E-04
 -4.6212E-03 -8.5891E-05 -1.6307E-04
 -4.3396E-03 -8.6407E-05  4.0340E-04
 -4.2880E-03 -7.4002E-12  4.0388E-04
 -4.3396E-03  8.6407E-05  4.0340E-04
 -4.3755E-03 -6.5955E-12 -3.8361E-12
 -4.3242E-03 -6.8703E-12 -1.5054E-12
 -4.3755E-03 -6.5607E-12 -3.1849E-13
 -4.3396E-03  8.6407E-05 -4.0340E-04
 -4.2880E-03 -6.3851E-12 -4.0388E-04
 -4.3396E-03 -8.6407E-05 -4.0340E-04
 -3.8071E-03 -8.2534E-05  6.3890E-04
 -3.7579E-03 -5.3814E-12  6.4054E-04
 -3.8071E-03  8.2534E-05  6.3890E-04
 -3.8414E-03 -4.9033E-12 -3.5660E-12
 -3.7924E-03 -4.7242E-12 -1.2967E-12
 -3.8414E-03 -4.5528E-12  8.5537E-13
 -3.8071E-03  8.2534E-05 -6.3890E-04
 -3.7579E-03 -4.2205E-12 -6.4054E-04
 -3.8071E-03 -8.2534E-05 -6.3890E-04
 -3.0359E-03 -7.4812E-05  8.5805E-04
 -2.9913E-03 -3.1386E-12  8.6067E-04
 -3.0359E-03  7.4812E-05  8.5805E-04
 -3.0671E-03 -2.5630E-12 -3.2235E-12
 -3.0226E-03 -2.4694E-12 -8.5537E-13
 -3.0671E-03 -2.2645E-12  1.3809E-12
 -3.0359E-03  7.4812E-05 -8.5805E-04
 -2.9913E-03 -1.6609E-12 -8.6067E-04
 -3.0359E-03 -7.4812E-05 -8.5805E-04
 -2.0496E-03 -6.4023E-05  1.0512E-03
 -2.0114E-03 -8.9169E-13  1.0545E-03
 -2.0496E-03  6.4023E-05  1.0512E-03
 -2.0762E-03 -7.0102E-13 -2.9238E-12
 -2.0381E-03 -1.4537E-13 -5.4510E-13
 -2.0762E-03 -3.5989E-13  1.1899E-12
 -2.0496E-03  6.4023E-05 -1.0512E-03
 -2.0114E-03  5.5259E-13 -1.0545E-03
 -2.0496E-03 -6.4023E-05 -1.0512E-03
 -8.8073E-04 -5.1170E-05  1.2111E-03
 -8.5008E-04  1.1416E-12  1.2149E-03
 -8.8073E-04  5.1170E-05  1.2111E-03
 -9.0194E-04  4.9858E-12 -5.1873E-13
 -8.7134E-04  1.1122E-12 -6.0154E-13
 -9.0194E-04 -1.5762E-13  1.0119E-12
 -8.8073E-04  5.1170E-05 -1.2111E-03
 -8.5008E-04  1.9171E-12 -1.2149E-03
 -8.8073E-04 -5.1170E-05 -1.2111E-03
  4.3201E-04 -3.7438E-05  1.3337E-03
  4.5452E-04  1.5336E-12  1.3375E-03
  4.3201E-04  3.7438E-05  1.3337E-03
  4.1654E-04  2.1218E-12  2.2072E-14
  4.3907E-04  2.3891E-12  5.8478E-13
  4.1654E-04  2.3241E-12  1.6150E-12
  4.3201E-04  3.7438E-05 -1.3337E-03
  4.5452E-04  3.2339E-12 -1.3375E-03
  4.3201E-04 -3.7438E-05 -1.3337E-03
  1.8469E-03 -2.4160E-05  1.4183E-03
  1.8616E-03  2.4092E-12  1.4218E-03
  1.8469E-03  2.4160E-05  1.4183E-03
  1.8370E-03  3.3945E-12 -5.5026E-13
  1.8518E-03  3.2738E-12  5.1087E-13
  1.8370E-03  3.2924E-12  1.6373E-12
  1.8469E-03  2.4160E-05 -1.4183E-03
  1.8616E-03  4.1769E-12 -1.4218E-03
  1.8469E-03 -2.4160E-05 -1.4183E-03
  3.3235E-03 -1.2777E-05  1.4681E-03
  3.3314E-03  3.4134E-12  1.4708E-03
  3.3235E-03  1.2777E-05  1.4681E-03
  3.3183E-03  4.2619E-12 -6.8925E-13
  3.3264E-03  4.2797E-12  4.6508E-13
  3.3183E-03  4.2849E-12  1.6354E-12
  3.3235E-03  1.2777E-05 -1.4681E-03
  3.3314E-03  5.1170E-12 -1.4708E-03
  3.3235E-03 -1.2777E-05 -1.4681E-03
  4.8259E-03 -4.8692E-06  1.4903E-03
  4.8292E-03  4.4233E-12  1.4920E-03
  4.8259E-03  4.8692E-06  1.4903E-03
  4.8243E-03  5.2644E-12 -7.1740E-13
  4.8277E-03  5.2700E-12  4.5513E-13
  4.8243E-03  5.2763E-12  1.6279E-12
  4.8259E-03  4.8692E-06 -1.4903E-03
  4.8292E-03  6.1106E-12 -1.4920E-03
  4.8259E-03 -4.8692E-06 -1.4903E-03
  6.3280E-03 -1.6383E-06  1.4960E-03
  6.3298E-03  5.3949E-12  1.4972E-03
  6.3280E-03  1.6383E-06  1.4960E-03
  6.3277E-03  6.2321E-12 -7.1874E-13
  6.3295E-03  6.2352E-12  4.5057E-13
  6.3277E-03  6.2401E-12  1.6178E-12
  6.3280E-03  1.6383E-06 -1.4960E-03
  6.3298E-03  7.0853E-12 -1.4972E-03
  6.3280E-03 -1.6383E-06 -1.4960E-03
   6.1621E-03
  0.0000E+00  0.0000E+00  0.0000E+00
  0.0000E+00  0.0000E+00  0.0000E+00
  0.0000E+00  0.0000E+00  0.0000E+00
  0.0000E+00  0.0000E+00  0.0000E+00
  0.0000E+00  0.0000E+00  0.0000E+00
  0.0000E+00  0.0000E+00  0.0000E+00
  0.0000E+00  0.0000E+00  0.0000E+00
  0.0000E+00  0.0000E+00  0.0000E+00
  0.0000E+00  0.0000E+00  0.0000E+00
 -9.8035E-05  2.4816E-04 -3.0834E-04
  1.1174E-12  1.8393E-04  9.3480E-13
  9.8035E-05  2.4816E-04  3.0834E-04
  1.2940E-12  2.8359E-04 -2.9891E-04
  8.8012E-13  2.1858E-04  3.9167E-13
  4.0246E-13  2.8359E-04  2.9891E-04
  9.8035E-05  2.4816E-04 -3.0834E-04
  7.8908E-13  1.8393E-04 -9.4651E-14
 -9.8035E-05  2.4816E-04  3.0834E-04
 -6.5997E-05  7.0028E-04 -5.5139E-04
  2.0951E-12  6.6828E-04  1.3878E-12
  6.5997E-05  7.0028E-04  5.5139E-04
  3.0423E-12  7.2884E-04 -5.6140E-04
  2.0148E-12  6.9438E-04  9.1326E-13
  1.1251E-12  7.2884E-04  5.6140E-04
  6.5997E-05  7.0028E-04 -5.5139E-04
  1.7763E-12  6.6828E-04  4.2470E-13
 -6.5997E-05  7.0028E-04  5.5139E-04
 -3.5799E-05  1.3329E-03 -7.0813E-04
  2.7279E-12  1.3127E-03  1.1149E-12
  3.5799E-05  1.3329E-03  7.0813E-04
  4.4623E-12  1.3477E-03 -7.1839E-04
  2.6790E-12  1.3280E-03  1.3501E-12
  1.4602E-12  1.3477E-03  7.1839E-04
  3.5799E-05  1.3329E-03 -7.0813E-04
  2.5055E-12  1.3127E-03  1.4919E-12
 -3.5799E-05  1.3329E-03  7.0813E-04
 -8.2748E-06  2.0520E-03 -7.7703E-04
  2.0135E-12  2.0475E-03 -3.3120E-14
  8.2748E-06  2.0520E-03  7.7703E-04
  4.5887E-12  2.0555E-03 -7.8633E-04
  2.5886E-12  2.0511E-03  1.6817E-12
  6.7593E-13  2.0555E-03  7.8633E-04
  8.2748E-06  2.0520E-03 -7.7703E-04
  1.8220E-12  2.0475E-03  3.1512E-12
 -8.2748E-06  2.0520E-03  7.7703E-04
  1.7106E-05  2.7861E-03 -7.6251E-04
 -4.7574E-13  2.7955E-03 -9.2218E-13
 -1.7106E-05  2.7861E-03  7.6251E-04
  2.2106E-12  2.7791E-03 -7.7093E-04
  4.2183E-13  2.7886E-03  1.2548E-12
 -1.7243E-12  2.7791E-03  7.7093E-04
 -1.7106E-05  2.7861E-03 -7.6251E-04
  3.7007E-12  2.7955E-03  8.0497E-12
  1.7106E-05  2.7861E-03  7.6251E-04
  3.9617E-05  3.4662E-03 -6.7270E-04
 -2.0048E-12  3.4879E-03  5.0267E-13
 -3.9617E-05  3.4662E-03  6.7270E-04
  6.5213E-13  3.4497E-03 -6.7998E-04
 -2.3971E-12  3.4717E-03  2.9696E-12
 -5.4204E-12  3.4497E-03  6.7998E-04
 -3.9617E-05  3.4662E-03 -6.7270E-04
 -2.6414E-12  3.4879E-03  6.2794E-12
  3.9617E-05  3.4662E-03  6.7270E-04
  5.8515E-05  4.0311E-03 -5.1781E-04
 -4.0555E-12  4.0632E-03  1.4539E-12
 -5.8515E-05  4.0311E-03  5.1781E-04
 -3.8239E-13  4.0068E-03 -5.2372E-04
 -4.2150E-12  4.0392E-03  3.2543E-12
 -8.3051E-12  4.0068E-03  5.2372E-04
 -5.8515E-05  4.0311E-03 -5.1781E-04
 -4.0959E-12  4.0632E-03  4.9719E-12
  5.8515E-05  4.0311E-03  5.1781E-04
  7.3208E-05  4.4297E-03 -3.1013E-04
 -5.2457E-12  4.4699E-03  2.2510E-12
 -7.3208E-05  4.4297E-03  3.1013E-04
 -7.6479E-13  4.3993E-03 -3.1448E-04
 -5.4241E-12  4.4398E-03  3.3708E-12
 -1.0201E-11  4.3993E-03  3.1448E-04
 -7.3208E-05  4.4297E-03 -3.1013E-04
 -5.4041E-12  4.4699E-03  4.6493E-12
  7.3208E-05  4.4297E-03  3.1013E-04
  8.3278E-05  4.6222E-03 -6.3548E-05
 -6.3871E-12  4.6679E-03  2.9825E-12
 -8.3278E-05  4.6222E-03  6.3548E-05
 -9.4028E-13  4.5876E-03 -6.6243E-05
 -6.1088E-12  4.6337E-03  3.6198E-12
 -1.1613E-11  4.5876E-03  6.6243E-05
 -8.3278E-05  4.6222E-03 -6.3548E-05
 -6.3001E-12  4.6679E-03  4.9640E-12
  8.3278E-05  4.6222E-03  6.3548E-05
  8.8519E-05  4.5818E-03  2.0705E-04
 -1.8829E-12  4.6304E-03  2.3389E-12
 -8.8519E-05  4.5818E-03 -2.0705E-04
 -1.3175E-12  4.5450E-03  2.0605E-04
 -6.9295E-12  4.5939E-03  2.7588E-12
 -1.3064E-11  4.5450E-03 -2.0605E-04
 -8.8519E-05  4.5818E-03  2.0705E-04
 -1.0231E-11  4.6304E-03  5.5779E-12
  8.8519E-05  4.5818E-03 -2.0705E-04
  8.8973E-05  4.2948E-03  4.8653E-04
 -8.2015E-12  4.3436E-03  1.4094E-12
 -8.8973E-05  4.2948E-03 -4.8653E-04
 -1.3085E-12  4.2578E-03  4.8716E-04
 -8.0957E-12  4.3070E-03  2.5231E-12
 -1.5008E-11  4.2578E-03 -4.8716E-04
 -8.8973E-05  4.2948E-03  4.8653E-04
 -8.0207E-12  4.3436E-03  3.0860E-12
  8.8973E-05  4.2948E-03 -4.8653E-04
  8.4935E-05  3.7611E-03  7.6027E-04
 -8.5519E-12  3.8077E-03  2.1638E-12
 -8.4935E-05  3.7611E-03 -7.6027E-04
 -1.2302E-12  3.7258E-03  7.6238E-04
 -8.6153E-12  3.7726E-03  2.2752E-12
 -1.6263E-11  3.7258E-03 -7.6238E-04
 -8.4935E-05  3.7611E-03  7.6027E-04
 -8.3448E-12  3.8077E-03  2.1562E-12
  8.4935E-05  3.7611E-03 -7.6027E-04
  7.6961E-05  2.9929E-03  1.0150E-03
 -8.3100E-12  3.0352E-03  2.7000E-12
 -7.6961E-05  2.9929E-03 -1.0150E-03
 -3.8448E-13  2.9610E-03  1.0183E-03
 -8.2456E-12  3.0034E-03  1.8670E-12
 -1.6625E-11  2.9610E-03 -1.0183E-03
 -7.6961E-05  2.9929E-03  1.0150E-03
 -8.0373E-12  3.0352E-03  9.7583E-13
  7.6961E-05  2.9929E-03 -1.0150E-03
  6.5851E-05  2.0138E-03  1.2396E-03
 -6.6401E-12  2.0500E-03  2.9331E-12
 -6.5851E-05  2.0138E-03 -1.2396E-03
  1.7006E-12  1.9864E-03  1.2438E-03
 -7.1198E-12  2.0227E-03  1.5820E-12
 -1.6083E-11  1.9864E-03 -1.2438E-03
 -6.5851E-05  2.0138E-03  1.2396E-03
 -6.7334E-12  2.0500E-03 -8.3060E-13
  6.5851E-05  2.0138E-03 -1.2396E-03
  5.2624E-05  8.5601E-04  1.4257E-03
 -9.4154E-12  8.8489E-04  3.0839E-12
 -5.2624E-05  8.5601E-04 -1.4257E-03
  4.9854E-12  8.3410E-04  1.4305E-03
 -4.5944E-12  8.6304E-04  1.7366E-12
 -1.4180E-11  8.3410E-04 -1.4305E-03
 -5.2624E-05  8.5601E-04  1.4257E-03
 -1.4208E-12  8.8489E-04 -4.3002E-12
  5.2624E-05  8.5601E-04 -1.4257E-03
  3.8488E-05 -4.4206E-04  1.5685E-03
 -9.2837E-13 -4.2094E-04  4.6127E-12
 -3.8488E-05 -4.4206E-04 -1.5685E-03
  8.0675E-12 -4.5812E-04  1.5734E-03
 -1.0724E-12 -4.3702E-04  4.8464E-13
 -1.0543E-11 -4.5812E-04 -1.5734E-03
 -3.8487E-05 -4.4206E-04  1.5685E-03
 -9.1372E-13 -4.2094E-04 -2.9753E-12
  3.8487E-05 -4.4206E-04 -1.5685E-03
  2.4791E-05 -1.8391E-03  1.6674E-03
  2.7060E-12 -1.8255E-03  4.4909E-12
 -2.4791E-05 -1.8391E-03 -1.6674E-03
  1.2089E-11 -1.8495E-03  1.6719E-03
  2.7266E-12 -1.8360E-03  5.5976E-13
 -6.7874E-12 -1.8495E-03 -1.6719E-03
 -2.4791E-05 -1.8391E-03  1.6674E-03
  2.7111E-12 -1.8255E-03 -3.1524E-12
  2.4791E-05 -1.8391E-03 -1.6674E-03
  1.2993E-05 -3.2947E-03  1.7259E-03
  6.6547E-12 -3.2875E-03  4.5023E-12
 -1.2993E-05 -3.2947E-03 -1.7259E-03
  1.6209E-11 -3.3002E-03  1.7294E-03
  6.6490E-12 -3.2932E-03  5.5305E-13
 -2.9455E-12 -3.3002E-03 -1.7294E-03
 -1.2993E-05 -3.2947E-03  1.7259E-03
  6.6924E-12 -3.2875E-03 -3.4052E-12
  1.2993E-05 -3.2947E-03 -1.7259E-03
  4.7195E-06 -4.7730E-03  1.7523E-03
  1.0693E-11 -4.7705E-03  4.5491E-12
 -4.7195E-06 -4.7730E-03 -1.7523E-03
  2.0317E-11 -4.7750E-03  1.7544E-03
  1.0701E-11 -4.7728E-03  5.1455E-13
  1.0611E-12 -4.7750E-03 -1.7544E-03
 -4.7195E-06 -4.7730E-03  1.7523E-03
  1.0721E-11 -4.7705E-03 -3.4983E-12
  4.7195E-06 -4.7730E-03 -1.7523E-03
  1.1806E-06 -6.2472E-03  1.7591E-03
  1.4754E-11 -6.2465E-03  4.5578E-12
 -1.1805E-06 -6.2472E-03 -1.7591E-03
  2.4397E-11 -6.2482E-03  1.7605E-03
  1.4763E-11 -6.2476E-03  5.0722E-13
  5.1105E-12 -6.2482E-03 -1.7605E-03
 -1.1805E-06 -6.2472E-03  1.7591E-03
  1.4761E-11 -6.2465E-03 -3.5257E-12
  1.1805E-06 -6.2472E-03 -1.7591E-03
   7.8055E-03
  0.0000E+00  0.0000E+00  0.0000E+00
  0.0000E+00  0.0000E+00  0.0000E+00
  0.0000E+00  0.0000E+00  0.0000E+00
  0.0000E+00  0.0000E+00  0.0000E+00
  0.0000E+00  0.0000E+00  0.0000E+00
  0.0000E+00  0.0000E+00  0.0000E+00
  0.0000E+00  0.0000E+00  0.0000E+00
  0.0000E+00  0.0000E+00  0.0000E+00
  0.0000E+00  0.0000E+00  0.0000E+00
  4.7054E-04  3.9615E-04  6.2528E-05
 -2.6840E-13  4.0630E-04  3.8572E-13
 -4.7054E-04  3.9615E-04 -6.2528E-05
  4.6117E-04 -4.8696E-13  1.1900E-12
 -4.7886E-13 -8.6993E-14  6.4195E-13
 -4.6117E-04  7.1613E-14  2.0299E-13
  4.7054E-04 -3.9615E-04 -6.2528E-05
 -7.8888E-13 -4.0630E-04  9.9328E-13
 -4.7054E-04 -3.9615E-04  6.2528E-05
  9.4757E-04  7.9285E-04  8.3365E-05
 -8.5321E-13  7.9363E-04  1.1737E-12
 -9.4757E-04  7.9285E-04 -8.3365E-05
  9.4705E-04 -1.0767E-12  2.6682E-12
 -1.1378E-12 -6.7074E-13  1.4964E-12
 -9.4705E-04 -5.1657E-13  3.4585E-13
  9.4757E-04 -7.9285E-04 -8.3365E-05
 -1.3601E-12 -7.9363E-04  1.8036E-12
 -9.4757E-04 -7.9285E-04  8.3365E-05
  1.4224E-03  1.1854E-03  8.4730E-05
 -1.3104E-12  1.1853E-03  2.2172E-12
 -1.4224E-03  1.1854E-03 -8.4730E-05
  1.4225E-03 -2.2217E-12  4.2170E-12
 -1.5606E-12 -1.8245E-12  2.2865E-12
 -1.4225E-03 -1.7225E-12  3.5696E-13
  1.4224E-03 -1.1854E-03 -8.4730E-05
 -1.7184E-12 -1.1853E-03  2.1718E-12
 -1.4224E-03 -1.1854E-03  8.4730E-05
  1.8873E-03  1.5724E-03  8.2902E-05
 -1.5727E-12  1.5720E-03  4.0912E-12
 -1.8873E-03  1.5724E-03 -8.2902E-05
  1.8877E-03 -3.7552E-12  5.8641E-12
 -1.7239E-12 -3.6538E-12  2.3300E-12
 -1.8877E-03 -3.8843E-12  2.1888E-13
  1.8873E-03 -1.5724E-03 -8.2902E-05
 -1.0084E-12 -1.5720E-03  1.9257E-12
 -1.8873E-03 -1.5724E-03  8.2902E-05
  2.3404E-03  1.9499E-03  8.0420E-05
  1.6076E-12  1.9494E-03  9.5540E-12
 -2.3404E-03  1.9499E-03 -8.0420E-05
  2.3408E-03 -8.0110E-12  7.5717E-12
 -5.3359E-13 -6.2170E-12  1.4095E-12
 -2.3408E-03 -4.3943E-12  9.3833E-13
  2.3404E-03 -1.9499E-03 -8.0420E-05
 -2.6980E-12 -1.9494E-03  1.4455E-12
 -2.3404E-03 -1.9499E-03  8.0420E-05
  2.7790E-03  2.3153E-03  7.7536E-05
  3.0880E-13  2.3147E-03  5.9571E-12
 -2.7790E-03  2.3153E-03 -7.7536E-05
  2.7795E-03 -7.7077E-12  6.7532E-12
  5.1061E-13 -7.7542E-12  5.1187E-12
 -2.7795E-03 -7.1563E-12  2.9285E-12
  2.7790E-03 -2.3153E-03 -7.7536E-05
 -1.6330E-13 -2.3147E-03  3.9134E-12
 -2.7790E-03 -2.3153E-03  7.7536E-05
  3.2004E-03  2.6664E-03  7.4199E-05
  1.6577E-13  2.6658E-03  5.1660E-12
 -3.2004E-03  2.6664E-03 -7.4199E-05
  3.2010E-03 -7.7963E-12  5.8581E-12
  1.6319E-13 -7.9093E-12  5.2601E-12
 -3.2010E-03 -7.7470E-12  4.5291E-12
  3.2004E-03 -2.6664E-03 -7.4199E-05
  9.0905E-14 -2.6658E-03  5.2295E-12
 -3.2004E-03 -2.6664E-03  7.4199E-05
  3.6020E-03  3.0010E-03  7.0409E-05
 -2.7129E-13  3.0003E-03  5.2071E-12
 -3.6020E-03  3.0010E-03 -7.0409E-05
  3.6027E-03 -7.4073E-12  5.6169E-12
 -3.5853E-13 -7.3799E-12  5.4245E-12
 -3.6027E-03 -7.2937E-12  5.1126E-12
  3.6020E-03 -3.0010E-03 -7.0409E-05
 -4.2481E-13 -3.0003E-03  5.6180E-12
 -3.6020E-03 -3.0010E-03  7.0409E-05
  3.9814E-03  3.3171E-03  6.6183E-05
 -8.9166E-13  3.3163E-03  5.8806E-12
 -3.9814E-03  3.3171E-03 -6.6183E-05
  3.9821E-03 -6.9815E-12  6.0742E-12
 -9.4669E-13 -6.7501E-12  5.5509E-12
 -3.9821E-03 -7.1361E-12  4.6563E-12
  3.9814E-03 -3.3171E-03 -6.6183E-05
 -7.0534E-13 -3.3163E-03  5.2360E-12
 -3.9814E-03 -3.3171E-03  6.6183E-05
  4.3362E-03  3.6126E-03  6.1548E-05
 -3.6624E-13  3.6118E-03  7.7640E-12
 -4.3362E-03  3.6126E-03 -6.1548E-05
  4.3369E-03 -4.5858E-12  7.5128E-12
 -8.2094E-13 -7.0831E-12  3.6697E-12
 -4.3369E-03 -8.4250E-12  3.8152E-12
  4.3362E-03 -3.6126E-03 -6.1548E-05
 -3.8782E-13 -3.6118E-03  4.0145E-12
 -4.3362E-03 -3.6126E-03  6.1548E-05
  4.6641E-03  3.8859E-03  5.6532E-05
 -3.7340E-13  3.8849E-03  5.2927E-12
 -4.6641E-03  3.8859E-03 -5.6532E-05
  4.6649E-03 -6.8634E-12  5.3129E-12
 -2.8532E-13 -7.0364E-12  4.5655E-12
 -4.6649E-03 -6.6603E-12  4.9716E-12
  4.6641E-03 -3.8859E-03 -5.6532E-05
 -7.3923E-13 -3.8849E-03  4.3386E-12
 -4.6641E-03 -3.8859E-03  5.6532E-05
  4.9632E-03  4.1351E-03  5.1167E-05
 -4.3027E-13  4.1341E-03  4.6276E-12
 -4.9632E-03  4.1351E-03 -5.1167E-05
  4.9641E-03 -5.3882E-12  3.3203E-12
 -3.3562E-13 -5.6914E-12  4.6036E-12
 -4.9641E-03 -5.6307E-12  5.9064E-12
  4.9632E-03 -4.1351E-03 -5.1167E-05
 -2.1458E-13 -4.1341E-03  4.4141E-12
 -4.9632E-03 -4.1351E-03  5.1167E-05
  5.2317E-03  4.3587E-03  4.5486E-05
 -4.9102E-13  4.3577E-03  4.2931E-12
 -5.2317E-03  4.3587E-03 -4.5486E-05
  5.2326E-03 -3.3524E-12  2.2993E-12
 -3.7654E-13 -3.5386E-12  4.2086E-12
 -5.2326E-03 -3.5847E-12  6.1332E-12
  5.2317E-03 -4.3587E-03 -4.5486E-05
 -2.4027E-13 -4.3577E-03  4.1773E-12
 -5.2317E-03 -4.3587E-03  4.5486E-05
  5.4678E-03  4.5554E-03  3.9523E-05
 -4.3814E-13  4.5543E-03  4.1633E-12
 -5.4678E-03  4.5554E-03 -3.9523E-05
  5.4687E-03 -1.3109E-12  1.9229E-12
 -4.9442E-13 -1.0952E-12  4.0564E-12
 -5.4687E-03 -1.3933E-12  5.4343E-12
  5.4678E-03 -4.5554E-03 -3.9523E-05
 -4.7794E-13 -4.5543E-03  3.4731E-12
 -5.4678E-03 -4.5554E-03  3.9523E-05
  5.6701E-03  4.7240E-03  3.3313E-05
 -1.0193E-12  4.7229E-03  4.0689E-12
 -5.6701E-03  4.7240E-03 -3.3313E-05
  5.6711E-03  2.5510E-12  1.8117E-12
 -3.3097E-13  6.2941E-13  3.4989E-12
 -5.6711E-03 -5.2283E-14  3.3735E-12
  5.6701E-03 -4.7240E-03 -3.3313E-05
  1.2929E-12 -4.7229E-03  1.8819E-12
 -5.6701E-03 -4.7240E-03  3.3313E-05
  5.8373E-03  4.8633E-03  2.6892E-05
  9.7671E-14  4.8622E-03  3.2796E-12
 -5.8373E-03  4.8633E-03 -2.6892E-05
  5.8384E-03  1.6728E-12  1.9529E-12
  1.5635E-13  1.7515E-12  2.6534E-12
 -5.8384E-03  1.7775E-12  4.0804E-12
  5.8373E-03 -4.8633E-03 -2.6892E-05
 -1.4017E-13 -4.8622E-03  2.6526E-12
 -5.8373E-03 -4.8633E-03  2.6892E-05
  5.9685E-03  4.9726E-03  2.0331E-05
  3.7441E-13  4.9715E-03  3.1285E-12
 -5.9685E-03  4.9726E-03 -2.0330E-05
  5.9695E-03  2.9855E-12  1.5366E-12
  3.2668E-13  2.9327E-12  2.9322E-12
 -5.9695E-03  3.0051E-12  4.3697E-12
  5.9685E-03 -4.9726E-03 -2.0331E-05
  3.3614E-13 -4.9715E-03  2.6909E-12
 -5.9685E-03 -4.9726E-03  2.0331E-05
  6.0627E-03  5.0513E-03  1.3974E-05
  5.2400E-13  5.0503E-03  3.1506E-12
 -6.0627E-03  5.0513E-03 -1.3974E-05
  6.0636E-03  4.3099E-12  1.3594E-12
  5.4398E-13  4.3048E-12  2.9420E-12
 -6.0636E-03  4.3232E-12  4.5210E-12
  6.0627E-03 -5.0513E-03 -1.3974E-05
  5.4901E-13 -5.0503E-03  2.7301E-12
 -6.0627E-03 -5.0513E-03  1.3974E-05
  6.1197E-03  5.0990E-03  9.1223E-06
  7.3219E-13  5.0984E-03  3.1399E-12
 -6.1197E-03  5.0990E-03 -9.1223E-06
  6.1202E-03  5.7081E-12  1.2964E-12
  7.3881E-13  5.7127E-12  2.9284E-12
 -6.1202E-03  5.7227E-12  4.5651E-12
  6.1197E-03 -5.0990E-03 -9.1223E-06
  7.5046E-13 -5.0984E-03  2.7349E-12
 -6.1197E-03 -5.0990E-03  9.1223E-06
  6.1416E-03  5.1131E-03  7.2065E-06
  9.3803E-13  5.1128E-03  3.1344E-12
 -6.1416E-03  5.1131E-03 -7.2065E-06
  6.1418E-03  7.0784E-12  1.2855E-12
  9.4473E-13  7.0814E-12  2.9257E-12
 -6.1418E-03  7.0891E-12  4.5640E-12
  6.1416E-03 -5.1131E-03 -7.2065E-06
  9.4061E-13 -5.1128E-03  2.7306E-12
 -6.1416E-03 -5.1131E-03  7.2065E-06
   1.2853E-02
  0.0000E+00  0.0000E+00  0.0000E+00
  0.0000E+00  0.0000E+00  0.0000E+00
  0.0000E+00  0.0000E+00  0.0000E+00
  0.0000E+00  0.0000E+00  0.0000E+00
  0.0000E+00  0.0000E+00  0.0000E+00
  0.0000E+00  0.0000E+00  0.0000E+00
  0.0000E+00  0.0000E+00  0.0000E+00
  0.0000E+00  0.0000E+00  0.0000E+00
  0.0000E+00  0.0000E+00  0.0000E+00
 -1.1742E-04  1.3026E-04 -3.4381E-04
 -1.1605E-04  1.4869E-12 -3.1688E-04
 -1.1742E-04 -1.3026E-04 -3.4381E-04
 -2.0166E-12  1.3009E-04 -3.2215E-04
 -3.0503E-12  1.1597E-12 -2.9440E-04
 -2.9715E-12 -1.3009E-04 -3.2215E-04
  1.1742E-04  1.3026E-04 -3.4381E-04
  1.1605E-04  5.8988E-13 -3.1688E-04
  1.1742E-04 -1.3026E-04 -3.4381E-04
 -1.0783E-04  1.3144E-04 -6.8638E-04
 -1.1191E-04  3.7142E-12 -6.8224E-04
 -1.0783E-04 -1.3144E-04 -6.8638E-04
 -7.8483E-12  1.3328E-04 -6.8644E-04
 -9.1232E-12  2.9946E-12 -6.8209E-04
 -9.6391E-12 -1.3328E-04 -6.8644E-04
  1.0783E-04  1.3144E-04 -6.8638E-04
  1.1191E-04  2.2550E-12 -6.8224E-04
  1.0783E-04 -1.3144E-04 -6.8638E-04
 -1.0643E-04  1.2917E-04 -1.0427E-03
 -1.0684E-04  5.8445E-12 -1.0435E-03
 -1.0643E-04 -1.2917E-04 -1.0427E-03
 -1.5353E-11  1.2858E-04 -1.0435E-03
 -1.6658E-11  5.1417E-12 -1.0451E-03
 -1.8147E-11 -1.2858E-04 -1.0435E-03
  1.0643E-04  1.2917E-04 -1.0427E-03
  1.0684E-04  4.1993E-12 -1.0435E-03
  1.0643E-04 -1.2917E-04 -1.0427E-03
 -1.0441E-04  1.2560E-04 -1.3943E-03
 -1.0452E-04  7.2596E-12 -1.3963E-03
 -1.0441E-04 -1.2560E-04 -1.3943E-03
 -2.1806E-11  1.2561E-04 -1.3956E-03
 -2.5124E-11  6.4958E-12 -1.3975E-03
 -2.6446E-11 -1.2561E-04 -1.3956E-03
  1.0441E-04  1.2560E-04 -1.3943E-03
  1.0452E-04  7.6034E-12 -1.3963E-03
  1.0441E-04 -1.2560E-04 -1.3943E-03
 -1.0154E-04  1.2200E-04 -1.7373E-03
 -1.0162E-04  8.1319E-12 -1.7397E-03
 -1.0154E-04 -1.2200E-04 -1.7373E-03
 -3.0131E-11  1.2203E-04 -1.7390E-03
 -3.0866E-11  8.3276E-12 -1.7413E-03
 -3.2118E-11 -1.2203E-04 -1.7390E-03
  1.0154E-04  1.2200E-04 -1.7373E-03
  1.0162E-04  8.0726E-12 -1.7397E-03
  1.0154E-04 -1.2200E-04 -1.7373E-03
 -9.7959E-05  1.1771E-04 -2.0696E-03
 -9.8052E-05  9.2218E-12 -2.0724E-03
 -9.7959E-05 -1.1771E-04 -2.0696E-03
 -3.6413E-11  1.1774E-04 -2.0715E-03
 -3.4007E-11  8.2644E-12 -2.0743E-03
 -3.5301E-11 -1.1774E-04 -2.0715E-03
  9.7959E-05  1.1771E-04 -2.0696E-03
  9.8051E-05  6.1601E-12 -2.0724E-03
  9.7959E-05 -1.1771E-04 -2.0696E-03
 -9.3773E-05  1.1269E-04 -2.3888E-03
 -9.3866E-05  8.3945E-12 -2.3921E-03
 -9.3773E-05 -1.1269E-04 -2.3888E-03
 -3.4596E-11  1.1271E-04 -2.3911E-03
 -3.4749E-11  6.9135E-12 -2.3943E-03
 -3.6164E-11 -1.1271E-04 -2.3911E-03
  9.3773E-05  1.1269E-04 -2.3888E-03
  9.3866E-05  6.0031E-12 -2.3921E-03
  9.3773E-05 -1.1269E-04 -2.3888E-03
 -8.9006E-05  1.0697E-04 -2.6932E-03
 -8.9094E-05  6.4467E-12 -2.6969E-03
 -8.9006E-05 -1.0697E-04 -2.6932E-03
 -2.9686E-11  1.0699E-04 -2.6958E-03
 -3.0605E-11  4.8919E-12 -2.6994E-03
 -3.3318E-11 -1.0699E-04 -2.6958E-03
  8.9006E-05  1.0697E-04 -2.6932E-03
  8.9094E-05  3.1934E-12 -2.6969E-03
  8.9006E-05 -1.0697E-04 -2.6932E-03
 -8.3685E-05  1.0057E-04 -2.9808E-03
 -8.3767E-05  3.7566E-12 -2.9849E-03
 -8.3685E-05 -1.0057E-04 -2.9808E-03
 -1.9516E-11  1.0059E-04 -2.9836E-03
 -2.2680E-11  1.6501E-12 -2.9877E-03
 -2.5961E-11 -1.0059E-04 -2.9836E-03
  8.3685E-05  1.0057E-04 -2.9808E-03
  8.3767E-05  2.0983E-13 -2.9849E-03
  8.3685E-05 -1.0057E-04 -2.9808E-03
 -7.7841E-05  9.3547E-05 -3.2498E-03
 -7.7918E-05  4.7866E-13 -3.2542E-03
 -7.7841E-05 -9.3547E-05 -3.2498E-03
 -5.7505E-12  9.3565E-05 -3.2529E-03
 -1.0246E-11 -4.8969E-13 -3.2573E-03
 -1.4339E-11 -9.3565E-05 -3.2529E-03
  7.7841E-05  9.3547E-05 -3.2498E-03
  7.7918E-05 -3.0008E-12 -3.2542E-03
  7.7841E-05 -9.3547E-05 -3.2498E-03
 -7.1511E-05  8.5941E-05 -3.4986E-03
 -7.1582E-05  7.2776E-13 -3.5033E-03
 -7.1511E-05 -8.5941E-05 -3.4986E-03
  9.0870E-12  8.5957E-05 -3.5018E-03
  5.9671E-12 -2.2650E-12 -3.5066E-03
  2.1178E-12 -8.5957E-05 -3.5018E-03
  7.1511E-05  8.5941E-05 -3.4986E-03
  7.1582E-05 -5.9332E-12 -3.5033E-03
  7.1511E-05 -8.5941E-05 -3.4986E-03
 -6.4736E-05  7.7798E-05 -3.7255E-03
 -6.4800E-05  1.3666E-12 -3.7305E-03
 -6.4736E-05 -7.7798E-05 -3.7255E-03
  2.6901E-11  7.7813E-05 -3.7290E-03
  2.2257E-11 -2.2165E-12 -3.7340E-03
  1.8661E-11 -7.7813E-05 -3.7290E-03
  6.4736E-05  7.7798E-05 -3.7255E-03
  6.4800E-05 -6.0641E-12 -3.7305E-03
  6.4736E-05 -7.7798E-05 -3.7255E-03
 -5.7557E-05  6.9170E-05 -3.9291E-03
 -5.7613E-05  2.7129E-12 -3.9344E-03
 -5.7557E-05 -6.9170E-05 -3.9291E-03
  4.1489E-11  6.9183E-05 -3.9328E-03
  3.5235E-11 -1.6082E-12 -3.9381E-03
  3.1831E-11 -6.9183E-05 -3.9328E-03
  5.7557E-05  6.9170E-05 -3.9291E-03
  5.7614E-05 -5.5868E-12 -3.9344E-03
  5.7557E-05 -6.9170E-05 -3.9291E-03
 -5.0018E-05  6.0111E-05 -4.1083E-03
 -5.0068E-05  4.7924E-12 -4.1138E-03
 -5.0018E-05 -6.0111E-05 -4.1083E-03
  4.8549E-11  6.0122E-05 -4.1121E-03
  4.2651E-11 -1.9491E-13 -4.1177E-03
  3.8837E-11 -6.0122E-05 -4.1121E-03
  5.0018E-05  6.0111E-05 -4.1083E-03
  5.0068E-05 -5.9570E-12 -4.1138E-03
  5.0018E-05 -6.0111E-05 -4.1083E-03
 -4.2167E-05  5.0677E-05 -4.2618E-03
 -4.2210E-05  6.9595E-12 -4.2676E-03
 -4.2167E-05 -5.0677E-05 -4.2618E-03
  4.6286E-11  5.0686E-05 -4.2658E-03
  4.0016E-11 -1.0755E-12 -4.2716E-03
  3.5752E-11 -5.0686E-05 -4.2658E-03
  4.2167E-05  5.0677E-05 -4.2618E-03
  4.2210E-05 -6.9194E-12 -4.2676E-03
  4.2167E-05 -5.0677E-05 -4.2618E-03
 -3.4055E-05  4.0925E-05 -4.3887E-03
 -3.4090E-05  4.9124E-12 -4.3947E-03
 -3.4055E-05 -4.0925E-05 -4.3887E-03
  3.7191E-11  4.0933E-05 -4.3928E-03
  2.7830E-11 -1.0986E-12 -4.3988E-03
  2.1691E-11 -4.0933E-05 -4.3928E-03
  3.4055E-05  4.0925E-05 -4.3887E-03
  3.4090E-05 -6.9390E-12 -4.3947E-03
  3.4055E-05 -4.0925E-05 -4.3887E-03
 -2.5739E-05  3.0894E-05 -4.4883E-03
 -2.5757E-05  5.1816E-12 -4.4943E-03
 -2.5739E-05 -3.0894E-05 -4.4883E-03
  1.8958E-11  3.0917E-05 -4.4925E-03
  9.6510E-12 -1.3386E-12 -4.4986E-03
  2.3444E-12 -3.0917E-05 -4.4925E-03
  2.5739E-05  3.0894E-05 -4.4883E-03
  2.5757E-05 -7.9154E-12 -4.4943E-03
  2.5739E-05 -3.0894E-05 -4.4883E-03
 -1.7267E-05  2.0644E-05 -4.5599E-03
 -1.7162E-05  6.3357E-12 -4.5659E-03
 -1.7267E-05 -2.0644E-05 -4.5599E-03
 -3.6812E-12  2.0621E-05 -4.5642E-03
 -1.2823E-11 -6.7169E-13 -4.5702E-03
 -2.0898E-11 -2.0621E-05 -4.5642E-03
  1.7267E-05  2.0644E-05 -4.5599E-03
  1.7162E-05 -7.9032E-12 -4.5659E-03
  1.7267E-05 -2.0644E-05 -4.5599E-03
 -8.4458E-06  1.0306E-05 -4.6037E-03
 -8.2603E-06  7.7842E-12 -4.6089E-03
 -8.4458E-06 -1.0306E-05 -4.6037E-03
 -2.8577E-11  1.0227E-05 -4.6073E-03
 -3.7763E-11  4.2901E-13 -4.6125E-03
 -4.6426E-11 -1.0227E-05 -4.6073E-03
  8.4457E-06  1.0306E-05 -4.6037E-03
  8.2603E-06 -6.9500E-12 -4.6089E-03
  8.4457E-06 -1.0306E-05 -4.6037E-03
 -2.9949E-06  3.6109E-06 -4.6201E-03
 -2.8433E-06  9.1216E-12 -4.6244E-03
 -2.9949E-06 -3.6109E-06 -4.6201E-03
 -5.3774E-11  3.5402E-06 -4.6230E-03
 -6.2999E-11  1.7224E-12 -4.6273E-03
 -7.1897E-11 -3.5401E-06 -4.6230E-03
  2.9948E-06  3.6109E-06 -4.6201E-03
  2.8432E-06 -5.7941E-12 -4.6244E-03
  2.9947E-06 -3.6109E-06 -4.6201E-03
   1.4154E-02
  0.0000E+00  0.0000E+00  0.0000E+00
  0.0000E+00  0.0000E+00  0.0000E+00
  0.0000E+00  0.0000E+00  0.0000E+00
  0.0000E+00  0.0000E+00  0.0000E+00
  0.0000E+00  0.0000E+00  0.0000E+00
  0.0000E+00  0.0000E+00  0.0000E+00
  0.0000E+00  0.0000E+00  0.0000E+00
  0.0000E+00  0.0000E+00  0.0000E+00
  0.0000E+00  0.0000E+00  0.0000E+00
  6.4342E-04 -1.7644E-04  5.9996E-04
  7.2651E-04 -4.4358E-12  5.9515E-04
  6.4342E-04  1.7644E-04  5.9996E-04
  5.3917E-04 -2.8147E-12  2.7579E-14
  6.1939E-04 -3.6305E-12 -2.3831E-12
  5.3917E-04 -5.2793E-12 -5.6591E-12
  6.4342E-04  1.7644E-04 -5.9996E-04
  7.2651E-04 -1.9828E-12 -5.9515E-04
  6.4342E-04 -1.7644E-04 -5.9996E-04
  1.7147E-03 -6.9583E-05  9.3495E-04
  1.7576E-03 -9.4186E-12  9.6385E-04
  1.7147E-03  6.9583E-05  9.3495E-04
  1.6943E-03 -6.9733E-12 -1.4232E-12
  1.7334E-03 -8.0961E-12 -5.2200E-12
  1.6943E-03 -9.7818E-12 -9.3762E-12
  1.7147E-03  6.9583E-05 -9.3495E-04
  1.7576E-03 -6.8430E-12 -9.6385E-04
  1.7147E-03 -6.9583E-05 -9.3495E-04
  2.9785E-03  3.5946E-05  9.6961E-04
  2.9583E-03 -1.4204E-11  9.9654E-04
  2.9785E-03 -3.5946E-05  9.6961E-04
  2.9931E-03 -1.0890E-11 -4.9531E-12
  2.9746E-03 -1.2952E-11 -8.5585E-12
  2.9931E-03 -1.4148E-11 -1.1964E-11
  2.9785E-03 -3.5946E-05 -9.6961E-04
  2.9583E-03 -1.1769E-11 -9.9654E-04
  2.9785E-03  3.5946E-05 -9.6961E-04
  4.0802E-03  1.1933E-04  7.4375E-04
  4.0108E-03 -1.6727E-11  7.6319E-04
  4.0802E-03 -1.1933E-04  7.4375E-04
  4.1310E-03 -1.5568E-11 -1.0832E-11
  4.0630E-03 -1.6302E-11 -1.0917E-11
  4.1310E-03 -1.8200E-11 -1.4855E-11
  4.0802E-03 -1.1933E-04 -7.4375E-04
  4.0108E-03 -1.7599E-11 -7.6319E-04
  4.0802E-03  1.1933E-04 -7.4375E-04
  4.7746E-03  1.7373E-04  3.2431E-04
  4.6728E-03 -1.5785E-11  3.3489E-04
  4.7746E-03 -1.7373E-04  3.2431E-04
  4.8479E-03 -1.2474E-12 -1.3494E-11
  4.7478E-03 -1.9970E-11 -1.6222E-11
  4.8479E-03 -2.8567E-11 -1.6983E-11
  4.7746E-03 -1.7373E-04 -3.2431E-04
  4.6728E-03 -2.2334E-11 -3.3489E-04
  4.7746E-03  1.7373E-04 -3.2431E-04
  4.8977E-03  1.9430E-04 -1.9989E-04
  4.7837E-03 -1.8455E-11 -1.9897E-04
  4.8977E-03 -1.9430E-04 -1.9989E-04
  4.9795E-03 -1.8878E-11 -1.8069E-11
  4.8672E-03 -1.9504E-11 -2.0081E-11
  4.9795E-03 -2.0708E-11 -1.7371E-11
  4.8977E-03 -1.9430E-04  1.9989E-04
  4.7837E-03 -2.1320E-11  1.9897E-04
  4.8977E-03  1.9430E-04  1.9989E-04
  4.3908E-03  1.8020E-04 -7.3236E-04
  4.2849E-03 -1.9042E-11 -7.4071E-04
  4.3908E-03 -1.8020E-04 -7.3236E-04
  4.4666E-03 -1.6420E-11 -2.5019E-11
  4.3623E-03 -1.8778E-11 -2.1927E-11
  4.4666E-03 -1.9985E-11 -1.8273E-11
  4.3908E-03 -1.8020E-04  7.3236E-04
  4.2849E-03 -1.9716E-11  7.4071E-04
  4.3908E-03  1.8020E-04  7.3236E-04
  3.3025E-03  1.3504E-04 -1.1804E-03
  3.2232E-03 -1.5789E-11 -1.1964E-03
  3.3025E-03 -1.3504E-04 -1.1804E-03
  3.3593E-03 -1.2793E-11 -3.0276E-11
  3.2812E-03 -1.5057E-11 -2.4762E-11
  3.3593E-03 -1.6022E-11 -1.8943E-11
  3.3025E-03 -1.3504E-04  1.1804E-03
  3.2232E-03 -1.4393E-11  1.1964E-03
  3.3025E-03  1.3504E-04  1.1804E-03
  1.7783E-03  6.6512E-05 -1.4671E-03
  1.7394E-03 -9.9891E-12 -1.4882E-03
  1.7783E-03 -6.6512E-05 -1.4671E-03
  1.8064E-03 -8.2000E-12 -3.6390E-11
  1.7680E-03 -8.9985E-12 -2.7539E-11
  1.8064E-03 -9.5916E-12 -1.9633E-11
  1.7783E-03 -6.6512E-05  1.4671E-03
  1.7394E-03 -7.1291E-12  1.4882E-03
  1.7783E-03  6.6512E-05  1.4671E-03
  3.6474E-05 -1.4613E-05 -1.5418E-03
  4.5287E-05 -1.6688E-12 -1.5647E-03
  3.6474E-05  1.4613E-05 -1.5418E-03
  3.0462E-05  1.8446E-12 -4.2687E-11
  3.9291E-05 -2.0180E-12 -2.5897E-11
  3.0462E-05 -1.9061E-13 -2.0880E-11
  3.6474E-05  1.4613E-05  1.5418E-03
  4.5287E-05 -2.6748E-14  1.5647E-03
  3.6474E-05 -1.4613E-05  1.5418E-03
 -1.6660E-03 -9.6037E-05 -1.3864E-03
 -1.6092E-03  3.3524E-12 -1.4077E-03
 -1.6660E-03  9.6037E-05 -1.3864E-03
 -1.7062E-03  5.3397E-12 -3.7689E-11
 -1.6500E-03  5.7165E-12 -3.2135E-11
 -1.7062E-03  3.6356E-12 -2.5715E-11
 -1.6660E-03  9.6037E-05  1.3864E-03
 -1.6092E-03  8.1650E-12  1.4077E-03
 -1.6660E-03 -9.6037E-05  1.3864E-03
 -3.0720E-03 -1.6575E-04 -1.0172E-03
 -2.9741E-03  6.7973E-12 -1.0338E-03
 -3.0720E-03  1.6575E-04 -1.0172E-03
 -3.1414E-03  9.0755E-12 -3.6557E-11
 -3.0446E-03  9.5294E-12 -3.3117E-11
 -3.1414E-03  9.1584E-12 -2.9319E-11
 -3.0720E-03  1.6575E-04  1.0172E-03
 -2.9741E-03  1.2932E-11  1.0338E-03
 -3.0720E-03 -1.6575E-04  1.0172E-03
 -3.9625E-03 -2.1382E-04 -4.8162E-04
 -3.8361E-03  8.0273E-12 -4.9125E-04
 -3.9625E-03  2.1382E-04 -4.8162E-04
 -4.0520E-03  9.5898E-12 -3.5072E-11
 -3.9271E-03  1.0303E-11 -3.3400E-11
 -4.0520E-03  1.0421E-11 -3.2294E-11
 -3.9625E-03  2.1382E-04  4.8162E-04
 -3.8361E-03  1.3025E-11  4.9125E-04
 -3.9625E-03 -2.1382E-04  4.8162E-04
 -4.1878E-03 -2.3400E-04  1.4999E-04
 -4.0494E-03  7.8653E-12  1.4845E-04
 -4.1878E-03  2.3400E-04  1.4999E-04
 -4.2857E-03  8.5578E-12 -3.4440E-11
 -4.1489E-03  8.7006E-12 -3.4479E-11
 -4.2857E-03  8.5715E-12 -3.4900E-11
 -4.1878E-03  2.3400E-04 -1.4999E-04
 -4.0494E-03  1.0055E-11 -1.4845E-04
 -4.1878E-03 -2.3400E-04 -1.4999E-04
 -3.6882E-03 -2.2471E-04  7.9614E-04
 -3.5551E-03  6.9923E-12  8.0241E-04
 -3.6882E-03  2.2471E-04  7.9614E-04
 -3.7821E-03  1.3232E-11 -3.1651E-11
 -3.6504E-03  6.6773E-12 -3.7190E-11
 -3.7821E-03 -2.4752E-13 -3.3454E-11
 -3.6882E-03  2.2471E-04 -7.9614E-04
 -3.5551E-03  6.7241E-12 -8.0241E-04
 -3.6882E-03 -2.2471E-04 -7.9614E-04
 -2.4990E-03 -1.8951E-04  1.3780E-03
 -2.3865E-03  7.2284E-12  1.3904E-03
 -2.4990E-03  1.8951E-04  1.3780E-03
 -2.5781E-03  6.2885E-12 -3.1600E-11
 -2.4664E-03  5.8411E-12 -3.3657E-11
 -2.5781E-03  5.1420E-12 -3.6103E-11
 -2.4990E-03  1.8951E-04 -1.3780E-03
 -2.3865E-03  4.9225E-12 -1.3904E-03
 -2.4990E-03 -1.8951E-04 -1.3780E-03
 -7.4047E-04 -1.3686E-04  1.8337E-03
 -6.5856E-04  6.1504E-12  1.8492E-03
 -7.4047E-04  1.3686E-04  1.8337E-03
 -7.9716E-04  4.1741E-12 -3.2100E-11
 -7.1548E-04  3.6933E-12 -3.5572E-11
 -7.9716E-04  2.7481E-12 -3.9111E-11
 -7.4047E-04  1.3686E-04 -1.8337E-03
 -6.5856E-04  1.2837E-12 -1.8492E-03
 -7.4047E-04 -1.3686E-04 -1.8337E-03
  1.4083E-03 -7.9267E-05  2.1306E-03
  1.4568E-03  2.3880E-12  2.1453E-03
  1.4083E-03  7.9267E-05  2.1306E-03
  1.3760E-03 -5.3077E-13 -3.2096E-11
  1.4251E-03 -2.5183E-13 -3.6902E-11
  1.3760E-03 -5.8875E-13 -4.1740E-11
  1.4083E-03  7.9267E-05 -2.1306E-03
  1.4568E-03 -2.3731E-12 -2.1453E-03
  1.4083E-03 -7.9267E-05 -2.1306E-03
  3.7464E-03 -3.2554E-05  2.2746E-03
  3.7679E-03 -3.3557E-12  2.2849E-03
  3.7464E-03  3.2554E-05  2.2746E-03
  3.7351E-03 -6.3060E-12 -3.1549E-11
  3.7573E-03 -5.7939E-12 -3.8038E-11
  3.7351E-03 -5.8706E-12 -4.4090E-11
  3.7464E-03  3.2554E-05 -2.2746E-03
  3.7679E-03 -8.3463E-12 -2.2849E-03
  3.7464E-03 -3.2554E-05 -2.2746E-03
  6.0981E-03 -1.1803E-05  2.3145E-03
  6.1104E-03 -1.0110E-11  2.3218E-03
  6.0981E-03  1.1803E-05  2.3145E-03
  6.0954E-03 -1.3048E-11 -3.1221E-11
  6.1081E-03 -1.2846E-11 -3.8345E-11
  6.0954E-03 -1.2578E-11 -4.5386E-11
  6.0981E-03  1.1803E-05 -2.3145E-03
  6.1104E-03 -1.4806E-11 -2.3218E-03
  6.0981E-03 -1.1803E-05 -2.3145E-03
   1.6068E-02
  0.0000E+00  0.0000E+00  0.0000E+00
  0.0000E+00  0.0000E+00  0.0000E+00
  0.0000E+00  0.0000E+00  0.0000E+00
  0.0000E+00  0.0000E+00  0.0000E+00
  0.0000E+00  0.0000E+00  0.0000E+00
  0.0000E+00  0.0000E+00  0.0000E+00
  0.0000E+00  0.0000E+00  0.0000E+00
  0.0000E+00  0.0000E+00  0.0000E+00
  0.0000E+00  0.0000E+00  0.0000E+00
 -1.8862E-04  7.3504E-04 -6.5678E-04
  5.9698E-12  6.0874E-04  4.5572E-12
  1.8862E-04  7.3504E-04  6.5678E-04
  2.3030E-12  8.0108E-04 -6.4929E-04
  4.7222E-12  6.7090E-04  1.0675E-12
  5.0722E-12  8.0108E-04  6.4929E-04
  1.8862E-04  7.3504E-04 -6.5678E-04
  4.2734E-12  6.0874E-04 -2.6061E-12
 -1.8862E-04  7.3504E-04  6.5678E-04
 -6.5624E-05  1.8188E-03 -1.0162E-03
  1.2198E-11  1.7928E-03  7.9969E-12
  6.5624E-05  1.8188E-03  1.0162E-03
  1.0106E-11  1.8489E-03 -1.0544E-03
  1.1531E-11  1.8181E-03  2.8602E-12
  1.2209E-11  1.8489E-03  1.0544E-03
  6.5624E-05  1.8188E-03 -1.0162E-03
  1.0662E-11  1.7928E-03 -2.6299E-12
 -6.5624E-05  1.8188E-03  1.0162E-03
  4.0870E-05  3.0559E-03 -1.0442E-03
  1.9118E-11  3.0769E-03  8.4965E-12
 -4.0870E-05  3.0559E-03  1.0442E-03
  1.9092E-11  3.0391E-03 -1.0776E-03
  1.8874E-11  3.0626E-03  3.6447E-12
  1.8824E-11  3.0391E-03  1.0776E-03
 -4.0870E-05  3.0559E-03 -1.0442E-03
  1.8087E-11  3.0769E-03 -5.9492E-13
  4.0870E-05  3.0559E-03  1.0442E-03
  1.2261E-04  4.1113E-03 -7.8205E-04
  2.3688E-11  4.1785E-03  6.9889E-12
 -1.2261E-04  4.1113E-03  7.8205E-04
  2.8159E-11  4.0609E-03 -8.0564E-04
  2.3351E-11  4.1299E-03  4.5018E-12
  2.1288E-11  4.0609E-03  8.0564E-04
 -1.2261E-04  4.1113E-03 -7.8205E-04
  2.3190E-11  4.1785E-03  3.6675E-12
  1.2261E-04  4.1113E-03  7.8205E-04
  1.7513E-04  4.7552E-03 -3.0728E-04
  2.7386E-11  4.8510E-03  4.7978E-12
 -1.7513E-04  4.7552E-03  3.0728E-04
  2.8368E-11  4.6829E-03 -3.1982E-04
  2.3477E-11  4.7810E-03  2.9401E-12
  2.0207E-11  4.6829E-03  3.1982E-04
 -1.7513E-04  4.7552E-03 -3.0728E-04
  1.4856E-11  4.8510E-03  5.1162E-12
  1.7513E-04  4.7552E-03  3.0728E-04
  1.9387E-04  4.8355E-03  2.7978E-04
  1.9088E-11  4.9416E-03 -1.8390E-12
 -1.9387E-04  4.8355E-03 -2.7978E-04
  2.0784E-11  4.7555E-03  2.7923E-04
  1.8739E-11  4.8638E-03  2.4340E-12
  1.6588E-11  4.7555E-03 -2.7923E-04
 -1.9387E-04  4.8355E-03  2.7978E-04
  1.8258E-11  4.9416E-03  8.2247E-12
  1.9387E-04  4.8355E-03 -2.7978E-04
  1.7813E-04  4.3019E-03  8.7108E-04
  1.2792E-11  4.3995E-03 -3.6159E-12
 -1.7813E-04  4.3019E-03 -8.7108E-04
  1.3457E-11  4.2284E-03  8.8198E-04
  1.2159E-11  4.3279E-03  3.8291E-12
  1.0000E-11  4.2284E-03 -8.8198E-04
 -1.7813E-04  4.3019E-03  8.7108E-04
  1.0869E-11  4.3995E-03  1.1563E-11
  1.7813E-04  4.3019E-03 -8.7108E-04
  1.3171E-04  3.2075E-03  1.3635E-03
  3.7749E-12  3.2796E-03 -4.6258E-12
 -1.3171E-04  3.2075E-03 -1.3635E-03
  4.6601E-12  3.1531E-03  1.3838E-03
  3.4000E-12  3.2267E-03  4.2595E-12
  1.3190E-12  3.1531E-03 -1.3838E-03
 -1.3171E-04  3.2075E-03  1.3635E-03
  2.7529E-12  3.2796E-03  1.2592E-11
  1.3171E-04  3.2075E-03 -1.3635E-03
  6.2421E-05  1.6978E-03  1.6722E-03
 -5.7421E-12  1.7320E-03 -4.9984E-12
 -6.2421E-05  1.6978E-03 -1.6722E-03
 -5.1503E-12  1.6721E-03  1.6987E-03
 -6.6848E-12  1.7070E-03  3.0520E-12
 -6.8536E-12  1.6721E-03 -1.6987E-03
 -6.2421E-05  1.6978E-03  1.6722E-03
 -5.7455E-12  1.7320E-03  8.6742E-12
  6.2421E-05  1.6978E-03 -1.6722E-03
 -1.8959E-05 -1.2809E-05  1.7419E-03
 -2.0731E-11 -2.3193E-05 -8.3846E-13
  1.8959E-05 -1.2809E-05 -1.7419E-03
 -1.5977E-11 -4.8978E-06  1.7704E-03
 -1.3722E-11 -1.5288E-05  2.6998E-12
 -1.2543E-11 -4.8977E-06 -1.7704E-03
  1.8959E-05 -1.2809E-05  1.7419E-03
 -6.3405E-12 -2.3193E-05 -5.4058E-12
 -1.8959E-05 -1.2809E-05 -1.7419E-03
 -1.0019E-04 -1.6739E-03  1.5537E-03
 -1.6165E-11 -1.7288E-03  2.9836E-12
  1.0019E-04 -1.6739E-03 -1.5537E-03
 -2.2031E-11 -1.6324E-03  1.5801E-03
 -1.6372E-11 -1.6880E-03  2.4554E-12
 -1.4578E-11 -1.6324E-03 -1.5801E-03
  1.0019E-04 -1.6739E-03  1.5537E-03
 -1.6546E-11 -1.7288E-03  3.2267E-12
 -1.0019E-04 -1.6739E-03 -1.5537E-03
 -1.6940E-04 -3.0366E-03  1.1271E-03
 -1.5249E-11 -3.1294E-03  4.3603E-12
  1.6940E-04 -3.0366E-03 -1.1271E-03
 -1.9387E-11 -2.9665E-03  1.1476E-03
 -1.5472E-11 -3.0606E-03  3.1300E-12
 -1.1603E-11 -2.9665E-03 -1.1476E-03
  1.6940E-04 -3.0366E-03  1.1271E-03
 -1.4914E-11 -3.1294E-03  1.9935E-12
 -1.6940E-04 -3.0366E-03 -1.1271E-03
 -2.1681E-04 -3.8902E-03  5.1575E-04
 -1.2311E-11 -4.0089E-03  6.2768E-12
  2.1681E-04 -3.8902E-03 -5.1575E-04
 -1.4922E-11 -3.8004E-03  5.2751E-04
 -1.1896E-11 -3.9209E-03  3.6106E-12
 -8.7995E-12 -3.8004E-03 -5.2751E-04
  2.1681E-04 -3.8902E-03  5.1575E-04
 -1.1299E-11 -4.0089E-03  8.3007E-13
 -2.1681E-04 -3.8902E-03 -5.1575E-04
 -2.3632E-04 -4.0919E-03 -2.0140E-04
 -9.4795E-12 -4.2213E-03  9.8729E-12
  2.3632E-04 -4.0919E-03  2.0140E-04
 -9.4617E-12 -3.9941E-03 -1.9969E-04
 -8.8612E-12 -4.1253E-03  3.4738E-12
 -7.0681E-12 -3.9941E-03  1.9969E-04
  2.3632E-04 -4.0919E-03 -2.0140E-04
 -7.8167E-12 -4.2213E-03  1.1446E-12
 -2.3632E-04 -4.0919E-03  2.0140E-04
 -2.2644E-04 -3.5866E-03 -9.3331E-04
  1.0540E-11 -3.7106E-03  1.3072E-11
  2.2644E-04 -3.5866E-03  9.3331E-04
 -2.6809E-12 -3.4928E-03 -9.4129E-04
 -3.9389E-12 -3.6184E-03  4.3646E-12
 -4.7317E-12 -3.4928E-03  9.4129E-04
  2.2644E-04 -3.5866E-03 -9.3331E-04
 -1.5902E-11 -3.7106E-03  2.5862E-12
 -2.2644E-04 -3.5866E-03  9.3331E-04
 -1.9075E-04 -2.4114E-03 -1.5922E-03
  1.5856E-13 -2.5159E-03  7.1566E-12
  1.9075E-04 -2.4114E-03  1.5922E-03
  4.9061E-12 -2.3323E-03 -1.6078E-03
  1.1297E-12 -2.4378E-03  5.5963E-12
 -3.3469E-12 -2.3323E-03  1.6078E-03
  1.9075E-04 -2.4114E-03 -1.5922E-03
  9.4558E-13 -2.5159E-03  2.5526E-13
 -1.9075E-04 -2.4114E-03  1.5922E-03
 -1.3759E-04 -6.8600E-04 -2.1093E-03
  3.0556E-12 -7.6135E-04  6.3153E-12
  1.3759E-04 -6.8600E-04  2.1093E-03
  9.2575E-12 -6.2870E-04 -2.1288E-03
  3.5336E-12 -7.0436E-04  4.1860E-12
 -2.3369E-12 -6.2870E-04  2.1288E-03
  1.3759E-04 -6.8600E-04 -2.1093E-03
  4.0173E-12 -7.6135E-04  1.3479E-12
 -1.3759E-04 -6.8600E-04  2.1093E-03
 -7.9210E-05  1.4123E-03 -2.4480E-03
  4.6444E-12  1.3688E-03  6.7900E-12
  7.9210E-05  1.4123E-03  2.4480E-03
  1.1428E-11  1.4457E-03 -2.4666E-03
  5.3486E-12  1.4029E-03  3.3636E-12
 -1.3164E-12  1.4457E-03  2.4666E-03
  7.9210E-05  1.4123E-03 -2.4480E-03
  6.3648E-12  1.3688E-03  3.8221E-13
 -7.9210E-05  1.4123E-03  2.4480E-03
 -3.1201E-05  3.6836E-03 -2.6145E-03
  8.7954E-12  3.6676E-03  6.9363E-12
  3.1201E-05  3.6836E-03  2.6145E-03
  1.4831E-11  3.6972E-03 -2.6273E-03
  9.2232E-12  3.6822E-03  2.3595E-12
  3.3984E-12  3.6972E-03  2.6273E-03
  3.1201E-05  3.6836E-03 -2.6145E-03
  1.0039E-11  3.6676E-03 -1.0275E-12
 -3.1201E-05  3.6836E-03  2.6145E-03
 -8.7615E-06  5.9501E-03 -2.6614E-03
  1.3576E-11  5.9454E-03  6.8832E-12
  8.7615E-06  5.9501E-03  2.6614E-03
  1.9046E-11  5.9569E-03 -2.6702E-03
  1.3990E-11  5.9528E-03  2.1307E-12
  8.4454E-12  5.9569E-03  2.6702E-03
  8.7615E-06  5.9501E-03 -2.6614E-03
  1.3784E-11  5.9454E-03 -1.7205E-12
 -8.7615E-06  5.9501E-03  2.6614E-03
   2.3468E-02
  0.0000E+00  0.0000E+00  0.0000E+00
  0.0000E+00  0.0000E+00  0.0000E+00
  0.0000E+00  0.0000E+00  0.0000E+00
  0.0000E+00  0.0000E+00  0.0000E+00
  0.0000E+00  0.0000E+00  0.0000E+00
  0.0000E+00  0.0000E+00  0.0000E+00
  0.0000E+00  0.0000E+00  0.0000E+00
  0.0000E+00  0.0000E+00  0.0000E+00
  0.0000E+00  0.0000E+00  0.0000E+00
  1.4076E-03  1.1831E-03  1.8008E-04
 -2.8738E-12  1.2113E-03 -1.2183E-12
 -1.4076E-03  1.1831E-03 -1.8008E-04
  1.3816E-03  5.2836E-12 -3.1967E-12
 -2.3023E-12  5.0572E-12 -4.5986E-13
 -1.3816E-03  5.4764E-12  2.9395E-12
  1.4076E-03 -1.1831E-03 -1.8008E-04
 -1.4354E-12 -1.2113E-03  6.6331E-13
 -1.4076E-03 -1.1831E-03  1.8008E-04
  2.7651E-03  2.3098E-03  2.2415E-04
 -4.4827E-12  2.3078E-03 -2.3289E-12
 -2.7651E-03  2.3098E-03 -2.2415E-04
  2.7673E-03  9.8335E-12 -4.5571E-12
 -4.0950E-12  1.0112E-11 -1.5791E-12
 -2.7673E-03  1.0622E-11  1.8534E-12
  2.7651E-03 -2.3098E-03 -2.2415E-04
 -3.1926E-12 -2.3078E-03 -4.6131E-13
 -2.7651E-03 -2.3098E-03  2.2415E-04
  3.9800E-03  3.3111E-03  1.9868E-04
 -5.8339E-12  3.3045E-03 -1.9417E-12
 -3.9800E-03  3.3111E-03 -1.9868E-04
  3.9858E-03  1.3287E-11 -2.9741E-12
 -5.6473E-12  1.4498E-11 -1.4223E-12
 -3.9858E-03  1.4841E-11 -8.9728E-13
  3.9800E-03 -3.3111E-03 -1.9868E-04
 -5.1808E-12 -3.3045E-03 -1.6893E-12
 -3.9800E-03 -3.3111E-03  1.9868E-04
  4.9711E-03  4.1342E-03  1.5410E-04
 -6.1558E-12  4.1253E-03  3.9896E-13
 -4.9711E-03  4.1342E-03 -1.5410E-04
  4.9791E-03  1.4007E-11  1.7764E-13
 -5.4061E-12  1.6558E-11 -1.6103E-12
 -4.9791E-03  1.5497E-11 -4.8285E-12
  4.9711E-03 -4.1342E-03 -1.5410E-04
 -5.0060E-12 -4.1253E-03 -4.0591E-12
 -4.9711E-03 -4.1342E-03  1.5410E-04
  5.6864E-03  4.7288E-03  1.0055E-04
 -1.2106E-12  4.7188E-03  5.7749E-12
 -5.6864E-03  4.7288E-03 -1.0055E-04
  5.6954E-03  1.6014E-11  9.2071E-12
 -2.1675E-12  1.2724E-11 -4.8802E-12
 -5.6954E-03  1.5958E-11 -1.0814E-11
  5.6864E-03 -4.7288E-03 -1.0055E-04
  4.2167E-12 -4.7188E-03 -6.3012E-12
 -5.6864E-03 -4.7288E-03  1.0055E-04
  6.0865E-03  5.0616E-03  4.1721E-05
  1.8541E-13  5.0509E-03 -8.6765E-13
 -6.0865E-03  5.0616E-03 -4.1721E-05
  6.0961E-03  3.3653E-12  7.4690E-12
  1.5835E-12  4.1248E-12 -2.8388E-12
 -6.0961E-03  4.2887E-12 -1.2211E-11
  6.0865E-03 -5.0616E-03 -4.1721E-05
  5.6875E-14 -5.0509E-03 -5.3172E-12
 -6.0865E-03 -5.0616E-03  4.1721E-05
  6.1495E-03  5.1140E-03 -1.9333E-05
  6.8515E-13  5.1032E-03 -3.0879E-12
 -6.1495E-03  5.1140E-03  1.9333E-05
  6.1592E-03 -3.7281E-12  2.6209E-12
  1.8244E-12 -3.8171E-12 -4.0384E-12
 -6.1592E-03 -2.3097E-12 -1.1310E-11
  6.1495E-03 -5.1140E-03  1.9333E-05
  3.4002E-12 -5.1032E-03 -6.1393E-12
 -6.1495E-03 -5.1140E-03 -1.9333E-05
  5.8719E-03  4.8831E-03 -7.9301E-05
  1.4629E-12  4.8728E-03 -4.1391E-12
 -5.8719E-03  4.8831E-03  7.9301E-05
  5.8811E-03 -8.7495E-12 -3.4897E-12
  2.6319E-12 -8.8289E-12 -5.8192E-12
 -5.8811E-03 -8.0137E-12 -8.4233E-12
  5.8719E-03 -4.8831E-03  7.9301E-05
  3.6552E-12 -4.8728E-03 -6.6504E-12
 -5.8719E-03 -4.8831E-03 -7.9301E-05
  5.2689E-03  4.3817E-03 -1.3488E-04
  2.9347E-12  4.3724E-03 -4.9792E-12
 -5.2689E-03  4.3817E-03  1.3488E-04
  5.2772E-03 -8.8680E-12 -8.5850E-12
  3.6412E-12 -9.6492E-12 -6.7849E-12
 -5.2772E-03 -8.3372E-12 -4.0369E-12
  5.2689E-03 -4.3817E-03  1.3488E-04
  3.7861E-12 -4.3724E-03 -4.3557E-12
 -5.2689E-03 -4.3817E-03 -1.3488E-04
  4.3742E-03  3.6376E-03 -1.8298E-04
  1.5473E-11  3.6299E-03 -1.2679E-11
 -4.3742E-03  3.6376E-03  1.8298E-04
  4.3811E-03 -2.3754E-12 -6.7811E-12
  3.3460E-12 -5.1832E-12  6.0354E-13
 -4.3811E-03 -1.0907E-11  2.8060E-12
  4.3742E-03 -3.6376E-03  1.8298E-04
 -1.2620E-11 -3.6299E-03  2.0655E-12
 -4.3742E-03 -3.6376E-03 -1.8298E-04
  3.2371E-03  2.6920E-03 -2.2095E-04
  2.1340E-12  2.6863E-03 -5.1537E-12
 -3.2371E-03  2.6920E-03  2.2095E-04
  3.2422E-03 -1.6574E-12 -7.2346E-12
  2.6750E-12 -1.7910E-12 -1.5656E-13
 -3.2422E-03 -2.0192E-12  3.9541E-12
  3.2371E-03 -2.6920E-03  2.2095E-04
  4.7346E-12 -2.6863E-03 -1.4694E-12
 -3.2371E-03 -2.6920E-03 -2.2095E-04
  1.9207E-03  1.5973E-03 -2.4668E-04
  1.4404E-12  1.5939E-03 -2.5807E-12
 -1.9207E-03  1.5973E-03  2.4668E-04
  1.9237E-03  3.0800E-13 -4.8470E-12
  1.3686E-12  1.7874E-13 -1.9436E-12
 -1.9237E-03 -2.6246E-13  1.1662E-12
  1.9207E-03 -1.5973E-03  2.4668E-04
  8.0011E-13 -1.5939E-03 -7.0707E-13
 -1.9207E-03 -1.5973E-03 -2.4668E-04
  4.9791E-04  4.1407E-04 -2.5875E-04
  3.9326E-13  4.1320E-04 -2.1055E-12
 -4.9791E-04  4.1407E-04  2.5875E-04
  4.9870E-04  2.4952E-12 -3.3800E-12
 -8.6256E-13  1.9689E-12 -1.6136E-12
 -4.9870E-04  1.1304E-12  5.6939E-13
  4.9791E-04 -4.1407E-04  2.5875E-04
 -1.4431E-12 -4.1320E-04 -3.7468E-13
 -4.9791E-04 -4.1407E-04 -2.5875E-04
 -9.5245E-04 -7.9207E-04 -2.5647E-04
  1.3905E-13 -7.9039E-04 -4.7278E-12
  9.5245E-04 -7.9207E-04  2.5647E-04
 -9.5396E-04  3.8062E-12 -2.9636E-12
  8.0816E-14  3.6245E-12  4.6638E-14
  9.5396E-04  4.0235E-12  2.6856E-12
 -9.5245E-04  7.9207E-04  2.5647E-04
 -3.2022E-12  7.9039E-04  1.6481E-12
  9.5245E-04  7.9207E-04 -2.5647E-04
 -2.3501E-03 -1.9543E-03 -2.3997E-04
 -7.4722E-12 -1.9502E-03 -1.3792E-11
  2.3501E-03 -1.9543E-03  2.3997E-04
 -2.3538E-03 -1.2109E-12  1.0414E-13
 -3.2877E-12  4.8199E-12  5.2272E-12
  2.3538E-03  9.9850E-12  5.8949E-12
 -2.3501E-03  1.9543E-03  2.3997E-04
  1.7499E-12  1.9502E-03  1.0905E-11
  2.3501E-03  1.9543E-03 -2.3997E-04
 -3.6174E-03 -3.0084E-03 -2.1012E-04
 -6.1341E-12 -3.0020E-03 -3.6030E-13
  3.6174E-03 -3.0084E-03  2.1012E-04
 -3.6232E-03  4.7665E-12 -9.9650E-14
 -6.9579E-12  5.3706E-12  7.0571E-13
  3.6232E-03  4.5195E-12  4.9787E-13
 -3.6174E-03  3.0084E-03  2.1012E-04
 -4.6356E-12  3.0020E-03  2.4611E-12
  3.6174E-03  3.0084E-03 -2.1012E-04
 -4.6843E-03 -3.8960E-03 -1.6888E-04
 -3.5384E-12 -3.8879E-03  3.5294E-12
  4.6843E-03 -3.8960E-03  1.6888E-04
 -4.6915E-03  2.0176E-12  3.2938E-12
 -4.1767E-12  2.8580E-12  3.7243E-13
  4.6915E-03  2.8402E-12 -2.0278E-12
 -4.6843E-03  3.8960E-03  1.6888E-04
 -4.3915E-12  3.8879E-03 -2.0488E-12
  4.6843E-03  3.8960E-03 -1.6888E-04
 -5.4912E-03 -4.5689E-03 -1.2134E-04
  1.2831E-12 -4.5607E-03  4.0303E-12
  5.4912E-03 -4.5689E-03  1.2134E-04
 -5.4986E-03 -6.1606E-13  5.5503E-12
  3.0763E-13 -9.8246E-13  1.0690E-12
  5.4986E-03 -1.3292E-12 -3.0384E-12
 -5.4912E-03  4.5689E-03  1.2134E-04
 -7.2279E-13  4.5607E-03 -2.3715E-12
  5.4912E-03  4.5689E-03 -1.2134E-04
 -5.9960E-03 -4.9904E-03 -8.1715E-05
  4.1613E-12 -4.9855E-03  4.5317E-12
  5.9960E-03 -4.9904E-03  8.1715E-05
 -6.0003E-03 -3.6631E-12  5.7428E-12
  3.5996E-12 -4.5583E-12  2.1574E-12
  6.0003E-03 -4.8361E-12 -1.9907E-12
 -5.9960E-03  4.9904E-03  8.1715E-05
  2.7011E-12  4.9855E-03 -1.6936E-12
  5.9960E-03  4.9904E-03 -8.1715E-05
 -6.1936E-03 -5.1167E-03 -6.5469E-05
  6.7133E-12 -5.1145E-03  4.8305E-12
  6.1936E-03 -5.1167E-03  6.5469E-05
 -6.1954E-03 -5.3339E-12  5.4528E-12
  6.1833E-12 -5.6906E-12  2.3610E-12
  6.1954E-03 -6.2886E-12 -6.9698E-13
 -6.1936E-03  5.1167E-03  6.5469E-05
  6.4988E-12  5.1145E-03 -1.2054E-12
  6.1936E-03  5.1167E-03 -6.5469E-05
   2.6061E-02
  0.0000E+00  0.0000E+00  0.0000E+00
  0.0000E+00  0.0000E+00  0.0000E+00
  0.0000E+00  0.0000E+00  0.0000E+00
  0.0000E+00  0.0000E+00  0.0000E+00
  0.0000E+00  0.0000E+00  0.0000E+00
  0.0000E+00  0.0000E+00  0.0000E+00
  0.0000E+00  0.0000E+00  0.0000E+00
  0.0000E+00  0.0000E+00  0.0000E+00
  0.0000E+00  0.0000E+00  0.0000E+00
  1.2813E-03 -2.1154E-04  8.7542E-04
  1.3713E-03 -7.9753E-12  8.8656E-04
  1.2813E-03  2.1154E-04  8.7542E-04
  1.1449E-03 -9.2699E-12  6.9289E-12
  1.2279E-03 -7.4628E-12  2.4794E-12
  1.1449E-03 -6.9937E-12 -1.3557E-12
  1.2813E-03  2.1154E-04 -8.7542E-04
  1.3713E-03 -6.6146E-12 -8.8656E-04
  1.2813E-03 -2.1154E-04 -8.7542E-04
  2.9753E-03  3.8052E-05  1.0852E-03
  2.9579E-03 -1.8450E-11  1.1464E-03
  2.9753E-03 -3.8052E-05  1.0852E-03
  3.0071E-03 -1.7461E-11  9.9199E-12
  2.9861E-03 -1.6655E-11  5.7473E-12
  3.0071E-03 -1.4824E-11  1.5912E-12
  2.9753E-03 -3.8052E-05 -1.0852E-03
  2.9579E-03 -1.5526E-11 -1.1464E-03
  2.9753E-03  3.8052E-05 -1.0852E-03
  4.4277E-03  2.3452E-04  6.6212E-04
  4.2939E-03 -2.5642E-11  7.0307E-04
  4.4277E-03 -2.3452E-04  6.6212E-04
  4.5267E-03 -2.2446E-11  7.3587E-12
  4.3992E-03 -2.2295E-11  9.1768E-12
  4.5267E-03 -2.0093E-11  8.0626E-12
  4.4277E-03 -2.3452E-04 -6.6212E-04
  4.2939E-03 -2.1055E-11 -7.0307E-04
  4.4277E-03  2.3452E-04 -6.6212E-04
  4.9456E-03  3.2486E-04 -1.5859E-04
  4.7588E-03 -2.4491E-11 -1.4950E-04
  4.9456E-03 -3.2486E-04 -1.5859E-04
  5.0845E-03 -2.0632E-11 -3.4178E-12
  4.9032E-03 -2.2247E-11  1.3376E-11
  5.0845E-03 -1.8672E-11  1.6974E-11
  4.9456E-03 -3.2486E-04  1.5859E-04
  4.7588E-03 -1.8268E-11  1.4950E-04
  4.9456E-03  3.2486E-04  1.5859E-04
  4.2601E-03  2.9887E-04 -1.0673E-03
  4.0875E-03 -1.4374E-11 -1.0887E-03
  4.2601E-03 -2.9887E-04 -1.0673E-03
  4.3872E-03  3.9090E-11 -2.0743E-11
  4.2196E-03 -1.2366E-11  9.1477E-12
  4.3872E-03 -5.7444E-11  3.8550E-11
  4.2601E-03 -2.9887E-04  1.0673E-03
  4.0875E-03 -9.4553E-12  1.0887E-03
  4.2601E-03  2.9887E-04  1.0673E-03
  2.4852E-03  1.7283E-04 -1.7532E-03
  2.3854E-03 -6.0797E-12 -1.7970E-03
  2.4852E-03 -1.7283E-04 -1.7532E-03
  2.5588E-03 -8.3097E-12  3.1184E-12
  2.4619E-03 -4.1891E-12  6.1175E-12
  2.5588E-03 -6.7984E-12  2.3585E-11
  2.4852E-03 -1.7283E-04  1.7532E-03
  2.3854E-03 -4.9670E-12  1.7970E-03
  2.4852E-03  1.7283E-04  1.7532E-03
  7.8978E-05 -1.1585E-05 -1.9892E-03
  8.6150E-05 -2.0883E-12 -2.0415E-03
  7.8978E-05  1.1585E-05 -1.9892E-03
  7.4341E-05 -4.8818E-12  5.9851E-12
  8.1618E-05 -4.7583E-12  8.8236E-12
  7.4341E-05 -4.4906E-12  1.4463E-11
  7.8978E-05  1.1585E-05  1.9892E-03
  8.6150E-05 -5.7072E-12  2.0415E-03
  7.8978E-05 -1.1585E-05  1.9892E-03
 -2.3014E-03 -1.9800E-04 -1.6890E-03
 -2.1860E-03 -1.2329E-12 -1.7340E-03
 -2.3014E-03  1.9800E-04 -1.6890E-03
 -2.3850E-03 -5.9835E-12  6.4012E-12
 -2.2722E-03 -5.1770E-12  9.2435E-12
 -2.3850E-03 -5.1843E-12  1.4283E-11
 -2.3014E-03  1.9800E-04  1.6890E-03
 -2.1860E-03 -1.0741E-11  1.7340E-03
 -2.3014E-03 -1.9800E-04  1.6890E-03
 -3.9949E-03 -3.3069E-04 -9.2769E-04
 -3.8025E-03  9.8390E-13 -9.5193E-04
 -3.9949E-03  3.3069E-04 -9.2769E-04
 -4.1347E-03 -1.6821E-12  5.6235E-12
 -3.9469E-03 -6.0805E-12  8.8216E-12
 -4.1347E-03 -2.4976E-12  2.1498E-11
 -3.9949E-03  3.3069E-04  9.2769E-04
 -3.8025E-03 -1.1057E-11  9.5193E-04
 -3.9949E-03 -3.3069E-04  9.2769E-04
 -4.5313E-03 -3.6997E-04  8.2379E-05
 -4.3162E-03  6.2396E-12  8.6248E-05
 -4.5313E-03  3.6997E-04  8.2379E-05
 -4.6878E-03 -4.6495E-11 -2.1837E-11
 -4.4779E-03  3.6664E-12  9.4891E-12
 -4.6878E-03  3.3291E-11  2.7769E-11
 -4.5313E-03  3.6997E-04 -8.2379E-05
 -4.3162E-03 -4.0838E-12 -8.6248E-05
 -4.5313E-03 -3.6997E-04 -8.2379E-05
 -3.7690E-03 -3.0327E-04  1.0536E-03
 -3.5928E-03  1.9410E-11  1.0848E-03
 -3.7690E-03  3.0327E-04  1.0536E-03
 -3.8974E-03  9.7222E-12 -7.4378E-12
 -3.7255E-03  1.0217E-11  9.0733E-12
 -3.8974E-03  9.0470E-12  1.5105E-11
 -3.7690E-03  3.0327E-04 -1.0536E-03
 -3.5928E-03  5.9727E-13 -1.0848E-03
 -3.7690E-03 -3.0327E-04 -1.0536E-03
 -1.9386E-03 -1.4837E-04  1.7059E-03
 -1.8525E-03  2.1798E-11  1.7560E-03
 -1.9386E-03  1.4837E-04  1.7059E-03
 -2.0015E-03  1.0733E-11  5.9701E-12
 -1.9177E-03  1.1739E-11  9.0798E-12
 -2.0015E-03  1.0624E-11  1.0312E-11
 -1.9386E-03  1.4837E-04 -1.7059E-03
 -1.8525E-03  3.2660E-12 -1.7560E-03
 -1.9386E-03 -1.4837E-04 -1.7059E-03
  4.2089E-04  5.1944E-05  1.8469E-03
  3.9027E-04  1.6044E-11  1.9021E-03
  4.2089E-04 -5.1944E-05  1.8469E-03
  4.4261E-04  7.6669E-12  1.0863E-11
  4.1245E-04  8.6727E-12  8.9479E-12
  4.4261E-04  7.1327E-12  6.7808E-12
  4.2089E-04 -5.1944E-05 -1.8469E-03
  3.9027E-04  2.8791E-13 -1.9021E-03
  4.2089E-04  5.1944E-05 -1.8469E-03
  2.6124E-03  2.4257E-04  1.4256E-03
  2.4706E-03  5.7901E-12  1.4708E-03
  2.6124E-03 -2.4257E-04  1.4256E-03
  2.7146E-03  8.0845E-12  1.2842E-11
  2.5758E-03  9.5069E-13  6.2242E-12
  2.7146E-03  3.1377E-12  8.5285E-12
  2.6124E-03 -2.4257E-04 -1.4256E-03
  2.4706E-03  4.6267E-13 -1.4708E-03
  2.6124E-03  2.4257E-04 -1.4256E-03
  3.9764E-03  3.7235E-04  5.4442E-04
  3.7587E-03 -4.4044E-12  5.6797E-04
  3.9764E-03 -3.7235E-04  5.4442E-04
  4.1332E-03 -2.7031E-11 -1.3346E-11
  3.9200E-03  3.6826E-12 -4.8359E-12
  4.1332E-03  1.7196E-12  2.0403E-11
  3.9764E-03 -3.7235E-04 -5.4442E-04
  3.7587E-03  2.4668E-12 -5.6797E-04
  3.9764E-03  3.7235E-04 -5.4442E-04
  4.0723E-03  4.0953E-04 -5.7410E-04
  3.8324E-03 -3.5838E-13 -5.7693E-04
  4.0723E-03 -4.0953E-04 -5.7410E-04
  4.2444E-03  1.5913E-12 -4.2170E-12
  4.0091E-03  1.4961E-12  2.5144E-12
  4.2444E-03  2.9207E-12  7.6771E-12
  4.0723E-03 -4.0953E-04  5.7410E-04
  3.8324E-03  1.3373E-12  5.7693E-04
  4.0723E-03  4.0953E-04  5.7410E-04
  2.7938E-03  3.5212E-04 -1.6579E-03
  2.5861E-03 -5.0317E-12 -1.6831E-03
  2.7938E-03 -3.5212E-04 -1.6579E-03
  2.9409E-03 -7.3008E-13  5.5552E-12
  2.7363E-03  8.5929E-13  5.1240E-12
  2.9409E-03  5.3939E-13  4.6125E-12
  2.7938E-03 -3.5212E-04  1.6579E-03
  2.5861E-03  7.1521E-12  1.6831E-03
  2.7938E-03  3.5212E-04  1.6579E-03
  3.8067E-04  2.3051E-04 -2.4749E-03
  2.4179E-04 -1.1178E-11 -2.5098E-03
  3.8067E-04 -2.3051E-04 -2.4749E-03
  4.7541E-04 -1.8889E-12  8.2261E-12
  3.3668E-04 -1.6884E-12  6.0266E-12
  4.7541E-04 -1.6654E-12  3.6351E-12
  3.8067E-04 -2.3051E-04  2.4749E-03
  2.4179E-04  8.3847E-12  2.5098E-03
  3.8067E-04  2.3051E-04  2.4749E-03
 -2.6775E-03  1.0349E-04 -2.9151E-03
 -2.7446E-03 -1.6363E-11 -2.9442E-03
 -2.6775E-03 -1.0349E-04 -2.9151E-03
 -2.6412E-03 -4.8298E-12  9.3752E-12
 -2.7097E-03 -4.7140E-12  6.4399E-12
 -2.6412E-03 -4.7355E-12  3.3923E-12
 -2.6775E-03 -1.0349E-04  2.9151E-03
 -2.7446E-03  7.0802E-12  2.9442E-03
 -2.6775E-03  1.0349E-04  2.9151E-03
 -5.8312E-03  4.0619E-05 -3.0467E-03
 -5.8717E-03 -1.9733E-11 -3.0689E-03
 -5.8312E-03 -4.0619E-05 -3.0467E-03
 -5.8218E-03 -7.4802E-12  9.6804E-12
 -5.8634E-03 -7.4646E-12  6.5952E-12
 -5.8218E-03 -7.4843E-12  3.4382E-12
 -5.8312E-03 -4.0619E-05  3.0467E-03
 -5.8717E-03  4.7953E-12  3.0689E-03
 -5.8312E-03  4.0619E-05  3.0467E-03
   2.8980E-02
  0.0000E+00  0.0000E+00  0.0000E+00
  0.0000E+00  0.0000E+00  0.0000E+00
  0.0000E+00  0.0000E+00  0.0000E+00
  0.0000E+00  0.0000E+00  0.0000E+00
  0.0000E+00  0.0000E+00  0.0000E+00
  0.0000E+00  0.0000E+00  0.0000E+00
  0.0000E+00  0.0000E+00  0.0000E+00
  0.0000E+00  0.0000E+00  0.0000E+00
  0.0000E+00  0.0000E+00  0.0000E+00
 -2.1540E-04  1.4305E-03 -8.9299E-04
  4.4895E-13  1.2800E-03  7.4811E-13
  2.1540E-04  1.4305E-03  8.9299E-04
 -8.5425E-12  1.5014E-03 -9.0616E-04
 -5.6841E-13  1.3421E-03  1.4242E-12
  4.3734E-12  1.5014E-03  9.0616E-04
  2.1540E-04  1.4305E-03 -8.9299E-04
 -2.5863E-12  1.2800E-03  1.5679E-12
 -2.1540E-04  1.4305E-03  8.9299E-04
  5.0657E-05  3.1078E-03 -1.0732E-03
 -8.6119E-13  3.1513E-03  4.6207E-12
 -5.0657E-05  3.1078E-03  1.0732E-03
 -1.2829E-11  3.0923E-03 -1.1496E-03
 -2.2519E-12  3.1315E-03  4.1719E-12
  6.1610E-12  3.0923E-03  1.1496E-03
 -5.0657E-05  3.1078E-03 -1.0732E-03
 -3.6250E-12  3.1513E-03  3.1738E-12
  5.0657E-05  3.1078E-03  1.0732E-03
  2.3814E-04  4.4639E-03 -5.8874E-04
  8.2004E-13  4.5915E-03  8.8953E-12
 -2.3814E-04  4.4639E-03  5.8874E-04
 -1.2784E-11  4.3663E-03 -6.3613E-04
 -6.8709E-13  4.5020E-03  4.6792E-12
  9.0336E-12  4.3663E-03  6.3613E-04
 -2.3814E-04  4.4639E-03 -5.8874E-04
 -9.8736E-13  4.5915E-03  1.5203E-12
  2.3814E-04  4.4639E-03  5.8874E-04
  3.1771E-04  4.8716E-03  3.0734E-04
  6.7405E-12  5.0449E-03  1.1485E-11
 -3.1771E-04  4.8716E-03 -3.0734E-04
 -5.7097E-12  4.7416E-03  2.9910E-04
  3.6852E-12  4.9217E-03  6.3815E-12
  1.0216E-11  4.7416E-03 -2.9910E-04
 -3.1771E-04  4.8716E-03  3.0734E-04
  3.8808E-12  5.0449E-03 -1.5142E-12
  3.1771E-04  4.8716E-03 -3.0734E-04
  2.8469E-04  4.1079E-03  1.2761E-03
 -1.1419E-12  4.2629E-03  1.4250E-11
 -2.8469E-04  4.1079E-03 -1.2761E-03
  8.7027E-12  3.9911E-03  1.3043E-03
  1.0409E-11  4.1521E-03  7.6693E-12
  1.4026E-11  3.9911E-03 -1.3043E-03
 -2.8469E-04  4.1079E-03  1.2761E-03
  1.0465E-11  4.2629E-03  3.6713E-13
  2.8469E-04  4.1079E-03 -1.2761E-03
  1.5668E-04  2.3120E-03  1.9854E-03
  1.3319E-11  2.3973E-03  1.1124E-11
 -1.5668E-04  2.3120E-03 -1.9854E-03
  9.6018E-12  2.2478E-03  2.0396E-03
  1.2585E-11  2.3365E-03  6.5877E-12
  2.0472E-11  2.2478E-03 -2.0396E-03
 -1.5668E-04  2.3120E-03  1.9854E-03
  1.2830E-11  2.3973E-03  5.1566E-12
  1.5668E-04  2.3120E-03 -1.9854E-03
 -2.4804E-05 -5.5565E-05  2.1985E-03
  1.1731E-11 -6.9072E-05  5.1752E-12
  2.4804E-05 -5.5565E-05 -2.1985E-03
  2.2260E-13 -4.5204E-05  2.2618E-03
  1.0923E-11 -5.8792E-05  7.7834E-12
  1.9738E-11 -4.5204E-05 -2.2618E-03
  2.4804E-05 -5.5565E-05  2.1985E-03
  7.9268E-12 -6.9072E-05  1.2567E-11
 -2.4804E-05 -5.5565E-05 -2.1985E-03
 -2.0480E-04 -2.3556E-03  1.8325E-03
  4.0399E-12 -2.4672E-03  1.7414E-12
  2.0480E-04 -2.3556E-03 -1.8325E-03
 -8.8486E-12 -2.2713E-03  1.8860E-03
  2.7262E-12 -2.3862E-03  9.2315E-12
  1.3279E-11 -2.2713E-03 -1.8860E-03
  2.0480E-04 -2.3556E-03  1.8325E-03
  1.0405E-12 -2.4672E-03  1.4888E-11
 -2.0480E-04 -2.3556E-03 -1.8325E-03
 -3.2988E-04 -3.9577E-03  9.7801E-04
 -3.9249E-12 -4.1374E-03 -2.7815E-13
  3.2988E-04 -3.9577E-03 -9.7801E-04
 -2.2261E-11 -3.8219E-03  1.0057E-03
 -6.4096E-12 -4.0073E-03  1.0545E-11
  4.7633E-12 -3.8219E-03 -1.0057E-03
  3.2988E-04 -3.9577E-03  9.7801E-04
 -7.6917E-12 -4.1374E-03  1.0570E-11
 -3.2988E-04 -3.9577E-03 -9.7801E-04
 -3.6280E-04 -4.4235E-03 -1.2966E-04
 -5.1848E-11 -4.6210E-03  7.5497E-12
  3.6280E-04 -4.4235E-03  1.2966E-04
 -2.4192E-11 -4.2742E-03 -1.3617E-04
 -1.2326E-11 -4.4781E-03  1.3118E-11
 -5.5126E-13 -4.2742E-03  1.3617E-04
  3.6280E-04 -4.4235E-03 -1.2966E-04
  2.1742E-11 -4.6210E-03  1.1768E-11
 -3.6280E-04 -4.4235E-03  1.2966E-04
 -2.9280E-04 -3.6342E-03 -1.1784E-03
 -9.7856E-12 -3.7937E-03  1.3713E-11
  2.9280E-04 -3.6342E-03  1.1784E-03
 -1.8481E-11 -3.5138E-03 -1.2178E-03
 -1.0909E-11 -3.6785E-03  5.5152E-12
 -1.2872E-12 -3.5138E-03  1.2178E-03
  2.9280E-04 -3.6342E-03 -1.1784E-03
 -8.7845E-12 -3.7937E-03  4.9876E-12
 -2.9280E-04 -3.6342E-03  1.1784E-03
 -1.3828E-04 -1.8274E-03 -1.8686E-03
 -5.8556E-12 -1.9027E-03  7.6452E-12
  1.3828E-04 -1.8274E-03  1.8686E-03
 -1.2199E-11 -1.7706E-03 -1.9302E-03
 -4.7221E-12 -1.8485E-03  3.6121E-12
  4.0312E-12 -1.7706E-03  1.9302E-03
  1.3828E-04 -1.8274E-03 -1.8686E-03
 -4.0192E-12 -1.9027E-03  6.4132E-13
 -1.3828E-04 -1.8274E-03  1.8686E-03
  5.8642E-05  4.6827E-04 -1.9972E-03
 -2.8266E-12  5.0020E-04  3.7337E-12
 -5.8642E-05  4.6827E-04  1.9972E-03
 -5.3511E-12  4.4398E-04 -2.0644E-03
 -3.2995E-13  4.7659E-04  2.3595E-12
  5.0343E-12  4.4398E-04  2.0644E-03
 -5.8642E-05  4.6827E-04 -1.9972E-03
  3.2073E-13  5.0020E-04 -6.1871E-13
  5.8642E-05  4.6827E-04  1.9972E-03
  2.4448E-04  2.5793E-03 -1.5145E-03
  1.3333E-12  2.7125E-03  1.4445E-12
 -2.4448E-04  2.5793E-03  1.5145E-03
  1.3698E-12  2.4785E-03 -1.5692E-03
 -1.0597E-12  2.6153E-03  1.4453E-12
 -8.6405E-13  2.4785E-03  1.5692E-03
 -2.4448E-04  2.5793E-03 -1.5145E-03
  2.1384E-12  2.7125E-03 -3.0698E-12
  2.4448E-04  2.5793E-03  1.5145E-03
  3.6997E-04  3.8745E-03 -5.3518E-04
 -2.8397E-11  4.0759E-03 -5.0943E-12
 -3.6997E-04  3.8745E-03  5.3518E-04
  1.3408E-11  3.7218E-03 -5.6336E-04
  3.6990E-12  3.9289E-03  8.1310E-12
 -8.7474E-13  3.7218E-03  5.6336E-04
 -3.6997E-04  3.8745E-03 -5.3518E-04
  1.4647E-11  4.0759E-03 -1.6112E-11
  3.6997E-04  3.8745E-03  5.3518E-04
  4.0481E-04  3.9369E-03  6.9867E-04
  9.2391E-12  4.1574E-03  2.1371E-12
 -4.0481E-04  3.9369E-03 -6.9867E-04
  1.7672E-11  3.7697E-03  7.0255E-04
  9.0512E-12  3.9958E-03 -1.3380E-12
  1.7388E-12  3.7697E-03 -7.0255E-04
 -4.0481E-04  3.9369E-03  6.9867E-04
  1.0774E-11  4.1574E-03 -5.1434E-12
  4.0481E-04  3.9369E-03 -6.9867E-04
  3.4721E-04  2.6730E-03  1.8931E-03
  5.8073E-12  2.8621E-03 -5.0550E-12
 -3.4721E-04  2.6730E-03 -1.8931E-03
  1.9227E-11  2.5292E-03  1.9243E-03
  7.7086E-12  2.7221E-03 -2.6504E-12
 -4.2022E-12  2.5292E-03 -1.9243E-03
 -3.4721E-04  2.6730E-03  1.8931E-03
  7.1658E-12  2.8621E-03  1.1287E-12
  3.4721E-04  2.6730E-03 -1.8931E-03
  2.2615E-04  3.2346E-04  2.7975E-03
 -1.1598E-12  4.4699E-04 -7.4847E-12
 -2.2615E-04  3.2346E-04 -2.7975E-03
  1.4274E-11  2.2884E-04  2.8409E-03
  3.4266E-13  3.5254E-04 -3.3575E-12
 -1.3643E-11  2.2884E-04 -2.8409E-03
 -2.2615E-04  3.2346E-04  2.7975E-03
  2.1529E-12  4.4699E-04  1.4531E-12
  2.2615E-04  3.2346E-04 -2.7975E-03
  9.7661E-05 -2.6272E-03  3.2918E-03
 -5.3733E-12 -2.5775E-03 -8.2283E-12
 -9.7661E-05 -2.6272E-03 -3.2918E-03
  8.6557E-12 -2.6695E-03  3.3274E-03
 -4.3866E-12 -2.6217E-03 -5.1447E-12
 -1.7388E-11 -2.6695E-03 -3.3274E-03
 -9.7661E-05 -2.6272E-03  3.2918E-03
 -2.8605E-12 -2.5775E-03  4.5670E-13
  9.7661E-05 -2.6272E-03 -3.2918E-03
  3.0574E-05 -5.6301E-03  3.4422E-03
 -8.7379E-12 -5.6143E-03 -8.6457E-12
 -3.0574E-05 -5.6301E-03 -3.4422E-03
  4.1560E-12 -5.6525E-03  3.4684E-03
 -7.8194E-12 -5.6383E-03 -5.4354E-12
 -2.0510E-11 -5.6525E-03 -3.4684E-03
 -3.0574E-05 -5.6301E-03  3.4422E-03
 -8.3582E-12 -5.6143E-03 -3.2927E-13
  3.0574E-05 -5.6301E-03 -3.4422E-03
   3.8603E-02
  0.0000E+00  0.0000E+00  0.0000E+00
  0.0000E+00  0.0000E+00  0.0000E+00
  0.0000E+00  0.0000E+00  0.0000E+00
  0.0000E+00  0.0000E+00  0.0000E+00
  0.0000E+00  0.0000E+00  0.0000E+00
  0.0000E+00  0.0000E+00  0.0000E+00
  0.0000E+00  0.0000E+00  0.0000E+00
  0.0000E+00  0.0000E+00  0.0000E+00
  0.0000E+00  0.0000E+00  0.0000E+00
  3.4698E-04 -3.8755E-04  1.0187E-03
  3.4542E-04 -8.9651E-11  9.4666E-04
  3.4698E-04  3.8755E-04  1.0187E-03
 -7.4966E-11 -3.8775E-04  9.6035E-04
  3.8064E-11  6.0805E-12  8.8534E-04
  1.4481E-10  3.8775E-04  9.6035E-04
 -3.4698E-04 -3.8755E-04  1.0187E-03
 -3.4542E-04  1.0387E-10  9.4666E-04
 -3.4698E-04  3.8755E-04  1.0187E-03
  2.9600E-04 -3.6582E-04  1.9845E-03
  3.1095E-04 -1.5692E-10  1.9928E-03
  2.9600E-04  3.6582E-04  1.9845E-03
 -1.3118E-10 -3.7187E-04  1.9994E-03
  7.4503E-11  1.6258E-11  2.0071E-03
  2.8265E-10  3.7187E-04  1.9994E-03
 -2.9600E-04 -3.6582E-04  1.9845E-03
 -3.1095E-04  1.8906E-10  1.9928E-03
 -2.9600E-04  3.6582E-04  1.9845E-03
  2.5485E-04 -3.1411E-04  2.8942E-03
  2.5821E-04 -2.1211E-10  2.9281E-03
  2.5485E-04  3.1411E-04  2.8942E-03
 -1.8331E-10 -3.1271E-04  2.9185E-03
  8.6860E-11  1.7230E-11  2.9550E-03
  3.6535E-10  3.1271E-04  2.9185E-03
 -2.5485E-04 -3.1411E-04  2.8942E-03
 -2.5821E-04  2.4704E-10  2.9281E-03
 -2.5485E-04  3.1411E-04  2.8942E-03
  1.9966E-04 -2.4335E-04  3.6481E-03
  2.0151E-04 -2.3909E-10  3.6936E-03
  1.9966E-04  2.4335E-04  3.6481E-03
 -2.2844E-10 -2.4369E-04  3.6790E-03
  6.5238E-11  1.0832E-11  3.7247E-03
  3.6585E-10  2.4369E-04  3.6790E-03
 -1.9966E-04 -2.4335E-04  3.6481E-03
 -2.0151E-04  2.5810E-10  3.6936E-03
 -1.9966E-04  2.4335E-04  3.6481E-03
  1.3269E-04 -1.6131E-04  4.1985E-03
  1.3383E-04 -2.2731E-10  4.2506E-03
  1.3269E-04  1.6131E-04  4.1985E-03
 -2.7313E-10 -1.6161E-04  4.2341E-03
  1.0112E-11 -4.2205E-12  4.2864E-03
  2.8849E-10  1.6161E-04  4.2341E-03
 -1.3269E-04 -1.6131E-04  4.1985E-03
 -1.3383E-04  2.2369E-10  4.2506E-03
 -1.3269E-04  1.6131E-04  4.1985E-03
  5.8032E-05 -7.0556E-05  4.5141E-03
  5.8541E-05 -1.9170E-10  4.5700E-03
  5.8032E-05  7.0556E-05  4.5141E-03
 -2.7012E-10 -7.0681E-05  4.5524E-03
 -4.8888E-11 -1.3132E-11  4.6086E-03
  1.6493E-10  7.0681E-05  4.5524E-03
 -5.8032E-05 -7.0556E-05  4.5141E-03
 -5.8542E-05  1.6189E-10  4.5700E-03
 -5.8032E-05  7.0556E-05  4.5141E-03
 -1.9856E-05  2.4157E-05  4.5772E-03
 -2.0035E-05 -1.2836E-10  4.6339E-03
 -1.9856E-05 -2.4157E-05  4.5772E-03
 -2.0249E-10  2.4196E-05  4.6161E-03
 -7.4835E-11 -2.6154E-11  4.6731E-03
  3.5680E-11 -2.4196E-05  4.6161E-03
  1.9856E-05  2.4157E-05  4.5772E-03
  2.0035E-05  6.9851E-11  4.6339E-03
  1.9856E-05 -2.4157E-05  4.5772E-03
 -9.6619E-05  1.1753E-04  4.3844E-03
 -9.7492E-05 -3.1006E-11  4.4387E-03
 -9.6619E-05 -1.1753E-04  4.3844E-03
 -6.9354E-11  1.1773E-04  4.4217E-03
 -6.5060E-11 -2.6979E-11  4.4762E-03
 -6.9381E-11 -1.1773E-04  4.4217E-03
  9.6619E-05  1.1753E-04  4.3844E-03
  9.7492E-05 -2.1499E-11  4.4387E-03
  9.6619E-05 -1.1753E-04  4.3844E-03
 -1.6798E-04  2.0434E-04  3.9465E-03
 -1.6950E-04  8.2406E-11  3.9954E-03
 -1.6798E-04 -2.0434E-04  3.9465E-03
  8.7274E-11  2.0467E-04  3.9801E-03
 -2.2182E-11 -1.2625E-11  4.0292E-03
 -1.3921E-10 -2.0467E-04  3.9801E-03
  1.6798E-04  2.0434E-04  3.9465E-03
  1.6950E-04 -1.0480E-10  3.9954E-03
  1.6798E-04 -2.0434E-04  3.9465E-03
 -2.2995E-04  2.7973E-04  3.2879E-03
 -2.3203E-04  1.9615E-10  3.3286E-03
 -2.2995E-04 -2.7973E-04  3.2879E-03
  2.2443E-10  2.8018E-04  3.3159E-03
  2.2257E-11  3.7189E-12  3.3568E-03
 -1.8556E-10 -2.8018E-04  3.3159E-03
  2.2995E-04  2.7973E-04  3.2879E-03
  2.3203E-04 -1.7280E-10  3.3286E-03
  2.2995E-04 -2.7973E-04  3.2879E-03
 -2.7906E-04  3.3947E-04  2.4455E-03
 -2.8158E-04  2.5823E-10  2.4758E-03
 -2.7906E-04 -3.3947E-04  2.4455E-03
  3.3965E-10  3.4002E-04  2.4663E-03
  5.4612E-11  2.6590E-11  2.4967E-03
 -2.2414E-10 -3.4002E-04  2.4663E-03
  2.7906E-04  3.3947E-04  2.4455E-03
  2.8158E-04 -2.0387E-10  2.4758E-03
  2.7906E-04 -3.3947E-04  2.4455E-03
 -3.1256E-04  3.8023E-04  1.4663E-03
 -3.1539E-04  2.7781E-10  1.4845E-03
 -3.1257E-04 -3.8023E-04  1.4663E-03
  3.7943E-10  3.8085E-04  1.4788E-03
  6.6966E-11  2.7979E-11  1.4970E-03
 -2.3375E-10 -3.8085E-04  1.4788E-03
  3.1257E-04  3.8023E-04  1.4663E-03
  3.1539E-04 -2.1959E-10  1.4845E-03
  3.1256E-04 -3.8023E-04  1.4663E-03
 -3.2860E-04  3.9973E-04  4.0519E-04
 -3.3157E-04  2.4787E-10  4.1020E-04
 -3.2860E-04 -3.9973E-04  4.0519E-04
  3.3717E-10  4.0038E-04  4.0863E-04
  5.0072E-11  1.6405E-11  4.1367E-04
 -2.2857E-10 -4.0038E-04  4.0863E-04
  3.2860E-04  3.9973E-04  4.0519E-04
  3.3157E-04 -2.1355E-10  4.1021E-04
  3.2860E-04 -3.9973E-04  4.0519E-04
 -3.2625E-04  3.9688E-04 -6.7862E-04
 -3.2920E-04  1.7738E-10 -6.8702E-04
 -3.2625E-04 -3.9688E-04 -6.7862E-04
  2.2370E-10  3.9753E-04 -6.8439E-04
  6.4344E-12 -1.3877E-12 -6.9283E-04
 -2.0734E-10 -3.9753E-04 -6.8439E-04
  3.2625E-04  3.9688E-04 -6.7862E-04
  3.2920E-04 -1.8068E-10 -6.8702E-04
  3.2625E-04 -3.9688E-04 -6.7862E-04
 -3.0566E-04  3.7185E-04 -1.7245E-03
 -3.0843E-04  8.1929E-11 -1.7458E-03
 -3.0566E-04 -3.7185E-04 -1.7245E-03
  7.3898E-11  3.7245E-04 -1.7391E-03
 -3.6609E-11 -2.2641E-11 -1.7606E-03
 -1.5361E-10 -3.7245E-04 -1.7391E-03
  3.0566E-04  3.7185E-04 -1.7245E-03
  3.0843E-04 -1.2134E-10 -1.7458E-03
  3.0566E-04 -3.7185E-04 -1.7245E-03
 -2.6800E-04  3.2600E-04 -2.6739E-03
 -2.7043E-04 -2.6577E-11 -2.7071E-03
 -2.6800E-04 -3.2600E-04 -2.6739E-03
 -6.7531E-11  3.2653E-04 -2.6966E-03
 -6.0249E-11 -2.3667E-11 -2.7299E-03
 -6.4489E-11 -3.2653E-04 -2.6966E-03
  2.6800E-04  3.2600E-04 -2.6739E-03
  2.7043E-04 -2.1836E-11 -2.7071E-03
  2.6800E-04 -3.2600E-04 -2.6739E-03
 -2.1544E-04  2.6169E-04 -3.4739E-03
 -2.1731E-04 -1.2156E-10 -3.5168E-03
 -2.1544E-04 -2.6169E-04 -3.4739E-03
 -1.8486E-10  2.6228E-04 -3.5034E-03
 -5.7722E-11 -1.9844E-11 -3.5467E-03
  5.8129E-11 -2.6228E-04 -3.5034E-03
  2.1544E-04  2.6169E-04 -3.4739E-03
  2.1731E-04  7.7698E-11 -3.5168E-03
  2.1544E-04 -2.6169E-04 -3.4739E-03
 -1.5088E-04  1.8249E-04 -4.0802E-03
 -1.5107E-04 -1.9181E-10 -4.1290E-03
 -1.5088E-04 -1.8249E-04 -4.0802E-03
 -2.5379E-10  1.8256E-04 -4.1146E-03
 -2.5320E-11 -6.0785E-12 -4.1640E-03
  1.9365E-10 -1.8256E-04 -4.1146E-03
  1.5088E-04  1.8249E-04 -4.0802E-03
  1.5107E-04  1.7853E-10 -4.1290E-03
  1.5088E-04 -1.8249E-04 -4.0802E-03
 -7.5707E-05  9.3571E-05 -4.4644E-03
 -7.4543E-05 -2.2799E-10 -4.5094E-03
 -7.5707E-05 -9.3572E-05 -4.4644E-03
 -2.6370E-10  9.2973E-05 -4.4954E-03
  3.2423E-11  1.4376E-11 -4.5408E-03
  3.2503E-10 -9.2973E-05 -4.4954E-03
  7.5707E-05  9.3572E-05 -4.4644E-03
  7.4543E-05  2.5346E-10 -4.5094E-03
  7.5707E-05 -9.3571E-05 -4.4644E-03
 -2.7379E-05  3.3603E-05 -4.6106E-03
 -2.6167E-05 -2.2795E-10 -4.6498E-03
 -2.7378E-05 -3.3604E-05 -4.6106E-03
 -2.2890E-10  3.2973E-05 -4.6363E-03
  9.6012E-11  2.9582E-11 -4.6756E-03
  4.1678E-10 -3.2973E-05 -4.6363E-03
  2.7378E-05  3.3604E-05 -4.6106E-03
  2.6167E-05  2.9015E-10 -4.6498E-03
  2.7379E-05 -3.3603E-05 -4.6106E-03
