Scalar MD under Dynam for nodeset
189
   0.0000E+00
  0.0000E+00
  0.0000E+00
  0.0000E+00
  0.0000E+00
  0.0000E+00
  0.0000E+00
  0.0000E+00
  0.0000E+00
  0.0000E+00
  0.0000E+00
  0.0000E+00
  0.0000E+00
  0.0000E+00
  0.0000E+00
  0.0000E+00
  0.0000E+00
  0.0000E+00
  0.0000E+00
  0.0000E+00
  0.0000E+00
  0.0000E+00
  0.0000E+00
  0.0000E+00
  0.0000E+00
  0.0000E+00
  0.0000E+00
  0.0000E+00
  0.0000E+00
  0.0000E+00
  0.0000E+00
  0.0000E+00
  0.0000E+00
  0.0000E+00
  0.0000E+00
  0.0000E+00
  0.0000E+00
  0.0000E+00
  0.0000E+00
  0.0000E+00
  0.0000E+00
  0.0000E+00
  0.0000E+00
  0.0000E+00
  0.0000E+00
  0.0000E+00
  0.0000E+00
  0.0000E+00
  0.0000E+00
  0.0000E+00
  0.0000E+00
  0.0000E+00
  0.0000E+00
  0.0000E+00
  0.0000E+00
  0.0000E+00
  0.0000E+00
  0.0000E+00
  0.0000E+00
  0.0000E+00
  0.0000E+00
  0.0000E+00
  0.0000E+00
  0.0000E+00
  0.0000E+00
  0.0000E+00
  0.0000E+00
  0.0000E+00
  0.0000E+00
  0.0000E+00
  0.0000E+00
  0.0000E+00
  0.0000E+00
  0.0000E+00
  0.0000E+00
  0.0000E+00
  0.0000E+00
  0.0000E+00
  0.0000E+00
  0.0000E+00
  0.0000E+00
  0.0000E+00
  0.0000E+00
  0.0000E+00
  0.0000E+00
  0.0000E+00
  0.0000E+00
  0.0000E+00
  0.0000E+00
  0.0000E+00
  0.0000E+00
  0.0000E+00
  0.0000E+00
  0.0000E+00
  0.0000E+00
  0.0000E+00
  0.0000E+00
  0.0000E+00
  0.0000E+00
  0.0000E+00
  0.0000E+00
  0.0000E+00
  0.0000E+00
  0.0000E+00
  0.0000E+00
  0.0000E+00
  0.0000E+00
  0.0000E+00
  0.0000E+00
  0.0000E+00
  0.0000E+00
  0.0000E+00
  0.0000E+00
  0.0000E+00
  0.0000E+00
  0.0000E+00
  0.0000E+00
  0.0000E+00
  0.0000E+00
  0.0000E+00
  0.0000E+00
  0.0000E+00
  0.0000E+00
  0.0000E+00
  0.0000E+00
  0.0000E+00
  0.0000E+00
  0.0000E+00
  0.0000E+00
  0.0000E+00
  0.0000E+00
  0.0000E+00
  0.0000E+00
  0.0000E+00
  0.0000E+00
  0.0000E+00
  0.0000E+00
  0.0000E+00
  0.0000E+00
  0.0000E+00
  0.0000E+00
  0.0000E+00
  0.0000E+00
  0.0000E+00
  0.0000E+00
  0.0000E+00
  0.0000E+00
  0.0000E+00
  0.0000E+00
  0.0000E+00
  0.0000E+00
  0.0000E+00
  0.0000E+00
  0.0000E+00
  0.0000E+00
  0.0000E+00
  0.0000E+00
  0.0000E+00
  0.0000E+00
  0.0000E+00
  0.0000E+00
  0.0000E+00
  0.0000E+00
  0.0000E+00
  0.0000E+00
  0.0000E+00
  0.0000E+00
  0.0000E+00
  0.0000E+00
  0.0000E+00
  0.0000E+00
  0.0000E+00
  0.0000E+00
  0.0000E+00
  0.0000E+00
  0.0000E+00
  0.0000E+00
  0.0000E+00
  0.0000E+00
  0.0000E+00
  0.0000E+00
  0.0000E+00
  0.0000E+00
  0.0000E+00
  0.0000E+00
  0.0000E+00
  0.0000E+00
  0.0000E+00
  0.0000E+00
  0.0000E+00
   3.0000E+02
  0.0000E+00
  0.0000E+00
  0.0000E+00
  0.0000E+00
  0.0000E+00
  0.0000E+00
  0.0000E+00
  0.0000E+00
  0.0000E+00
  6.2262E-02
  5.3555E-02
  6.2262E-02
  5.3555E-02
  4.5017E-02
  5.3555E-02
  6.2262E-02
  5.3555E-02
  6.2262E-02
  1.1900E-01
  1.1400E-01
  1.1900E-01
  1.1400E-01
  1.0701E-01
  1.1400E-01
  1.1900E-01
  1.1400E-01
  1.1900E-01
  1.6755E-01
  1.6753E-01
  1.6755E-01
  1.6753E-01
  1.6700E-01
  1.6753E-01
  1.6755E-01
  1.6753E-01
  1.6755E-01
  2.0286E-01
  2.0685E-01
  2.0286E-01
  2.0685E-01
  2.1379E-01
  2.0685E-01
  2.0286E-01
  2.0685E-01
  2.0286E-01
  2.3822E-01
  2.3637E-01
  2.3822E-01
  2.3637E-01
  2.3274E-01
  2.3637E-01
  2.3822E-01
  2.3637E-01
  2.3822E-01
  2.6786E-01
  2.6340E-01
  2.6786E-01
  2.6340E-01
  2.5781E-01
  2.6340E-01
  2.6786E-01
  2.6340E-01
  2.6786E-01
  3.0290E-01
  3.0553E-01
  3.0290E-01
  3.0553E-01
  3.0955E-01
  3.0553E-01
  3.0290E-01
  3.0553E-01
  3.0290E-01
  3.4613E-01
  3.5177E-01
  3.4613E-01
  3.5177E-01
  3.5502E-01
  3.5177E-01
  3.4613E-01
  3.5177E-01
  3.4613E-01
  3.6516E-01
  3.6599E-01
  3.6516E-01
  3.6599E-01
  3.7258E-01
  3.6599E-01
  3.6516E-01
  3.6599E-01
  3.6516E-01
  3.6975E-01
  3.6775E-01
  3.6975E-01
  3.6775E-01
  3.6508E-01
  3.6775E-01
  3.6975E-01
  3.6775E-01
  3.6975E-01
  3.6781E-01
  3.6811E-01
  3.6781E-01
  3.6811E-01
  3.5766E-01
  3.6811E-01
  3.6781E-01
  3.6811E-01
  3.6781E-01
  3.7165E-01
  3.6666E-01
  3.7165E-01
  3.6666E-01
  3.6992E-01
  3.6666E-01
  3.7165E-01
  3.6666E-01
  3.7165E-01
  3.8685E-01
  3.8458E-01
  3.8685E-01
  3.8458E-01
  3.8755E-01
  3.8458E-01
  3.8685E-01
  3.8458E-01
  3.8685E-01
  4.0185E-01
  4.0736E-01
  4.0185E-01
  4.0736E-01
  4.0309E-01
  4.0736E-01
  4.0185E-01
  4.0736E-01
  4.0185E-01
  4.4963E-01
  4.4718E-01
  4.4963E-01
  4.4718E-01
  4.4653E-01
  4.4718E-01
  4.4963E-01
  4.4718E-01
  4.4963E-01
  5.0206E-01
  4.9780E-01
  5.0206E-01
  4.9780E-01
  4.9921E-01
  4.9780E-01
  5.0206E-01
  4.9780E-01
  5.0206E-01
  5.7198E-01
  5.7026E-01
  5.7198E-01
  5.7026E-01
  5.6723E-01
  5.7026E-01
  5.7198E-01
  5.7026E-01
  5.7198E-01
  6.5077E-01
  6.4418E-01
  6.5077E-01
  6.4418E-01
  6.3695E-01
  6.4418E-01
  6.5077E-01
  6.4418E-01
  6.5077E-01
  7.4997E-01
  7.4175E-01
  7.4997E-01
  7.4175E-01
  7.3519E-01
  7.4175E-01
  7.4997E-01
  7.4175E-01
  7.4997E-01
  8.3802E-01
  8.2981E-01
  8.3802E-01
  8.2981E-01
  8.2372E-01
  8.2981E-01
  8.3802E-01
  8.2981E-01
  8.3802E-01
