Scalar STRAINXY under Dynam for nodeset
189
   0.0000E+00
  0.0000E+00
  0.0000E+00
  0.0000E+00
  0.0000E+00
  0.0000E+00
  0.0000E+00
  0.0000E+00
  0.0000E+00
  0.0000E+00
  0.0000E+00
  0.0000E+00
  0.0000E+00
  0.0000E+00
  0.0000E+00
  0.0000E+00
  0.0000E+00
  0.0000E+00
  0.0000E+00
  0.0000E+00
  0.0000E+00
  0.0000E+00
  0.0000E+00
  0.0000E+00
  0.0000E+00
  0.0000E+00
  0.0000E+00
  0.0000E+00
  0.0000E+00
  0.0000E+00
  0.0000E+00
  0.0000E+00
  0.0000E+00
  0.0000E+00
  0.0000E+00
  0.0000E+00
  0.0000E+00
  0.0000E+00
  0.0000E+00
  0.0000E+00
  0.0000E+00
  0.0000E+00
  0.0000E+00
  0.0000E+00
  0.0000E+00
  0.0000E+00
  0.0000E+00
  0.0000E+00
  0.0000E+00
  0.0000E+00
  0.0000E+00
  0.0000E+00
  0.0000E+00
  0.0000E+00
  0.0000E+00
  0.0000E+00
  0.0000E+00
  0.0000E+00
  0.0000E+00
  0.0000E+00
  0.0000E+00
  0.0000E+00
  0.0000E+00
  0.0000E+00
  0.0000E+00
  0.0000E+00
  0.0000E+00
  0.0000E+00
  0.0000E+00
  0.0000E+00
  0.0000E+00
  0.0000E+00
  0.0000E+00
  0.0000E+00
  0.0000E+00
  0.0000E+00
  0.0000E+00
  0.0000E+00
  0.0000E+00
  0.0000E+00
  0.0000E+00
  0.0000E+00
  0.0000E+00
  0.0000E+00
  0.0000E+00
  0.0000E+00
  0.0000E+00
  0.0000E+00
  0.0000E+00
  0.0000E+00
  0.0000E+00
  0.0000E+00
  0.0000E+00
  0.0000E+00
  0.0000E+00
  0.0000E+00
  0.0000E+00
  0.0000E+00
  0.0000E+00
  0.0000E+00
  0.0000E+00
  0.0000E+00
  0.0000E+00
  0.0000E+00
  0.0000E+00
  0.0000E+00
  0.0000E+00
  0.0000E+00
  0.0000E+00
  0.0000E+00
  0.0000E+00
  0.0000E+00
  0.0000E+00
  0.0000E+00
  0.0000E+00
  0.0000E+00
  0.0000E+00
  0.0000E+00
  0.0000E+00
  0.0000E+00
  0.0000E+00
  0.0000E+00
  0.0000E+00
  0.0000E+00
  0.0000E+00
  0.0000E+00
  0.0000E+00
  0.0000E+00
  0.0000E+00
  0.0000E+00
  0.0000E+00
  0.0000E+00
  0.0000E+00
  0.0000E+00
  0.0000E+00
  0.0000E+00
  0.0000E+00
  0.0000E+00
  0.0000E+00
  0.0000E+00
  0.0000E+00
  0.0000E+00
  0.0000E+00
  0.0000E+00
  0.0000E+00
  0.0000E+00
  0.0000E+00
  0.0000E+00
  0.0000E+00
  0.0000E+00
  0.0000E+00
  0.0000E+00
  0.0000E+00
  0.0000E+00
  0.0000E+00
  0.0000E+00
  0.0000E+00
  0.0000E+00
  0.0000E+00
  0.0000E+00
  0.0000E+00
  0.0000E+00
  0.0000E+00
  0.0000E+00
  0.0000E+00
  0.0000E+00
  0.0000E+00
  0.0000E+00
  0.0000E+00
  0.0000E+00
  0.0000E+00
  0.0000E+00
  0.0000E+00
  0.0000E+00
  0.0000E+00
  0.0000E+00
  0.0000E+00
  0.0000E+00
  0.0000E+00
  0.0000E+00
  0.0000E+00
  0.0000E+00
  0.0000E+00
  0.0000E+00
  0.0000E+00
  0.0000E+00
  0.0000E+00
  0.0000E+00
  0.0000E+00
  0.0000E+00
   3.0000E+02
  0.0000E+00
  0.0000E+00
  0.0000E+00
  0.0000E+00
  0.0000E+00
  0.0000E+00
  0.0000E+00
  0.0000E+00
  0.0000E+00
 -4.2329E-03
 -1.3058E-15
  4.2329E-03
  3.5388E-15
 -2.3592E-16
 -4.1009E-15
  4.2329E-03
  9.0943E-16
 -4.2329E-03
  3.4438E-05
  2.3943E-16
 -3.4438E-05
  3.4764E-15
 -4.5255E-17
 -4.0315E-15
 -3.4438E-05
  1.2157E-16
  3.4438E-05
  1.0195E-02
 -2.1962E-15
 -1.0195E-02
  1.5821E-15
 -9.6511E-17
 -1.5682E-15
 -1.0195E-02
  1.9568E-15
  1.0195E-02
 -1.9037E-03
 -1.3472E-15
  1.9037E-03
  1.9464E-15
 -5.4830E-16
 -1.9151E-15
  1.9037E-03
  3.7145E-16
 -1.9037E-03
 -1.1228E-02
 -2.8467E-15
  1.1228E-02
  2.0643E-15
 -1.1754E-16
 -2.6684E-15
  1.1228E-02
  3.1737E-15
 -1.1228E-02
  1.1037E-02
 -2.7704E-15
 -1.1037E-02
  2.0123E-15
  7.5361E-17
 -3.1572E-15
 -1.1037E-02
  1.3626E-15
  1.1037E-02
 -4.7758E-04
  2.9628E-15
  4.7758E-04
 -1.4745E-15
 -1.3665E-15
 -1.8111E-15
  4.7758E-04
 -4.3983E-15
 -4.7758E-04
 -9.1410E-04
  6.1440E-15
  9.1410E-04
  3.4556E-15
  1.1054E-15
  7.7369E-16
  9.1410E-04
 -3.3698E-15
 -9.1410E-04
  7.7688E-03
  2.5748E-15
 -7.7688E-03
  1.5459E-15
  9.3818E-16
 -7.3184E-16
 -7.7688E-03
  3.7123E-16
  7.7688E-03
 -2.4381E-02
  1.6306E-15
  2.4381E-02
  1.2178E-15
  1.0367E-15
  4.8572E-17
  2.4381E-02
  2.7409E-16
 -2.4381E-02
  8.7237E-03
  1.5040E-15
 -8.7237E-03
  4.4669E-15
  2.1873E-15
 -2.2829E-15
 -8.7237E-03
  1.4667E-15
  8.7237E-03
  2.1475E-02
 -1.8961E-15
 -2.1475E-02
  6.1878E-15
  2.3754E-16
 -3.8615E-15
 -2.1475E-02
  3.2717E-15
  2.1475E-02
 -2.0198E-02
  5.0654E-16
  2.0198E-02
  4.5762E-15
  3.0023E-16
 -1.1172E-15
  2.0198E-02
  1.4034E-15
 -2.0198E-02
  4.2296E-04
 -3.3315E-15
 -4.2296E-04
 -1.9568E-15
 -3.1578E-16
  1.4450E-15
 -4.2296E-04
 -3.0120E-15
  4.2296E-04
  8.3664E-03
 -7.5712E-15
 -8.3664E-03
 -9.4542E-16
 -1.9335E-15
 -8.0144E-16
 -8.3664E-03
  1.1761E-15
  8.3664E-03
 -2.5910E-03
 -2.1686E-15
  2.5910E-03
 -6.8903E-15
 -2.4111E-15
  1.4815E-15
  2.5910E-03
 -1.8377E-15
 -2.5910E-03
  2.3991E-04
 -1.3736E-15
 -2.3991E-04
  4.3923E-15
 -8.5322E-16
 -5.2770E-15
 -2.3991E-04
  2.2844E-16
  2.3991E-04
 -2.0291E-03
 -3.1312E-15
  2.0291E-03
 -2.9386E-15
 -2.0580E-15
 -1.0755E-16
  2.0291E-03
  1.5613E-16
 -2.0291E-03
 -4.0430E-03
  4.6521E-15
  4.0430E-03
  1.5613E-15
  1.2148E-15
  3.1745E-15
  4.0430E-03
 -2.8961E-15
 -4.0430E-03
 -8.8191E-03
  4.1061E-15
  8.8191E-03
  1.5592E-14
  3.2802E-15
 -1.0464E-14
  8.8191E-03
  4.4314E-15
 -8.8191E-03
