Scalar DZ under Dynam for nodeset
189
   0.0000E+00
  0.0000E+00
  0.0000E+00
  0.0000E+00
  0.0000E+00
  0.0000E+00
  0.0000E+00
  0.0000E+00
  0.0000E+00
  0.0000E+00
  0.0000E+00
  0.0000E+00
  0.0000E+00
  0.0000E+00
  0.0000E+00
  0.0000E+00
  0.0000E+00
  0.0000E+00
  0.0000E+00
  0.0000E+00
  0.0000E+00
  0.0000E+00
  0.0000E+00
  0.0000E+00
  0.0000E+00
  0.0000E+00
  0.0000E+00
  0.0000E+00
  0.0000E+00
  0.0000E+00
  0.0000E+00
  0.0000E+00
  0.0000E+00
  0.0000E+00
  0.0000E+00
  0.0000E+00
  0.0000E+00
  0.0000E+00
  0.0000E+00
  0.0000E+00
  0.0000E+00
  0.0000E+00
  0.0000E+00
  0.0000E+00
  0.0000E+00
  0.0000E+00
  0.0000E+00
  0.0000E+00
  0.0000E+00
  0.0000E+00
  0.0000E+00
  0.0000E+00
  0.0000E+00
  0.0000E+00
  0.0000E+00
  0.0000E+00
  0.0000E+00
  0.0000E+00
  0.0000E+00
  0.0000E+00
  0.0000E+00
  0.0000E+00
  0.0000E+00
  0.0000E+00
  0.0000E+00
  0.0000E+00
  0.0000E+00
  0.0000E+00
  0.0000E+00
  0.0000E+00
  0.0000E+00
  0.0000E+00
  0.0000E+00
  0.0000E+00
  0.0000E+00
  0.0000E+00
  0.0000E+00
  0.0000E+00
  0.0000E+00
  0.0000E+00
  0.0000E+00
  0.0000E+00
  0.0000E+00
  0.0000E+00
  0.0000E+00
  0.0000E+00
  0.0000E+00
  0.0000E+00
  0.0000E+00
  0.0000E+00
  0.0000E+00
  0.0000E+00
  0.0000E+00
  0.0000E+00
  0.0000E+00
  0.0000E+00
  0.0000E+00
  0.0000E+00
  0.0000E+00
  0.0000E+00
  0.0000E+00
  0.0000E+00
  0.0000E+00
  0.0000E+00
  0.0000E+00
  0.0000E+00
  0.0000E+00
  0.0000E+00
  0.0000E+00
  0.0000E+00
  0.0000E+00
  0.0000E+00
  0.0000E+00
  0.0000E+00
  0.0000E+00
  0.0000E+00
  0.0000E+00
  0.0000E+00
  0.0000E+00
  0.0000E+00
  0.0000E+00
  0.0000E+00
  0.0000E+00
  0.0000E+00
  0.0000E+00
  0.0000E+00
  0.0000E+00
  0.0000E+00
  0.0000E+00
  0.0000E+00
  0.0000E+00
  0.0000E+00
  0.0000E+00
  0.0000E+00
  0.0000E+00
  0.0000E+00
  0.0000E+00
  0.0000E+00
  0.0000E+00
  0.0000E+00
  0.0000E+00
  0.0000E+00
  0.0000E+00
  0.0000E+00
  0.0000E+00
  0.0000E+00
  0.0000E+00
  0.0000E+00
  0.0000E+00
  0.0000E+00
  0.0000E+00
  0.0000E+00
  0.0000E+00
  0.0000E+00
  0.0000E+00
  0.0000E+00
  0.0000E+00
  0.0000E+00
  0.0000E+00
  0.0000E+00
  0.0000E+00
  0.0000E+00
  0.0000E+00
  0.0000E+00
  0.0000E+00
  0.0000E+00
  0.0000E+00
  0.0000E+00
  0.0000E+00
  0.0000E+00
  0.0000E+00
  0.0000E+00
  0.0000E+00
  0.0000E+00
  0.0000E+00
  0.0000E+00
  0.0000E+00
  0.0000E+00
  0.0000E+00
  0.0000E+00
  0.0000E+00
  0.0000E+00
  0.0000E+00
  0.0000E+00
  0.0000E+00
  0.0000E+00
  0.0000E+00
  0.0000E+00
  0.0000E+00
  0.0000E+00
   3.0000E+02
  0.0000E+00
  0.0000E+00
  0.0000E+00
  0.0000E+00
  0.0000E+00
  0.0000E+00
  0.0000E+00
  0.0000E+00
  0.0000E+00
 -5.6360E-02
 -5.0562E-02
 -5.6360E-02
 -5.0562E-02
 -4.5017E-02
 -5.0562E-02
 -5.6360E-02
 -5.0562E-02
 -5.6360E-02
 -1.1633E-01
 -1.1262E-01
 -1.1633E-01
 -1.1262E-01
 -1.0701E-01
 -1.1262E-01
 -1.1633E-01
 -1.1262E-01
 -1.1633E-01
 -1.6607E-01
 -1.6653E-01
 -1.6607E-01
 -1.6653E-01
 -1.6700E-01
 -1.6653E-01
 -1.6607E-01
 -1.6653E-01
 -1.6607E-01
 -2.0236E-01
 -2.0663E-01
 -2.0236E-01
 -2.0663E-01
 -2.1379E-01
 -2.0663E-01
 -2.0236E-01
 -2.0663E-01
 -2.0236E-01
 -2.3815E-01
 -2.3637E-01
 -2.3815E-01
 -2.3637E-01
 -2.3274E-01
 -2.3637E-01
 -2.3815E-01
 -2.3637E-01
 -2.3815E-01
 -2.6734E-01
 -2.6300E-01
 -2.6734E-01
 -2.6300E-01
 -2.5781E-01
 -2.6300E-01
 -2.6734E-01
 -2.6300E-01
 -2.6734E-01
 -3.0202E-01
 -3.0509E-01
 -3.0202E-01
 -3.0509E-01
 -3.0955E-01
 -3.0509E-01
 -3.0202E-01
 -3.0509E-01
 -3.0202E-01
 -3.4590E-01
 -3.5167E-01
 -3.4590E-01
 -3.5167E-01
 -3.5502E-01
 -3.5167E-01
 -3.4590E-01
 -3.5167E-01
 -3.4590E-01
 -3.6515E-01
 -3.6598E-01
 -3.6515E-01
 -3.6598E-01
 -3.7258E-01
 -3.6598E-01
 -3.6515E-01
 -3.6598E-01
 -3.6515E-01
 -3.6975E-01
 -3.6771E-01
 -3.6975E-01
 -3.6771E-01
 -3.6508E-01
 -3.6771E-01
 -3.6975E-01
 -3.6771E-01
 -3.6975E-01
 -3.6780E-01
 -3.6811E-01
 -3.6780E-01
 -3.6811E-01
 -3.5766E-01
 -3.6811E-01
 -3.6780E-01
 -3.6811E-01
 -3.6780E-01
 -3.7163E-01
 -3.6664E-01
 -3.7163E-01
 -3.6664E-01
 -3.6992E-01
 -3.6664E-01
 -3.7163E-01
 -3.6664E-01
 -3.7163E-01
 -3.8669E-01
 -3.8457E-01
 -3.8669E-01
 -3.8457E-01
 -3.8755E-01
 -3.8457E-01
 -3.8669E-01
 -3.8457E-01
 -3.8669E-01
 -4.0168E-01
 -4.0727E-01
 -4.0168E-01
 -4.0727E-01
 -4.0309E-01
 -4.0727E-01
 -4.0168E-01
 -4.0727E-01
 -4.0168E-01
 -4.4921E-01
 -4.4690E-01
 -4.4921E-01
 -4.4690E-01
 -4.4653E-01
 -4.4690E-01
 -4.4921E-01
 -4.4690E-01
 -4.4921E-01
 -5.0134E-01
 -4.9745E-01
 -5.0134E-01
 -4.9745E-01
 -4.9921E-01
 -4.9745E-01
 -5.0134E-01
 -4.9745E-01
 -5.0134E-01
 -5.7125E-01
 -5.6989E-01
 -5.7125E-01
 -5.6989E-01
 -5.6723E-01
 -5.6989E-01
 -5.7125E-01
 -5.6989E-01
 -5.7125E-01
 -6.4969E-01
 -6.4365E-01
 -6.4969E-01
 -6.4365E-01
 -6.3695E-01
 -6.4365E-01
 -6.4969E-01
 -6.4365E-01
 -6.4969E-01
 -7.4873E-01
 -7.4117E-01
 -7.4873E-01
 -7.4117E-01
 -7.3519E-01
 -7.4117E-01
 -7.4873E-01
 -7.4117E-01
 -7.4873E-01
 -8.3628E-01
 -8.2904E-01
 -8.3628E-01
 -8.2904E-01
 -8.2372E-01
 -8.2904E-01
 -8.3628E-01
 -8.2904E-01
 -8.3628E-01
