Scalar DX under Dynam for nodeset
189
   0.0000E+00
  0.0000E+00
  0.0000E+00
  0.0000E+00
  0.0000E+00
  0.0000E+00
  0.0000E+00
  0.0000E+00
  0.0000E+00
  0.0000E+00
  0.0000E+00
  0.0000E+00
  0.0000E+00
  0.0000E+00
  0.0000E+00
  0.0000E+00
  0.0000E+00
  0.0000E+00
  0.0000E+00
  0.0000E+00
  0.0000E+00
  0.0000E+00
  0.0000E+00
  0.0000E+00
  0.0000E+00
  0.0000E+00
  0.0000E+00
  0.0000E+00
  0.0000E+00
  0.0000E+00
  0.0000E+00
  0.0000E+00
  0.0000E+00
  0.0000E+00
  0.0000E+00
  0.0000E+00
  0.0000E+00
  0.0000E+00
  0.0000E+00
  0.0000E+00
  0.0000E+00
  0.0000E+00
  0.0000E+00
  0.0000E+00
  0.0000E+00
  0.0000E+00
  0.0000E+00
  0.0000E+00
  0.0000E+00
  0.0000E+00
  0.0000E+00
  0.0000E+00
  0.0000E+00
  0.0000E+00
  0.0000E+00
  0.0000E+00
  0.0000E+00
  0.0000E+00
  0.0000E+00
  0.0000E+00
  0.0000E+00
  0.0000E+00
  0.0000E+00
  0.0000E+00
  0.0000E+00
  0.0000E+00
  0.0000E+00
  0.0000E+00
  0.0000E+00
  0.0000E+00
  0.0000E+00
  0.0000E+00
  0.0000E+00
  0.0000E+00
  0.0000E+00
  0.0000E+00
  0.0000E+00
  0.0000E+00
  0.0000E+00
  0.0000E+00
  0.0000E+00
  0.0000E+00
  0.0000E+00
  0.0000E+00
  0.0000E+00
  0.0000E+00
  0.0000E+00
  0.0000E+00
  0.0000E+00
  0.0000E+00
  0.0000E+00
  0.0000E+00
  0.0000E+00
  0.0000E+00
  0.0000E+00
  0.0000E+00
  0.0000E+00
  0.0000E+00
  0.0000E+00
  0.0000E+00
  0.0000E+00
  0.0000E+00
  0.0000E+00
  0.0000E+00
  0.0000E+00
  0.0000E+00
  0.0000E+00
  0.0000E+00
  0.0000E+00
  0.0000E+00
  0.0000E+00
  0.0000E+00
  0.0000E+00
  0.0000E+00
  0.0000E+00
  0.0000E+00
  0.0000E+00
  0.0000E+00
  0.0000E+00
  0.0000E+00
  0.0000E+00
  0.0000E+00
  0.0000E+00
  0.0000E+00
  0.0000E+00
  0.0000E+00
  0.0000E+00
  0.0000E+00
  0.0000E+00
  0.0000E+00
  0.0000E+00
  0.0000E+00
  0.0000E+00
  0.0000E+00
  0.0000E+00
  0.0000E+00
  0.0000E+00
  0.0000E+00
  0.0000E+00
  0.0000E+00
  0.0000E+00
  0.0000E+00
  0.0000E+00
  0.0000E+00
  0.0000E+00
  0.0000E+00
  0.0000E+00
  0.0000E+00
  0.0000E+00
  0.0000E+00
  0.0000E+00
  0.0000E+00
  0.0000E+00
  0.0000E+00
  0.0000E+00
  0.0000E+00
  0.0000E+00
  0.0000E+00
  0.0000E+00
  0.0000E+00
  0.0000E+00
  0.0000E+00
  0.0000E+00
  0.0000E+00
  0.0000E+00
  0.0000E+00
  0.0000E+00
  0.0000E+00
  0.0000E+00
  0.0000E+00
  0.0000E+00
  0.0000E+00
  0.0000E+00
  0.0000E+00
  0.0000E+00
  0.0000E+00
  0.0000E+00
  0.0000E+00
  0.0000E+00
  0.0000E+00
  0.0000E+00
  0.0000E+00
  0.0000E+00
  0.0000E+00
  0.0000E+00
  0.0000E+00
  0.0000E+00
  0.0000E+00
  0.0000E+00
  0.0000E+00
   3.0000E+02
  0.0000E+00
  0.0000E+00
  0.0000E+00
  0.0000E+00
  0.0000E+00
  0.0000E+00
  0.0000E+00
  0.0000E+00
  0.0000E+00
 -1.8710E-02
 -1.7652E-02
 -1.8710E-02
  3.7345E-15
  4.2837E-15
  2.5250E-15
  1.8710E-02
  1.7652E-02
  1.8710E-02
 -1.7735E-02
 -1.7743E-02
 -1.7735E-02
  1.5365E-14
  1.6399E-14
  1.5598E-14
  1.7735E-02
  1.7743E-02
  1.7735E-02
 -1.5718E-02
 -1.8267E-02
 -1.5718E-02
  3.5569E-14
  3.6114E-14
  3.4653E-14
  1.5718E-02
  1.8267E-02
  1.5718E-02
 -1.0072E-02
 -9.5964E-03
 -1.0072E-02
  6.1611E-14
  6.2310E-14
  6.1464E-14
  1.0072E-02
  9.5964E-03
  1.0072E-02
 -4.2017E-03
 -1.3947E-03
 -4.2017E-03
  9.4323E-14
  9.4616E-14
  9.4230E-14
  4.2017E-03
  1.3947E-03
  4.2017E-03
 -1.1761E-02
 -1.4520E-02
 -1.1761E-02
  1.3492E-13
  1.3482E-13
  1.3317E-13
  1.1761E-02
  1.4520E-02
  1.1761E-02
 -1.6345E-02
 -1.6226E-02
 -1.6345E-02
  1.8160E-13
  1.8186E-13
  1.7923E-13
  1.6345E-02
  1.6226E-02
  1.6345E-02
 -8.9385E-03
 -8.7100E-03
 -8.9385E-03
  2.3464E-13
  2.3433E-13
  2.3077E-13
  8.9385E-03
  8.7100E-03
  8.9385E-03
 -1.8141E-03
 -3.7563E-03
 -1.8141E-03
  2.8964E-13
  2.8913E-13
  2.8664E-13
  1.8141E-03
  3.7563E-03
  1.8141E-03
 -5.2646E-04
  5.5688E-03
 -5.2646E-04
  3.5056E-13
  3.4944E-13
  3.4750E-13
  5.2646E-04
 -5.5688E-03
  5.2646E-04
  1.5123E-03
 -6.6859E-04
  1.5123E-03
  4.1766E-13
  4.1614E-13
  4.1383E-13
 -1.5123E-03
  6.6859E-04
 -1.5123E-03
  2.0384E-03
 -3.3302E-03
  2.0384E-03
  4.8751E-13
  4.8634E-13
  4.8382E-13
 -2.0384E-03
  3.3302E-03
 -2.0384E-03
 -7.8744E-03
 -2.8250E-03
 -7.8744E-03
  5.5812E-13
  5.5808E-13
  5.5648E-13
  7.8744E-03
  2.8250E-03
  7.8744E-03
 -8.2620E-03
 -8.3678E-03
 -8.2620E-03
  6.3240E-13
  6.3281E-13
  6.2999E-13
  8.2620E-03
  8.3678E-03
  8.2620E-03
 -1.3855E-02
 -1.5947E-02
 -1.3855E-02
  7.1240E-13
  7.1100E-13
  7.0857E-13
  1.3855E-02
  1.5947E-02
  1.3855E-02
 -1.9087E-02
 -1.8440E-02
 -1.9087E-02
  7.9321E-13
  7.9251E-13
  7.9041E-13
  1.9087E-02
  1.8440E-02
  1.9087E-02
 -2.0485E-02
 -2.0545E-02
 -2.0485E-02
  8.7513E-13
  8.7552E-13
  8.7439E-13
  2.0485E-02
  2.0545E-02
  2.0485E-02
 -2.6508E-02
 -2.6000E-02
 -2.6508E-02
  9.5837E-13
  9.5605E-13
  9.5596E-13
  2.6508E-02
  2.6000E-02
  2.6508E-02
 -3.0414E-02
 -2.9403E-02
 -3.0414E-02
  1.0399E-12
  1.0385E-12
  1.0358E-12
  3.0414E-02
  2.9403E-02
  3.0414E-02
 -3.8122E-02
 -3.5917E-02
 -3.8122E-02
  1.1222E-12
  1.1205E-12
  1.1189E-12
  3.8122E-02
  3.5917E-02
  3.8122E-02
