Scalar STRESSP2 under Dynam for nodeset
189
   0.0000E+00
  0.0000E+00
  0.0000E+00
  0.0000E+00
  0.0000E+00
  0.0000E+00
  0.0000E+00
  0.0000E+00
  0.0000E+00
  0.0000E+00
  0.0000E+00
  0.0000E+00
  0.0000E+00
  0.0000E+00
  0.0000E+00
  0.0000E+00
  0.0000E+00
  0.0000E+00
  0.0000E+00
  0.0000E+00
  0.0000E+00
  0.0000E+00
  0.0000E+00
  0.0000E+00
  0.0000E+00
  0.0000E+00
  0.0000E+00
  0.0000E+00
  0.0000E+00
  0.0000E+00
  0.0000E+00
  0.0000E+00
  0.0000E+00
  0.0000E+00
  0.0000E+00
  0.0000E+00
  0.0000E+00
  0.0000E+00
  0.0000E+00
  0.0000E+00
  0.0000E+00
  0.0000E+00
  0.0000E+00
  0.0000E+00
  0.0000E+00
  0.0000E+00
  0.0000E+00
  0.0000E+00
  0.0000E+00
  0.0000E+00
  0.0000E+00
  0.0000E+00
  0.0000E+00
  0.0000E+00
  0.0000E+00
  0.0000E+00
  0.0000E+00
  0.0000E+00
  0.0000E+00
  0.0000E+00
  0.0000E+00
  0.0000E+00
  0.0000E+00
  0.0000E+00
  0.0000E+00
  0.0000E+00
  0.0000E+00
  0.0000E+00
  0.0000E+00
  0.0000E+00
  0.0000E+00
  0.0000E+00
  0.0000E+00
  0.0000E+00
  0.0000E+00
  0.0000E+00
  0.0000E+00
  0.0000E+00
  0.0000E+00
  0.0000E+00
  0.0000E+00
  0.0000E+00
  0.0000E+00
  0.0000E+00
  0.0000E+00
  0.0000E+00
  0.0000E+00
  0.0000E+00
  0.0000E+00
  0.0000E+00
  0.0000E+00
  0.0000E+00
  0.0000E+00
  0.0000E+00
  0.0000E+00
  0.0000E+00
  0.0000E+00
  0.0000E+00
  0.0000E+00
  0.0000E+00
  0.0000E+00
  0.0000E+00
  0.0000E+00
  0.0000E+00
  0.0000E+00
  0.0000E+00
  0.0000E+00
  0.0000E+00
  0.0000E+00
  0.0000E+00
  0.0000E+00
  0.0000E+00
  0.0000E+00
  0.0000E+00
  0.0000E+00
  0.0000E+00
  0.0000E+00
  0.0000E+00
  0.0000E+00
  0.0000E+00
  0.0000E+00
  0.0000E+00
  0.0000E+00
  0.0000E+00
  0.0000E+00
  0.0000E+00
  0.0000E+00
  0.0000E+00
  0.0000E+00
  0.0000E+00
  0.0000E+00
  0.0000E+00
  0.0000E+00
  0.0000E+00
  0.0000E+00
  0.0000E+00
  0.0000E+00
  0.0000E+00
  0.0000E+00
  0.0000E+00
  0.0000E+00
  0.0000E+00
  0.0000E+00
  0.0000E+00
  0.0000E+00
  0.0000E+00
  0.0000E+00
  0.0000E+00
  0.0000E+00
  0.0000E+00
  0.0000E+00
  0.0000E+00
  0.0000E+00
  0.0000E+00
  0.0000E+00
  0.0000E+00
  0.0000E+00
  0.0000E+00
  0.0000E+00
  0.0000E+00
  0.0000E+00
  0.0000E+00
  0.0000E+00
  0.0000E+00
  0.0000E+00
  0.0000E+00
  0.0000E+00
  0.0000E+00
  0.0000E+00
  0.0000E+00
  0.0000E+00
  0.0000E+00
  0.0000E+00
  0.0000E+00
  0.0000E+00
  0.0000E+00
  0.0000E+00
  0.0000E+00
  0.0000E+00
  0.0000E+00
  0.0000E+00
  0.0000E+00
  0.0000E+00
  0.0000E+00
  0.0000E+00
  0.0000E+00
  0.0000E+00
  0.0000E+00
  0.0000E+00
  0.0000E+00
   3.0000E+02
 -1.3331E+02
 -1.1960E+02
 -1.3331E+02
 -1.1960E+02
 -1.0648E+02
 -1.1960E+02
 -1.3331E+02
 -1.1960E+02
 -1.3331E+02
  6.6033E+00
  8.6070E+00
  6.6033E+00
  8.6070E+00
  1.2617E+01
  8.6070E+00
  6.6033E+00
  8.6070E+00
  6.6033E+00
  1.0102E+01
  2.6958E+00
  1.0102E+01
  2.6958E+00
 -4.3631E+00
  2.6958E+00
  1.0102E+01
  2.6958E+00
  1.0102E+01
  1.4462E+01
  1.8776E+01
  1.4462E+01
  1.8776E+01
  1.7741E+01
  1.8776E+01
  1.4462E+01
  1.8776E+01
  1.4462E+01
 -7.3282E+00
 -5.7787E+00
 -7.3282E+00
 -5.7787E+00
 -2.0930E+00
 -5.7787E+00
 -7.3282E+00
 -5.7787E+00
 -7.3282E+00
 -5.2574E+01
 -4.9002E+01
 -5.2574E+01
 -4.9002E+01
 -4.1069E+01
 -4.9002E+01
 -5.2574E+01
 -4.9002E+01
 -5.2574E+01
  8.6115E+00
  1.7980E+01
  8.6115E+00
  1.7980E+01
  2.3651E+01
  1.7980E+01
  8.6115E+00
  1.7980E+01
  8.6115E+00
  3.5581E+01
  2.3384E+01
  3.5581E+01
  2.3384E+01
  1.2971E+01
  2.3384E+01
  3.5581E+01
  2.3384E+01
  3.5581E+01
 -4.9121E+00
 -2.6201E+00
 -4.9121E+00
 -2.6201E+00
 -5.8724E+00
 -2.6201E+00
 -4.9121E+00
 -2.6201E+00
 -4.9121E+00
 -1.8553E+01
 -7.4233E-02
 -1.8553E+01
 -7.4233E-02
  1.7720E+01
 -7.4233E-02
 -1.8553E+01
 -7.4233E-02
 -1.8553E+01
 -7.3028E+00
 -1.5245E+01
 -7.3028E+00
 -1.5245E+01
 -2.6269E+01
 -1.5245E+01
 -7.3028E+00
 -1.5245E+01
 -7.3028E+00
 -1.1848E+01
 -5.5072E+00
 -1.1848E+01
 -5.5072E+00
 -4.6312E-01
 -5.5072E+00
 -1.1848E+01
 -5.5072E+00
 -1.1848E+01
 -5.5277E+01
 -2.2834E+01
 -5.5277E+01
 -2.2834E+01
 -9.0916E+00
 -2.2834E+01
 -5.5277E+01
 -2.2834E+01
 -5.5277E+01
  1.0629E+01
 -1.2814E+01
  1.0629E+01
 -1.2814E+01
 -1.6954E+01
 -1.2814E+01
  1.0629E+01
 -1.2814E+01
  1.0629E+01
 -8.4582E+00
 -8.3253E+00
 -8.4582E+00
 -8.3253E+00
 -3.7746E+00
 -8.3253E+00
 -8.4582E+00
 -8.3253E+00
 -8.4582E+00
 -1.4969E+01
  7.5323E+00
 -1.4969E+01
  7.5323E+00
  1.2053E+01
  7.5323E+00
 -1.4969E+01
  7.5323E+00
 -1.4969E+01
  4.1151E+00
  1.6307E+00
  4.1151E+00
  1.6307E+00
  2.6371E+00
  1.6307E+00
  4.1151E+00
  1.6307E+00
  4.1151E+00
 -1.4036E+01
 -1.1247E+01
 -1.4036E+01
 -1.1247E+01
 -9.0860E-01
 -1.1247E+01
 -1.4036E+01
 -1.1247E+01
 -1.4036E+01
 -2.5061E+00
  3.6623E+00
 -2.5061E+00
  3.6623E+00
  6.3551E+00
  3.6623E+00
 -2.5061E+00
  3.6623E+00
 -2.5061E+00
  1.5931E+01
  1.4976E+01
  1.5931E+01
  1.4976E+01
  1.0941E+01
  1.4976E+01
  1.5931E+01
  1.4976E+01
  1.5931E+01
  8.6533E+01
  8.0578E+01
  8.6533E+01
  8.0578E+01
  7.3793E+01
  8.0578E+01
  8.6533E+01
  8.0578E+01
  8.6533E+01
