Scalar STRAINXX under Dynam for nodeset
189
   0.0000E+00
  0.0000E+00
  0.0000E+00
  0.0000E+00
  0.0000E+00
  0.0000E+00
  0.0000E+00
  0.0000E+00
  0.0000E+00
  0.0000E+00
  0.0000E+00
  0.0000E+00
  0.0000E+00
  0.0000E+00
  0.0000E+00
  0.0000E+00
  0.0000E+00
  0.0000E+00
  0.0000E+00
  0.0000E+00
  0.0000E+00
  0.0000E+00
  0.0000E+00
  0.0000E+00
  0.0000E+00
  0.0000E+00
  0.0000E+00
  0.0000E+00
  0.0000E+00
  0.0000E+00
  0.0000E+00
  0.0000E+00
  0.0000E+00
  0.0000E+00
  0.0000E+00
  0.0000E+00
  0.0000E+00
  0.0000E+00
  0.0000E+00
  0.0000E+00
  0.0000E+00
  0.0000E+00
  0.0000E+00
  0.0000E+00
  0.0000E+00
  0.0000E+00
  0.0000E+00
  0.0000E+00
  0.0000E+00
  0.0000E+00
  0.0000E+00
  0.0000E+00
  0.0000E+00
  0.0000E+00
  0.0000E+00
  0.0000E+00
  0.0000E+00
  0.0000E+00
  0.0000E+00
  0.0000E+00
  0.0000E+00
  0.0000E+00
  0.0000E+00
  0.0000E+00
  0.0000E+00
  0.0000E+00
  0.0000E+00
  0.0000E+00
  0.0000E+00
  0.0000E+00
  0.0000E+00
  0.0000E+00
  0.0000E+00
  0.0000E+00
  0.0000E+00
  0.0000E+00
  0.0000E+00
  0.0000E+00
  0.0000E+00
  0.0000E+00
  0.0000E+00
  0.0000E+00
  0.0000E+00
  0.0000E+00
  0.0000E+00
  0.0000E+00
  0.0000E+00
  0.0000E+00
  0.0000E+00
  0.0000E+00
  0.0000E+00
  0.0000E+00
  0.0000E+00
  0.0000E+00
  0.0000E+00
  0.0000E+00
  0.0000E+00
  0.0000E+00
  0.0000E+00
  0.0000E+00
  0.0000E+00
  0.0000E+00
  0.0000E+00
  0.0000E+00
  0.0000E+00
  0.0000E+00
  0.0000E+00
  0.0000E+00
  0.0000E+00
  0.0000E+00
  0.0000E+00
  0.0000E+00
  0.0000E+00
  0.0000E+00
  0.0000E+00
  0.0000E+00
  0.0000E+00
  0.0000E+00
  0.0000E+00
  0.0000E+00
  0.0000E+00
  0.0000E+00
  0.0000E+00
  0.0000E+00
  0.0000E+00
  0.0000E+00
  0.0000E+00
  0.0000E+00
  0.0000E+00
  0.0000E+00
  0.0000E+00
  0.0000E+00
  0.0000E+00
  0.0000E+00
  0.0000E+00
  0.0000E+00
  0.0000E+00
  0.0000E+00
  0.0000E+00
  0.0000E+00
  0.0000E+00
  0.0000E+00
  0.0000E+00
  0.0000E+00
  0.0000E+00
  0.0000E+00
  0.0000E+00
  0.0000E+00
  0.0000E+00
  0.0000E+00
  0.0000E+00
  0.0000E+00
  0.0000E+00
  0.0000E+00
  0.0000E+00
  0.0000E+00
  0.0000E+00
  0.0000E+00
  0.0000E+00
  0.0000E+00
  0.0000E+00
  0.0000E+00
  0.0000E+00
  0.0000E+00
  0.0000E+00
  0.0000E+00
  0.0000E+00
  0.0000E+00
  0.0000E+00
  0.0000E+00
  0.0000E+00
  0.0000E+00
  0.0000E+00
  0.0000E+00
  0.0000E+00
  0.0000E+00
  0.0000E+00
  0.0000E+00
  0.0000E+00
  0.0000E+00
  0.0000E+00
  0.0000E+00
  0.0000E+00
  0.0000E+00
  0.0000E+00
  0.0000E+00
  0.0000E+00
  0.0000E+00
  0.0000E+00
  0.0000E+00
   3.0000E+02
  0.0000E+00
  0.0000E+00
  0.0000E+00
  0.0000E+00
  0.0000E+00
  0.0000E+00
  0.0000E+00
  0.0000E+00
  0.0000E+00
  3.7419E-02
  3.5303E-02
  3.7419E-02
  3.7419E-02
  3.5303E-02
  3.7419E-02
  3.7419E-02
  3.5303E-02
  3.7419E-02
  3.5470E-02
  3.5487E-02
  3.5470E-02
  3.5470E-02
  3.5487E-02
  3.5470E-02
  3.5470E-02
  3.5487E-02
  3.5470E-02
  3.1437E-02
  3.6534E-02
  3.1437E-02
  3.1437E-02
  3.6534E-02
  3.1437E-02
  3.1437E-02
  3.6534E-02
  3.1437E-02
  2.0145E-02
  1.9193E-02
  2.0145E-02
  2.0145E-02
  1.9193E-02
  2.0145E-02
  2.0145E-02
  1.9193E-02
  2.0145E-02
  8.4035E-03
  2.7894E-03
  8.4035E-03
  8.4035E-03
  2.7894E-03
  8.4035E-03
  8.4035E-03
  2.7894E-03
  8.4035E-03
  2.3523E-02
  2.9041E-02
  2.3523E-02
  2.3523E-02
  2.9041E-02
  2.3523E-02
  2.3523E-02
  2.9041E-02
  2.3523E-02
  3.2690E-02
  3.2451E-02
  3.2690E-02
  3.2690E-02
  3.2451E-02
  3.2690E-02
  3.2690E-02
  3.2451E-02
  3.2690E-02
  1.7877E-02
  1.7420E-02
  1.7877E-02
  1.7877E-02
  1.7420E-02
  1.7877E-02
  1.7877E-02
  1.7420E-02
  1.7877E-02
  3.6282E-03
  7.5126E-03
  3.6282E-03
  3.6282E-03
  7.5126E-03
  3.6282E-03
  3.6282E-03
  7.5126E-03
  3.6282E-03
  1.0529E-03
 -1.1138E-02
  1.0529E-03
  1.0529E-03
 -1.1138E-02
  1.0529E-03
  1.0529E-03
 -1.1138E-02
  1.0529E-03
 -3.0247E-03
  1.3372E-03
 -3.0247E-03
 -3.0247E-03
  1.3372E-03
 -3.0247E-03
 -3.0247E-03
  1.3372E-03
 -3.0247E-03
 -4.0769E-03
  6.6605E-03
 -4.0769E-03
 -4.0769E-03
  6.6605E-03
 -4.0769E-03
 -4.0769E-03
  6.6605E-03
 -4.0769E-03
  1.5749E-02
  5.6499E-03
  1.5749E-02
  1.5749E-02
  5.6499E-03
  1.5749E-02
  1.5749E-02
  5.6499E-03
  1.5749E-02
  1.6524E-02
  1.6736E-02
  1.6524E-02
  1.6524E-02
  1.6736E-02
  1.6524E-02
  1.6524E-02
  1.6736E-02
  1.6524E-02
  2.7711E-02
  3.1894E-02
  2.7711E-02
  2.7711E-02
  3.1894E-02
  2.7711E-02
  2.7711E-02
  3.1894E-02
  2.7711E-02
  3.8175E-02
  3.6879E-02
  3.8175E-02
  3.8175E-02
  3.6879E-02
  3.8175E-02
  3.8175E-02
  3.6879E-02
  3.8175E-02
  4.0971E-02
  4.1091E-02
  4.0971E-02
  4.0971E-02
  4.1091E-02
  4.0971E-02
  4.0971E-02
  4.1091E-02
  4.0971E-02
  5.3015E-02
  5.2001E-02
  5.3015E-02
  5.3015E-02
  5.2001E-02
  5.3015E-02
  5.3015E-02
  5.2001E-02
  5.3015E-02
  6.0827E-02
  5.8806E-02
  6.0827E-02
  6.0827E-02
  5.8806E-02
  6.0827E-02
  6.0827E-02
  5.8806E-02
  6.0827E-02
  7.6244E-02
  7.1834E-02
  7.6244E-02
  7.6244E-02
  7.1834E-02
  7.6244E-02
  7.6244E-02
  7.1834E-02
  7.6244E-02
