Scalar STRAINXY under Dynam for nodeset
189
   0.0000E+00
  0.0000E+00
  0.0000E+00
  0.0000E+00
  0.0000E+00
  0.0000E+00
  0.0000E+00
  0.0000E+00
  0.0000E+00
  0.0000E+00
  0.0000E+00
  0.0000E+00
  0.0000E+00
  0.0000E+00
  0.0000E+00
  0.0000E+00
  0.0000E+00
  0.0000E+00
  0.0000E+00
  0.0000E+00
  0.0000E+00
  0.0000E+00
  0.0000E+00
  0.0000E+00
  0.0000E+00
  0.0000E+00
  0.0000E+00
  0.0000E+00
  0.0000E+00
  0.0000E+00
  0.0000E+00
  0.0000E+00
  0.0000E+00
  0.0000E+00
  0.0000E+00
  0.0000E+00
  0.0000E+00
  0.0000E+00
  0.0000E+00
  0.0000E+00
  0.0000E+00
  0.0000E+00
  0.0000E+00
  0.0000E+00
  0.0000E+00
  0.0000E+00
  0.0000E+00
  0.0000E+00
  0.0000E+00
  0.0000E+00
  0.0000E+00
  0.0000E+00
  0.0000E+00
  0.0000E+00
  0.0000E+00
  0.0000E+00
  0.0000E+00
  0.0000E+00
  0.0000E+00
  0.0000E+00
  0.0000E+00
  0.0000E+00
  0.0000E+00
  0.0000E+00
  0.0000E+00
  0.0000E+00
  0.0000E+00
  0.0000E+00
  0.0000E+00
  0.0000E+00
  0.0000E+00
  0.0000E+00
  0.0000E+00
  0.0000E+00
  0.0000E+00
  0.0000E+00
  0.0000E+00
  0.0000E+00
  0.0000E+00
  0.0000E+00
  0.0000E+00
  0.0000E+00
  0.0000E+00
  0.0000E+00
  0.0000E+00
  0.0000E+00
  0.0000E+00
  0.0000E+00
  0.0000E+00
  0.0000E+00
  0.0000E+00
  0.0000E+00
  0.0000E+00
  0.0000E+00
  0.0000E+00
  0.0000E+00
  0.0000E+00
  0.0000E+00
  0.0000E+00
  0.0000E+00
  0.0000E+00
  0.0000E+00
  0.0000E+00
  0.0000E+00
  0.0000E+00
  0.0000E+00
  0.0000E+00
  0.0000E+00
  0.0000E+00
  0.0000E+00
  0.0000E+00
  0.0000E+00
  0.0000E+00
  0.0000E+00
  0.0000E+00
  0.0000E+00
  0.0000E+00
  0.0000E+00
  0.0000E+00
  0.0000E+00
  0.0000E+00
  0.0000E+00
  0.0000E+00
  0.0000E+00
  0.0000E+00
  0.0000E+00
  0.0000E+00
  0.0000E+00
  0.0000E+00
  0.0000E+00
  0.0000E+00
  0.0000E+00
  0.0000E+00
  0.0000E+00
  0.0000E+00
  0.0000E+00
  0.0000E+00
  0.0000E+00
  0.0000E+00
  0.0000E+00
  0.0000E+00
  0.0000E+00
  0.0000E+00
  0.0000E+00
  0.0000E+00
  0.0000E+00
  0.0000E+00
  0.0000E+00
  0.0000E+00
  0.0000E+00
  0.0000E+00
  0.0000E+00
  0.0000E+00
  0.0000E+00
  0.0000E+00
  0.0000E+00
  0.0000E+00
  0.0000E+00
  0.0000E+00
  0.0000E+00
  0.0000E+00
  0.0000E+00
  0.0000E+00
  0.0000E+00
  0.0000E+00
  0.0000E+00
  0.0000E+00
  0.0000E+00
  0.0000E+00
  0.0000E+00
  0.0000E+00
  0.0000E+00
  0.0000E+00
  0.0000E+00
  0.0000E+00
  0.0000E+00
  0.0000E+00
  0.0000E+00
  0.0000E+00
  0.0000E+00
  0.0000E+00
  0.0000E+00
  0.0000E+00
  0.0000E+00
  0.0000E+00
  0.0000E+00
  0.0000E+00
  0.0000E+00
  0.0000E+00
  0.0000E+00
   3.0000E+02
  0.0000E+00
  0.0000E+00
  0.0000E+00
  0.0000E+00
  0.0000E+00
  0.0000E+00
  0.0000E+00
  0.0000E+00
  0.0000E+00
 -4.2329E-03
  2.0383E-17
  4.2329E-03
  5.0238E-15
  5.5259E-16
 -4.3229E-15
  4.2329E-03
  1.0963E-15
 -4.2329E-03
  3.4438E-05
  3.5581E-15
 -3.4438E-05
  1.5404E-15
  4.0410E-16
  1.6098E-15
 -3.4438E-05
 -6.6279E-16
  3.4438E-05
  1.0195E-02
 -5.5719E-15
 -1.0195E-02
  1.3808E-15
  2.9983E-17
 -3.4070E-15
 -1.0195E-02
  2.7634E-15
  1.0195E-02
 -1.9037E-03
  7.0451E-16
  1.9037E-03
  5.4574E-15
 -7.0741E-16
 -5.7142E-15
  1.9037E-03
  4.5450E-16
 -1.9037E-03
 -1.1228E-02
  4.3507E-15
  1.1228E-02
  7.5270E-15
 -1.8489E-16
 -5.8152E-15
  1.1228E-02
 -2.8293E-15
 -1.1228E-02
  1.1037E-02
 -2.2968E-15
 -1.1037E-02
  2.7339E-15
 -6.0752E-16
 -5.0793E-15
 -1.1037E-02
  8.6216E-16
  1.1037E-02
 -4.7758E-04
  1.3322E-15
  4.7758E-04
  2.8033E-15
  3.1573E-15
 -5.3083E-16
  4.7758E-04
  1.0904E-15
 -4.7758E-04
 -9.1410E-04
  1.0786E-15
  9.1410E-04
  4.0766E-15
  1.0696E-15
 -4.6838E-16
  9.1410E-04
  1.6792E-15
 -9.1410E-04
  7.7688E-03
  6.0633E-15
 -7.7688E-03
  5.5910E-15
 -1.3535E-15
 -7.0187E-15
 -7.7688E-03
 -5.3755E-15
  7.7688E-03
 -2.4381E-02
  4.9544E-15
  2.4381E-02
  5.6396E-15
 -4.3890E-16
 -4.5831E-15
  2.4381E-02
 -7.9017E-15
 -2.4381E-02
  8.7237E-03
  7.6527E-15
 -8.7237E-03
 -3.2444E-15
  9.7706E-16
  2.0478E-15
 -8.7237E-03
 -4.4305E-15
  8.7237E-03
  2.1475E-02
  6.7255E-15
 -2.1475E-02
  7.9346E-15
  3.1430E-15
 -2.1320E-15
 -2.1475E-02
 -7.7369E-16
  2.1475E-02
 -2.0198E-02
  9.4022E-16
  2.0198E-02
  2.1016E-15
  1.8521E-15
  5.8981E-16
  2.0198E-02
  2.7044E-15
 -2.0198E-02
  4.2296E-04
  7.3146E-16
 -4.2296E-04
  1.5092E-16
 -2.0300E-15
 -1.5838E-15
 -4.2296E-04
 -2.5364E-15
  4.2296E-04
  8.3664E-03
  1.7391E-15
 -8.3664E-03
 -1.1813E-15
 -1.1343E-15
  2.8571E-15
 -8.3664E-03
 -4.0853E-16
  8.3664E-03
 -2.5910E-03
 -6.8589E-15
  2.5910E-03
 -1.5175E-14
 -1.6231E-15
  9.9504E-15
  2.5910E-03
 -9.7882E-16
 -2.5910E-03
  2.3991E-04
 -7.4191E-16
 -2.3991E-04
 -1.2490E-15
  2.0978E-15
  3.2196E-15
 -2.3991E-04
  1.2619E-15
  2.3991E-04
 -2.0291E-03
 -4.8583E-15
  2.0291E-03
  4.3437E-15
  7.6965E-16
 -3.3515E-15
  2.0291E-03
  9.0540E-15
 -2.0291E-03
 -4.0430E-03
 -8.7578E-15
  4.0430E-03
  8.6667E-15
 -1.2827E-15
 -1.1088E-14
  4.0430E-03
  2.2165E-15
 -4.0430E-03
 -8.8191E-03
 -1.2963E-14
  8.8191E-03
 -1.0547E-14
 -1.3460E-15
 -2.5396E-15
  8.8191E-03
 -2.2725E-16
 -8.8191E-03
