Scalar STRAINP2 under Dynam for nodeset
189
   0.0000E+00
  0.0000E+00
  0.0000E+00
  0.0000E+00
  0.0000E+00
  0.0000E+00
  0.0000E+00
  0.0000E+00
  0.0000E+00
  0.0000E+00
  0.0000E+00
  0.0000E+00
  0.0000E+00
  0.0000E+00
  0.0000E+00
  0.0000E+00
  0.0000E+00
  0.0000E+00
  0.0000E+00
  0.0000E+00
  0.0000E+00
  0.0000E+00
  0.0000E+00
  0.0000E+00
  0.0000E+00
  0.0000E+00
  0.0000E+00
  0.0000E+00
  0.0000E+00
  0.0000E+00
  0.0000E+00
  0.0000E+00
  0.0000E+00
  0.0000E+00
  0.0000E+00
  0.0000E+00
  0.0000E+00
  0.0000E+00
  0.0000E+00
  0.0000E+00
  0.0000E+00
  0.0000E+00
  0.0000E+00
  0.0000E+00
  0.0000E+00
  0.0000E+00
  0.0000E+00
  0.0000E+00
  0.0000E+00
  0.0000E+00
  0.0000E+00
  0.0000E+00
  0.0000E+00
  0.0000E+00
  0.0000E+00
  0.0000E+00
  0.0000E+00
  0.0000E+00
  0.0000E+00
  0.0000E+00
  0.0000E+00
  0.0000E+00
  0.0000E+00
  0.0000E+00
  0.0000E+00
  0.0000E+00
  0.0000E+00
  0.0000E+00
  0.0000E+00
  0.0000E+00
  0.0000E+00
  0.0000E+00
  0.0000E+00
  0.0000E+00
  0.0000E+00
  0.0000E+00
  0.0000E+00
  0.0000E+00
  0.0000E+00
  0.0000E+00
  0.0000E+00
  0.0000E+00
  0.0000E+00
  0.0000E+00
  0.0000E+00
  0.0000E+00
  0.0000E+00
  0.0000E+00
  0.0000E+00
  0.0000E+00
  0.0000E+00
  0.0000E+00
  0.0000E+00
  0.0000E+00
  0.0000E+00
  0.0000E+00
  0.0000E+00
  0.0000E+00
  0.0000E+00
  0.0000E+00
  0.0000E+00
  0.0000E+00
  0.0000E+00
  0.0000E+00
  0.0000E+00
  0.0000E+00
  0.0000E+00
  0.0000E+00
  0.0000E+00
  0.0000E+00
  0.0000E+00
  0.0000E+00
  0.0000E+00
  0.0000E+00
  0.0000E+00
  0.0000E+00
  0.0000E+00
  0.0000E+00
  0.0000E+00
  0.0000E+00
  0.0000E+00
  0.0000E+00
  0.0000E+00
  0.0000E+00
  0.0000E+00
  0.0000E+00
  0.0000E+00
  0.0000E+00
  0.0000E+00
  0.0000E+00
  0.0000E+00
  0.0000E+00
  0.0000E+00
  0.0000E+00
  0.0000E+00
  0.0000E+00
  0.0000E+00
  0.0000E+00
  0.0000E+00
  0.0000E+00
  0.0000E+00
  0.0000E+00
  0.0000E+00
  0.0000E+00
  0.0000E+00
  0.0000E+00
  0.0000E+00
  0.0000E+00
  0.0000E+00
  0.0000E+00
  0.0000E+00
  0.0000E+00
  0.0000E+00
  0.0000E+00
  0.0000E+00
  0.0000E+00
  0.0000E+00
  0.0000E+00
  0.0000E+00
  0.0000E+00
  0.0000E+00
  0.0000E+00
  0.0000E+00
  0.0000E+00
  0.0000E+00
  0.0000E+00
  0.0000E+00
  0.0000E+00
  0.0000E+00
  0.0000E+00
  0.0000E+00
  0.0000E+00
  0.0000E+00
  0.0000E+00
  0.0000E+00
  0.0000E+00
  0.0000E+00
  0.0000E+00
  0.0000E+00
  0.0000E+00
  0.0000E+00
  0.0000E+00
  0.0000E+00
  0.0000E+00
  0.0000E+00
  0.0000E+00
  0.0000E+00
  0.0000E+00
  0.0000E+00
  0.0000E+00
   3.0000E+02
  0.0000E+00
  0.0000E+00
  0.0000E+00
  0.0000E+00
  0.0000E+00
  0.0000E+00
  0.0000E+00
  0.0000E+00
  0.0000E+00
  3.5303E-02
  3.5378E-02
  3.5303E-02
  3.5378E-02
  3.5303E-02
  3.5378E-02
  3.5303E-02
  3.5378E-02
  3.5303E-02
  3.5487E-02
  3.5470E-02
  3.5487E-02
  3.5470E-02
  3.5487E-02
  3.5470E-02
  3.5487E-02
  3.5470E-02
  3.5487E-02
  2.6541E-02
  3.1437E-02
  2.6541E-02
  3.1437E-02
  3.6534E-02
  3.1437E-02
  2.6541E-02
  3.1437E-02
  2.6541E-02
  1.9193E-02
  1.9211E-02
  1.9193E-02
  1.9211E-02
  1.9193E-02
  1.9211E-02
  1.9193E-02
  1.9211E-02
  1.9193E-02
  2.7894E-03
  2.8124E-03
  2.7894E-03
  2.8124E-03
  2.7894E-03
  2.8124E-03
  2.7894E-03
  2.8124E-03
  2.7894E-03
  1.8078E-02
  2.3523E-02
  1.8078E-02
  2.3523E-02
  2.9041E-02
  2.3523E-02
  1.8078E-02
  2.3523E-02
  1.8078E-02
  3.2451E-02
  3.2471E-02
  3.2451E-02
  3.2471E-02
  3.2451E-02
  3.2471E-02
  3.2451E-02
  3.2471E-02
  3.2451E-02
  1.7420E-02
  1.7526E-02
  1.7420E-02
  1.7526E-02
  1.7420E-02
  1.7526E-02
  1.7420E-02
  1.7526E-02
  1.7420E-02
  6.7659E-04
  3.6282E-03
  6.7659E-04
  3.6282E-03
  7.5126E-03
  3.6282E-03
  6.7659E-04
  3.6282E-03
  6.7659E-04
 -4.2224E-03
 -4.9975E-04
 -4.2224E-03
 -4.9975E-04
 -1.1138E-02
 -4.9975E-04
 -4.2224E-03
 -4.9975E-04
 -4.2224E-03
 -1.5622E-03
 -3.0247E-03
 -1.5622E-03
 -3.0247E-03
  1.3372E-03
 -3.0247E-03
 -1.5622E-03
 -3.0247E-03
 -1.5622E-03
 -1.4771E-02
 -4.0769E-03
 -1.4771E-02
 -4.0769E-03
  6.6605E-03
 -4.0769E-03
 -1.4771E-02
 -4.0769E-03
 -1.4771E-02
  5.6499E-03
  6.2953E-03
  5.6499E-03
  6.2953E-03
  5.6499E-03
  6.2953E-03
  5.6499E-03
  6.2953E-03
  5.6499E-03
  1.6736E-02
  1.6524E-02
  1.6736E-02
  1.6524E-02
  1.6736E-02
  1.6524E-02
  1.6736E-02
  1.6524E-02
  1.6736E-02
  2.3684E-02
  2.7711E-02
  2.3684E-02
  2.7711E-02
  3.1894E-02
  2.7711E-02
  2.3684E-02
  2.7711E-02
  2.3684E-02
  3.6879E-02
  3.6982E-02
  3.6879E-02
  3.6982E-02
  3.6879E-02
  3.6982E-02
  3.6879E-02
  3.6982E-02
  3.6879E-02
  4.0909E-02
  4.0971E-02
  4.0909E-02
  4.0971E-02
  4.1091E-02
  4.0971E-02
  4.0909E-02
  4.0971E-02
  4.0909E-02
  5.2001E-02
  5.2024E-02
  5.2001E-02
  5.2024E-02
  5.2001E-02
  5.2024E-02
  5.2001E-02
  5.2024E-02
  5.2001E-02
  5.8806E-02
  5.8810E-02
  5.8806E-02
  5.8810E-02
  5.8806E-02
  5.8810E-02
  5.8806E-02
  5.8810E-02
  5.8806E-02
  7.1834E-02
  7.1840E-02
  7.1834E-02
  7.1840E-02
  7.1834E-02
  7.1840E-02
  7.1834E-02
  7.1840E-02
  7.1834E-02
