Scalar STRAINP3 under Dynam for nodeset
189
   0.0000E+00
  0.0000E+00
  0.0000E+00
  0.0000E+00
  0.0000E+00
  0.0000E+00
  0.0000E+00
  0.0000E+00
  0.0000E+00
  0.0000E+00
  0.0000E+00
  0.0000E+00
  0.0000E+00
  0.0000E+00
  0.0000E+00
  0.0000E+00
  0.0000E+00
  0.0000E+00
  0.0000E+00
  0.0000E+00
  0.0000E+00
  0.0000E+00
  0.0000E+00
  0.0000E+00
  0.0000E+00
  0.0000E+00
  0.0000E+00
  0.0000E+00
  0.0000E+00
  0.0000E+00
  0.0000E+00
  0.0000E+00
  0.0000E+00
  0.0000E+00
  0.0000E+00
  0.0000E+00
  0.0000E+00
  0.0000E+00
  0.0000E+00
  0.0000E+00
  0.0000E+00
  0.0000E+00
  0.0000E+00
  0.0000E+00
  0.0000E+00
  0.0000E+00
  0.0000E+00
  0.0000E+00
  0.0000E+00
  0.0000E+00
  0.0000E+00
  0.0000E+00
  0.0000E+00
  0.0000E+00
  0.0000E+00
  0.0000E+00
  0.0000E+00
  0.0000E+00
  0.0000E+00
  0.0000E+00
  0.0000E+00
  0.0000E+00
  0.0000E+00
  0.0000E+00
  0.0000E+00
  0.0000E+00
  0.0000E+00
  0.0000E+00
  0.0000E+00
  0.0000E+00
  0.0000E+00
  0.0000E+00
  0.0000E+00
  0.0000E+00
  0.0000E+00
  0.0000E+00
  0.0000E+00
  0.0000E+00
  0.0000E+00
  0.0000E+00
  0.0000E+00
  0.0000E+00
  0.0000E+00
  0.0000E+00
  0.0000E+00
  0.0000E+00
  0.0000E+00
  0.0000E+00
  0.0000E+00
  0.0000E+00
  0.0000E+00
  0.0000E+00
  0.0000E+00
  0.0000E+00
  0.0000E+00
  0.0000E+00
  0.0000E+00
  0.0000E+00
  0.0000E+00
  0.0000E+00
  0.0000E+00
  0.0000E+00
  0.0000E+00
  0.0000E+00
  0.0000E+00
  0.0000E+00
  0.0000E+00
  0.0000E+00
  0.0000E+00
  0.0000E+00
  0.0000E+00
  0.0000E+00
  0.0000E+00
  0.0000E+00
  0.0000E+00
  0.0000E+00
  0.0000E+00
  0.0000E+00
  0.0000E+00
  0.0000E+00
  0.0000E+00
  0.0000E+00
  0.0000E+00
  0.0000E+00
  0.0000E+00
  0.0000E+00
  0.0000E+00
  0.0000E+00
  0.0000E+00
  0.0000E+00
  0.0000E+00
  0.0000E+00
  0.0000E+00
  0.0000E+00
  0.0000E+00
  0.0000E+00
  0.0000E+00
  0.0000E+00
  0.0000E+00
  0.0000E+00
  0.0000E+00
  0.0000E+00
  0.0000E+00
  0.0000E+00
  0.0000E+00
  0.0000E+00
  0.0000E+00
  0.0000E+00
  0.0000E+00
  0.0000E+00
  0.0000E+00
  0.0000E+00
  0.0000E+00
  0.0000E+00
  0.0000E+00
  0.0000E+00
  0.0000E+00
  0.0000E+00
  0.0000E+00
  0.0000E+00
  0.0000E+00
  0.0000E+00
  0.0000E+00
  0.0000E+00
  0.0000E+00
  0.0000E+00
  0.0000E+00
  0.0000E+00
  0.0000E+00
  0.0000E+00
  0.0000E+00
  0.0000E+00
  0.0000E+00
  0.0000E+00
  0.0000E+00
  0.0000E+00
  0.0000E+00
  0.0000E+00
  0.0000E+00
  0.0000E+00
  0.0000E+00
  0.0000E+00
  0.0000E+00
  0.0000E+00
  0.0000E+00
  0.0000E+00
  0.0000E+00
  0.0000E+00
  0.0000E+00
  0.0000E+00
   3.0000E+02
 -1.1862E-01
 -1.0412E-01
 -1.1862E-01
 -1.0412E-01
 -9.0034E-02
 -1.0412E-01
 -1.1862E-01
 -1.0412E-01
 -1.1862E-01
 -1.1645E-01
 -1.1269E-01
 -1.1645E-01
 -1.1269E-01
 -1.0701E-01
 -1.1269E-01
 -1.1645E-01
 -1.1269E-01
 -1.1645E-01
 -1.1009E-01
 -1.1616E-01
 -1.1009E-01
 -1.1616E-01
 -1.2198E-01
 -1.1616E-01
 -1.1009E-01
 -1.1616E-01
 -1.1009E-01
 -8.6235E-02
 -9.4110E-02
 -8.6235E-02
 -9.4110E-02
 -1.0678E-01
 -9.4110E-02
 -8.6235E-02
 -9.4110E-02
 -8.6235E-02
 -7.2124E-02
 -6.9856E-02
 -7.2124E-02
 -6.9856E-02
 -6.5746E-02
 -6.9856E-02
 -7.2124E-02
 -6.9856E-02
 -7.2124E-02
 -6.5001E-02
 -5.6398E-02
 -6.5001E-02
 -5.6398E-02
 -4.4023E-02
 -5.6398E-02
 -6.5001E-02
 -5.6398E-02
 -6.5001E-02
 -6.3941E-02
 -6.8775E-02
 -6.3941E-02
 -6.8775E-02
 -7.6805E-02
 -6.8775E-02
 -6.3941E-02
 -6.8775E-02
 -6.3941E-02
 -7.8614E-02
 -8.8685E-02
 -7.8614E-02
 -8.8685E-02
 -9.7204E-02
 -8.8685E-02
 -7.8614E-02
 -8.8685E-02
 -7.8614E-02
 -6.3189E-02
 -6.0986E-02
 -6.3189E-02
 -6.0986E-02
 -6.3032E-02
 -6.0986E-02
 -6.3189E-02
 -6.0986E-02
 -6.3189E-02
 -2.4778E-02
 -1.6053E-02
 -2.4778E-02
 -1.6053E-02
 -1.0059E-02
 -1.6053E-02
 -2.4778E-02
 -1.6053E-02
 -2.4778E-02
 -1.1138E-02
 -1.2777E-02
 -1.1138E-02
 -1.2777E-02
 -1.1138E-02
 -1.2777E-02
 -1.1138E-02
 -1.2777E-02
 -1.1138E-02
 -7.7099E-03
 -4.8011E-03
 -7.7099E-03
 -4.8011E-03
 -4.8488E-03
 -4.8011E-03
 -7.7099E-03
 -4.8011E-03
 -7.7099E-03
 -1.8932E-02
 -1.7250E-02
 -1.8932E-02
 -1.7250E-02
 -2.9889E-02
 -1.7250E-02
 -1.8932E-02
 -1.7250E-02
 -1.8932E-02
 -3.0370E-02
 -4.1272E-02
 -3.0370E-02
 -4.1272E-02
 -3.3169E-02
 -4.1272E-02
 -3.0370E-02
 -4.1272E-02
 -3.0370E-02
 -6.4341E-02
 -6.2403E-02
 -6.4341E-02
 -6.2403E-02
 -5.8977E-02
 -6.2403E-02
 -6.4341E-02
 -6.2403E-02
 -6.4341E-02
 -9.9814E-02
 -9.0362E-02
 -9.9814E-02
 -9.0362E-02
 -9.6122E-02
 -9.0362E-02
 -9.9814E-02
 -9.0362E-02
 -9.9814E-02
 -1.2205E-01
 -1.2309E-01
 -1.2205E-01
 -1.2309E-01
 -1.2070E-01
 -1.2309E-01
 -1.2205E-01
 -1.2309E-01
 -1.2205E-01
 -1.4841E-01
 -1.4621E-01
 -1.4841E-01
 -1.4621E-01
 -1.3774E-01
 -1.4621E-01
 -1.4841E-01
 -1.4621E-01
 -1.4841E-01
 -1.7749E-01
 -1.7131E-01
 -1.7749E-01
 -1.7131E-01
 -1.6796E-01
 -1.7131E-01
 -1.7749E-01
 -1.7131E-01
 -1.7749E-01
 -1.8662E-01
 -1.8539E-01
 -1.8662E-01
 -1.8539E-01
 -1.8677E-01
 -1.8539E-01
 -1.8662E-01
 -1.8539E-01
 -1.8662E-01
 -1.7510E-01
 -1.7574E-01
 -1.7510E-01
 -1.7574E-01
 -1.7705E-01
 -1.7574E-01
 -1.7510E-01
 -1.7574E-01
 -1.7510E-01
