Scalar STRESSP3 under Dynam for nodeset
189
   0.0000E+00
  0.0000E+00
  0.0000E+00
  0.0000E+00
  0.0000E+00
  0.0000E+00
  0.0000E+00
  0.0000E+00
  0.0000E+00
  0.0000E+00
  0.0000E+00
  0.0000E+00
  0.0000E+00
  0.0000E+00
  0.0000E+00
  0.0000E+00
  0.0000E+00
  0.0000E+00
  0.0000E+00
  0.0000E+00
  0.0000E+00
  0.0000E+00
  0.0000E+00
  0.0000E+00
  0.0000E+00
  0.0000E+00
  0.0000E+00
  0.0000E+00
  0.0000E+00
  0.0000E+00
  0.0000E+00
  0.0000E+00
  0.0000E+00
  0.0000E+00
  0.0000E+00
  0.0000E+00
  0.0000E+00
  0.0000E+00
  0.0000E+00
  0.0000E+00
  0.0000E+00
  0.0000E+00
  0.0000E+00
  0.0000E+00
  0.0000E+00
  0.0000E+00
  0.0000E+00
  0.0000E+00
  0.0000E+00
  0.0000E+00
  0.0000E+00
  0.0000E+00
  0.0000E+00
  0.0000E+00
  0.0000E+00
  0.0000E+00
  0.0000E+00
  0.0000E+00
  0.0000E+00
  0.0000E+00
  0.0000E+00
  0.0000E+00
  0.0000E+00
  0.0000E+00
  0.0000E+00
  0.0000E+00
  0.0000E+00
  0.0000E+00
  0.0000E+00
  0.0000E+00
  0.0000E+00
  0.0000E+00
  0.0000E+00
  0.0000E+00
  0.0000E+00
  0.0000E+00
  0.0000E+00
  0.0000E+00
  0.0000E+00
  0.0000E+00
  0.0000E+00
  0.0000E+00
  0.0000E+00
  0.0000E+00
  0.0000E+00
  0.0000E+00
  0.0000E+00
  0.0000E+00
  0.0000E+00
  0.0000E+00
  0.0000E+00
  0.0000E+00
  0.0000E+00
  0.0000E+00
  0.0000E+00
  0.0000E+00
  0.0000E+00
  0.0000E+00
  0.0000E+00
  0.0000E+00
  0.0000E+00
  0.0000E+00
  0.0000E+00
  0.0000E+00
  0.0000E+00
  0.0000E+00
  0.0000E+00
  0.0000E+00
  0.0000E+00
  0.0000E+00
  0.0000E+00
  0.0000E+00
  0.0000E+00
  0.0000E+00
  0.0000E+00
  0.0000E+00
  0.0000E+00
  0.0000E+00
  0.0000E+00
  0.0000E+00
  0.0000E+00
  0.0000E+00
  0.0000E+00
  0.0000E+00
  0.0000E+00
  0.0000E+00
  0.0000E+00
  0.0000E+00
  0.0000E+00
  0.0000E+00
  0.0000E+00
  0.0000E+00
  0.0000E+00
  0.0000E+00
  0.0000E+00
  0.0000E+00
  0.0000E+00
  0.0000E+00
  0.0000E+00
  0.0000E+00
  0.0000E+00
  0.0000E+00
  0.0000E+00
  0.0000E+00
  0.0000E+00
  0.0000E+00
  0.0000E+00
  0.0000E+00
  0.0000E+00
  0.0000E+00
  0.0000E+00
  0.0000E+00
  0.0000E+00
  0.0000E+00
  0.0000E+00
  0.0000E+00
  0.0000E+00
  0.0000E+00
  0.0000E+00
  0.0000E+00
  0.0000E+00
  0.0000E+00
  0.0000E+00
  0.0000E+00
  0.0000E+00
  0.0000E+00
  0.0000E+00
  0.0000E+00
  0.0000E+00
  0.0000E+00
  0.0000E+00
  0.0000E+00
  0.0000E+00
  0.0000E+00
  0.0000E+00
  0.0000E+00
  0.0000E+00
  0.0000E+00
  0.0000E+00
  0.0000E+00
  0.0000E+00
  0.0000E+00
  0.0000E+00
  0.0000E+00
  0.0000E+00
  0.0000E+00
  0.0000E+00
  0.0000E+00
  0.0000E+00
  0.0000E+00
   3.0000E+02
 -3.2037E+02
 -2.8378E+02
 -3.2037E+02
 -2.8378E+02
 -2.4846E+02
 -2.8378E+02
 -3.2037E+02
 -2.8378E+02
 -3.2037E+02
 -2.3270E+02
 -2.2488E+02
 -2.3270E+02
 -2.2488E+02
 -2.1180E+02
 -2.2488E+02
 -2.3270E+02
 -2.2488E+02
 -2.3270E+02
 -2.1946E+02
 -2.3641E+02
 -2.1946E+02
 -2.3641E+02
 -2.5267E+02
 -2.3641E+02
 -2.1946E+02
 -2.3641E+02
 -2.1946E+02
 -1.6338E+02
 -1.7920E+02
 -1.6338E+02
 -1.7920E+02
 -2.0826E+02
 -1.7920E+02
 -1.6338E+02
 -1.7920E+02
 -1.6338E+02
 -1.5133E+02
 -1.4623E+02
 -1.5133E+02
 -1.4623E+02
 -1.3603E+02
 -1.4623E+02
 -1.5133E+02
 -1.4623E+02
 -1.5133E+02
 -1.5947E+02
 -1.4237E+02
 -1.5947E+02
 -1.4237E+02
 -1.1489E+02
 -1.4237E+02
 -1.5947E+02
 -1.4237E+02
 -1.5947E+02
 -1.2073E+02
 -1.2757E+02
 -1.2073E+02
 -1.2757E+02
 -1.4326E+02
 -1.2757E+02
 -1.2073E+02
 -1.2757E+02
 -1.2073E+02
 -1.3956E+02
 -1.6767E+02
 -1.3956E+02
 -1.6767E+02
 -1.9149E+02
 -1.6767E+02
 -1.3956E+02
 -1.6767E+02
 -1.3956E+02
 -1.3203E+02
 -1.2643E+02
 -1.3203E+02
 -1.2643E+02
 -1.3274E+02
 -1.2643E+02
 -1.3203E+02
 -1.2643E+02
 -1.3203E+02
 -5.8693E+01
 -3.1111E+01
 -5.8693E+01
 -3.1111E+01
 -9.9895E+00
 -3.1111E+01
 -5.8693E+01
 -3.1111E+01
 -5.8693E+01
 -1.8208E+01
 -3.4604E+01
 -1.8208E+01
 -3.4604E+01
 -2.6269E+01
 -3.4604E+01
 -1.8208E+01
 -3.4604E+01
 -1.8208E+01
 -2.1543E+01
 -8.3086E+00
 -2.1543E+01
 -8.3086E+00
 -1.0218E+01
 -8.3086E+00
 -2.1543E+01
 -8.3086E+00
 -2.1543E+01
 -6.1839E+01
 -4.3607E+01
 -6.1839E+01
 -4.3607E+01
 -6.6727E+01
 -4.3607E+01
 -6.1839E+01
 -4.3607E+01
 -6.1839E+01
 -4.6172E+01
 -8.7825E+01
 -4.6172E+01
 -8.7825E+01
 -7.8168E+01
 -8.7825E+01
 -4.6172E+01
 -8.7825E+01
 -4.6172E+01
 -1.3631E+02
 -1.3279E+02
 -1.3631E+02
 -1.3279E+02
 -1.2317E+02
 -1.3279E+02
 -1.3631E+02
 -1.3279E+02
 -1.3631E+02
 -2.0972E+02
 -1.7866E+02
 -2.0972E+02
 -1.7866E+02
 -1.8982E+02
 -1.7866E+02
 -2.0972E+02
 -1.7866E+02
 -2.0972E+02
 -2.4650E+02
 -2.5079E+02
 -2.4650E+02
 -2.5079E+02
 -2.4586E+02
 -2.5079E+02
 -2.4650E+02
 -2.5079E+02
 -2.4650E+02
 -3.1258E+02
 -3.0641E+02
 -3.1258E+02
 -3.0641E+02
 -2.8291E+02
 -3.0641E+02
 -3.1258E+02
 -3.0641E+02
 -3.1258E+02
 -3.6440E+02
 -3.4851E+02
 -3.6440E+02
 -3.4851E+02
 -3.4051E+02
 -3.4851E+02
 -3.6440E+02
 -3.4851E+02
 -3.6440E+02
 -3.7108E+02
 -3.7010E+02
 -3.7108E+02
 -3.7010E+02
 -3.7631E+02
 -3.7010E+02
 -3.7108E+02
 -3.7010E+02
 -3.7108E+02
 -3.0287E+02
 -3.0984E+02
 -3.0287E+02
 -3.0984E+02
 -3.1869E+02
 -3.0984E+02
 -3.0287E+02
 -3.0984E+02
 -3.0287E+02
