Scalar STRAINP1 under Dynam for nodeset
189
   0.0000E+00
  0.0000E+00
  0.0000E+00
  0.0000E+00
  0.0000E+00
  0.0000E+00
  0.0000E+00
  0.0000E+00
  0.0000E+00
  0.0000E+00
  0.0000E+00
  0.0000E+00
  0.0000E+00
  0.0000E+00
  0.0000E+00
  0.0000E+00
  0.0000E+00
  0.0000E+00
  0.0000E+00
  0.0000E+00
  0.0000E+00
  0.0000E+00
  0.0000E+00
  0.0000E+00
  0.0000E+00
  0.0000E+00
  0.0000E+00
  0.0000E+00
  0.0000E+00
  0.0000E+00
  0.0000E+00
  0.0000E+00
  0.0000E+00
  0.0000E+00
  0.0000E+00
  0.0000E+00
  0.0000E+00
  0.0000E+00
  0.0000E+00
  0.0000E+00
  0.0000E+00
  0.0000E+00
  0.0000E+00
  0.0000E+00
  0.0000E+00
  0.0000E+00
  0.0000E+00
  0.0000E+00
  0.0000E+00
  0.0000E+00
  0.0000E+00
  0.0000E+00
  0.0000E+00
  0.0000E+00
  0.0000E+00
  0.0000E+00
  0.0000E+00
  0.0000E+00
  0.0000E+00
  0.0000E+00
  0.0000E+00
  0.0000E+00
  0.0000E+00
  0.0000E+00
  0.0000E+00
  0.0000E+00
  0.0000E+00
  0.0000E+00
  0.0000E+00
  0.0000E+00
  0.0000E+00
  0.0000E+00
  0.0000E+00
  0.0000E+00
  0.0000E+00
  0.0000E+00
  0.0000E+00
  0.0000E+00
  0.0000E+00
  0.0000E+00
  0.0000E+00
  0.0000E+00
  0.0000E+00
  0.0000E+00
  0.0000E+00
  0.0000E+00
  0.0000E+00
  0.0000E+00
  0.0000E+00
  0.0000E+00
  0.0000E+00
  0.0000E+00
  0.0000E+00
  0.0000E+00
  0.0000E+00
  0.0000E+00
  0.0000E+00
  0.0000E+00
  0.0000E+00
  0.0000E+00
  0.0000E+00
  0.0000E+00
  0.0000E+00
  0.0000E+00
  0.0000E+00
  0.0000E+00
  0.0000E+00
  0.0000E+00
  0.0000E+00
  0.0000E+00
  0.0000E+00
  0.0000E+00
  0.0000E+00
  0.0000E+00
  0.0000E+00
  0.0000E+00
  0.0000E+00
  0.0000E+00
  0.0000E+00
  0.0000E+00
  0.0000E+00
  0.0000E+00
  0.0000E+00
  0.0000E+00
  0.0000E+00
  0.0000E+00
  0.0000E+00
  0.0000E+00
  0.0000E+00
  0.0000E+00
  0.0000E+00
  0.0000E+00
  0.0000E+00
  0.0000E+00
  0.0000E+00
  0.0000E+00
  0.0000E+00
  0.0000E+00
  0.0000E+00
  0.0000E+00
  0.0000E+00
  0.0000E+00
  0.0000E+00
  0.0000E+00
  0.0000E+00
  0.0000E+00
  0.0000E+00
  0.0000E+00
  0.0000E+00
  0.0000E+00
  0.0000E+00
  0.0000E+00
  0.0000E+00
  0.0000E+00
  0.0000E+00
  0.0000E+00
  0.0000E+00
  0.0000E+00
  0.0000E+00
  0.0000E+00
  0.0000E+00
  0.0000E+00
  0.0000E+00
  0.0000E+00
  0.0000E+00
  0.0000E+00
  0.0000E+00
  0.0000E+00
  0.0000E+00
  0.0000E+00
  0.0000E+00
  0.0000E+00
  0.0000E+00
  0.0000E+00
  0.0000E+00
  0.0000E+00
  0.0000E+00
  0.0000E+00
  0.0000E+00
  0.0000E+00
  0.0000E+00
  0.0000E+00
  0.0000E+00
  0.0000E+00
  0.0000E+00
  0.0000E+00
  0.0000E+00
  0.0000E+00
  0.0000E+00
  0.0000E+00
   3.0000E+02
  5.9020E-03
  2.9925E-03
  5.9020E-03
  2.9925E-03
  7.5570E-29
  2.9925E-03
  5.9020E-03
  2.9925E-03
  5.9020E-03
  3.9657E-02
  3.7419E-02
  3.9657E-02
  3.7419E-02
  3.5303E-02
  3.7419E-02
  3.9657E-02
  3.7419E-02
  3.9657E-02
  3.5825E-02
  3.5672E-02
  3.5825E-02
  3.5672E-02
  3.5487E-02
  3.5672E-02
  3.5825E-02
  3.5672E-02
  3.5825E-02
  3.6534E-02
  3.6634E-02
  3.6534E-02
  3.6634E-02
  3.6534E-02
  3.6634E-02
  3.6534E-02
  3.6634E-02
  3.6534E-02
  2.1144E-02
  2.0145E-02
  2.1144E-02
  2.0145E-02
  1.9193E-02
  2.0145E-02
  2.1144E-02
  2.0145E-02
  2.1144E-02
  1.4040E-02
  8.4035E-03
  1.4040E-02
  8.4035E-03
  2.7894E-03
  8.4035E-03
  1.4040E-02
  8.4035E-03
  1.4040E-02
  2.9041E-02
  2.9091E-02
  2.9041E-02
  2.9091E-02
  2.9041E-02
  2.9091E-02
  2.9041E-02
  2.9091E-02
  2.9041E-02
  3.2979E-02
  3.2690E-02
  3.2979E-02
  3.2690E-02
  3.2451E-02
  3.2690E-02
  3.2979E-02
  3.2690E-02
  3.2979E-02
  1.8389E-02
  1.7877E-02
  1.8389E-02
  1.7877E-02
  1.7420E-02
  1.7877E-02
  1.8389E-02
  1.7877E-02
  1.8389E-02
  7.5126E-03
  7.5248E-03
  7.5126E-03
  7.5248E-03
  7.5126E-03
  7.5248E-03
  7.5126E-03
  7.5248E-03
  7.5126E-03
  1.4815E-02
  1.0529E-03
  1.4815E-02
  1.0529E-03
  1.4914E-02
  1.0529E-03
  1.4815E-02
  1.0529E-03
  1.4815E-02
  1.3372E-03
  7.2022E-03
  1.3372E-03
  7.2022E-03
  1.3372E-03
  7.2022E-03
  1.3372E-03
  7.2022E-03
  1.3372E-03
  6.6605E-03
  7.4553E-03
  6.6605E-03
  7.4553E-03
  6.6605E-03
  7.4553E-03
  6.6605E-03
  7.4553E-03
  6.6605E-03
  2.6174E-02
  1.5749E-02
  2.6174E-02
  1.5749E-02
  5.6499E-03
  1.5749E-02
  2.6174E-02
  1.5749E-02
  2.6174E-02
  1.8139E-02
  1.6807E-02
  1.8139E-02
  1.6807E-02
  1.6736E-02
  1.6807E-02
  1.8139E-02
  1.6807E-02
  1.8139E-02
  3.1894E-02
  3.2072E-02
  3.1894E-02
  3.2072E-02
  3.1894E-02
  3.2072E-02
  3.1894E-02
  3.2072E-02
  3.1894E-02
  3.9474E-02
  3.8175E-02
  3.9474E-02
  3.8175E-02
  3.6879E-02
  3.8175E-02
  3.9474E-02
  3.8175E-02
  3.9474E-02
  4.1091E-02
  4.1098E-02
  4.1091E-02
  4.1098E-02
  4.1091E-02
  4.1098E-02
  4.1091E-02
  4.1098E-02
  4.1091E-02
  5.4040E-02
  5.3015E-02
  5.4040E-02
  5.3015E-02
  5.2001E-02
  5.3015E-02
  5.4040E-02
  5.3015E-02
  5.4040E-02
  6.2873E-02
  6.0827E-02
  6.2873E-02
  6.0827E-02
  5.8806E-02
  6.0827E-02
  6.2873E-02
  6.0827E-02
  6.2873E-02
  8.0655E-02
  7.6244E-02
  8.0655E-02
  7.6244E-02
  7.1834E-02
  7.6244E-02
  8.0655E-02
  7.6244E-02
  8.0655E-02
