Scalar STRAINXZ under Dynam for nodeset
189
   0.0000E+00
  0.0000E+00
  0.0000E+00
  0.0000E+00
  0.0000E+00
  0.0000E+00
  0.0000E+00
  0.0000E+00
  0.0000E+00
  0.0000E+00
  0.0000E+00
  0.0000E+00
  0.0000E+00
  0.0000E+00
  0.0000E+00
  0.0000E+00
  0.0000E+00
  0.0000E+00
  0.0000E+00
  0.0000E+00
  0.0000E+00
  0.0000E+00
  0.0000E+00
  0.0000E+00
  0.0000E+00
  0.0000E+00
  0.0000E+00
  0.0000E+00
  0.0000E+00
  0.0000E+00
  0.0000E+00
  0.0000E+00
  0.0000E+00
  0.0000E+00
  0.0000E+00
  0.0000E+00
  0.0000E+00
  0.0000E+00
  0.0000E+00
  0.0000E+00
  0.0000E+00
  0.0000E+00
  0.0000E+00
  0.0000E+00
  0.0000E+00
  0.0000E+00
  0.0000E+00
  0.0000E+00
  0.0000E+00
  0.0000E+00
  0.0000E+00
  0.0000E+00
  0.0000E+00
  0.0000E+00
  0.0000E+00
  0.0000E+00
  0.0000E+00
  0.0000E+00
  0.0000E+00
  0.0000E+00
  0.0000E+00
  0.0000E+00
  0.0000E+00
  0.0000E+00
  0.0000E+00
  0.0000E+00
  0.0000E+00
  0.0000E+00
  0.0000E+00
  0.0000E+00
  0.0000E+00
  0.0000E+00
  0.0000E+00
  0.0000E+00
  0.0000E+00
  0.0000E+00
  0.0000E+00
  0.0000E+00
  0.0000E+00
  0.0000E+00
  0.0000E+00
  0.0000E+00
  0.0000E+00
  0.0000E+00
  0.0000E+00
  0.0000E+00
  0.0000E+00
  0.0000E+00
  0.0000E+00
  0.0000E+00
  0.0000E+00
  0.0000E+00
  0.0000E+00
  0.0000E+00
  0.0000E+00
  0.0000E+00
  0.0000E+00
  0.0000E+00
  0.0000E+00
  0.0000E+00
  0.0000E+00
  0.0000E+00
  0.0000E+00
  0.0000E+00
  0.0000E+00
  0.0000E+00
  0.0000E+00
  0.0000E+00
  0.0000E+00
  0.0000E+00
  0.0000E+00
  0.0000E+00
  0.0000E+00
  0.0000E+00
  0.0000E+00
  0.0000E+00
  0.0000E+00
  0.0000E+00
  0.0000E+00
  0.0000E+00
  0.0000E+00
  0.0000E+00
  0.0000E+00
  0.0000E+00
  0.0000E+00
  0.0000E+00
  0.0000E+00
  0.0000E+00
  0.0000E+00
  0.0000E+00
  0.0000E+00
  0.0000E+00
  0.0000E+00
  0.0000E+00
  0.0000E+00
  0.0000E+00
  0.0000E+00
  0.0000E+00
  0.0000E+00
  0.0000E+00
  0.0000E+00
  0.0000E+00
  0.0000E+00
  0.0000E+00
  0.0000E+00
  0.0000E+00
  0.0000E+00
  0.0000E+00
  0.0000E+00
  0.0000E+00
  0.0000E+00
  0.0000E+00
  0.0000E+00
  0.0000E+00
  0.0000E+00
  0.0000E+00
  0.0000E+00
  0.0000E+00
  0.0000E+00
  0.0000E+00
  0.0000E+00
  0.0000E+00
  0.0000E+00
  0.0000E+00
  0.0000E+00
  0.0000E+00
  0.0000E+00
  0.0000E+00
  0.0000E+00
  0.0000E+00
  0.0000E+00
  0.0000E+00
  0.0000E+00
  0.0000E+00
  0.0000E+00
  0.0000E+00
  0.0000E+00
  0.0000E+00
  0.0000E+00
  0.0000E+00
  0.0000E+00
  0.0000E+00
  0.0000E+00
  0.0000E+00
  0.0000E+00
  0.0000E+00
  0.0000E+00
  0.0000E+00
  0.0000E+00
  0.0000E+00
   3.0000E+02
 -3.7419E-02
 -3.5303E-02
 -3.7419E-02
  2.2586E-15
  4.1281E-15
 -8.3372E-16
  3.7419E-02
  3.5303E-02
  3.7419E-02
 -6.1394E-03
 -6.6529E-03
 -6.1394E-03
  5.2944E-15
  2.5813E-15
 -3.3376E-15
  6.1394E-03
  6.6529E-03
  6.1394E-03
  1.0413E-02
  1.0598E-02
  1.0413E-02
  1.6376E-15
 -4.1911E-15
 -6.1617E-15
 -1.0413E-02
 -1.0598E-02
 -1.0413E-02
  6.7448E-03
  7.2202E-03
  6.7448E-03
  1.5821E-15
 -2.8866E-15
 -2.1649E-15
 -6.7448E-03
 -7.2202E-03
 -6.7448E-03
  2.9838E-03
  2.5453E-03
  2.9838E-03
  2.7200E-15
  3.4417E-15
 -8.8818E-16
 -2.9838E-03
 -2.5453E-03
 -2.9838E-03
  1.8689E-03
  2.3340E-03
  1.8689E-03
  1.6098E-15
  1.6653E-15
  2.9976E-15
 -1.8689E-03
 -2.3340E-03
 -1.8689E-03
 -3.4679E-03
 -4.4538E-03
 -3.4679E-03
  4.4409E-16
  1.0547E-15
 -1.6653E-16
  3.4679E-03
  4.4538E-03
  3.4679E-03
 -3.3326E-03
 -3.0935E-03
 -3.3326E-03
  3.2752E-15
 -1.1657E-15
  3.4972E-15
  3.3326E-03
  3.0935E-03
  3.3326E-03
  3.0055E-03
  5.7688E-03
  3.0055E-03
  3.4417E-15
  4.3854E-15
  2.1094E-15
 -3.0055E-03
 -5.7688E-03
 -3.0055E-03
  6.7637E-03
  1.0721E-03
  6.7637E-03
 -7.2164E-16
  2.2760E-15
 -5.5511E-16
 -6.7637E-03
 -1.0721E-03
 -6.7637E-03
  7.4093E-03
  8.3509E-03
  7.4093E-03
  5.3846E-15
  1.1102E-15
  2.6645E-15
 -7.4093E-03
 -8.3509E-03
 -7.4093E-03
  1.9409E-03
  1.2000E-02
  1.9409E-03
  1.6653E-15
  8.8818E-16
 -7.2164E-16
 -1.9409E-03
 -1.2000E-02
 -1.9409E-03
  5.9509E-04
 -8.7186E-03
  5.9509E-04
  2.5535E-15
 -2.9421E-15
 -2.4425E-15
 -5.9509E-04
  8.7186E-03
 -5.9509E-04
 -6.0555E-03
 -1.1006E-02
 -6.0555E-03
 -3.4972E-15
  5.5511E-15
 -3.6082E-15
  6.0555E-03
  1.1006E-02
  6.0555E-03
 -1.7165E-02
 -4.7671E-03
 -1.7165E-02
 -5.2736E-15
  3.5527E-15
 -6.7168E-15
  1.7165E-02
  4.7671E-03
  1.7165E-02
 -6.2147E-03
 -9.3318E-03
 -6.2147E-03
 -2.4980E-15
  1.9429E-15
  6.1062E-16
  6.2147E-03
  9.3318E-03
  6.2147E-03
  1.1321E-03
 -8.1202E-03
  1.1321E-03
 -2.6368E-15
  2.2204E-15
 -3.3584E-15
 -1.1321E-03
  8.1202E-03
 -1.1321E-03
 -4.6944E-03
 -2.2526E-03
 -4.6944E-03
 -3.7748E-15
  1.9984E-15
 -5.2180E-15
  4.6944E-03
  2.2526E-03
  4.6944E-03
  2.1470E-03
  4.5437E-03
  2.1470E-03
  2.2204E-16
 -1.3323E-15
  3.3307E-16
 -2.1470E-03
 -4.5437E-03
 -2.1470E-03
  3.5099E-03
  2.0354E-03
  3.5099E-03
 -3.7748E-15
 -2.2204E-16
 -1.7764E-15
 -3.5099E-03
 -2.0354E-03
 -3.5099E-03
 -9.2579E-04
 -2.3968E-03
 -9.2579E-04
  5.1070E-15
 -1.9984E-15
 -4.4409E-16
  9.2579E-04
  2.3968E-03
  9.2579E-04
