Scalar STRESSP1 under Dynam for nodeset
189
   0.0000E+00
  0.0000E+00
  0.0000E+00
  0.0000E+00
  0.0000E+00
  0.0000E+00
  0.0000E+00
  0.0000E+00
  0.0000E+00
  0.0000E+00
  0.0000E+00
  0.0000E+00
  0.0000E+00
  0.0000E+00
  0.0000E+00
  0.0000E+00
  0.0000E+00
  0.0000E+00
  0.0000E+00
  0.0000E+00
  0.0000E+00
  0.0000E+00
  0.0000E+00
  0.0000E+00
  0.0000E+00
  0.0000E+00
  0.0000E+00
  0.0000E+00
  0.0000E+00
  0.0000E+00
  0.0000E+00
  0.0000E+00
  0.0000E+00
  0.0000E+00
  0.0000E+00
  0.0000E+00
  0.0000E+00
  0.0000E+00
  0.0000E+00
  0.0000E+00
  0.0000E+00
  0.0000E+00
  0.0000E+00
  0.0000E+00
  0.0000E+00
  0.0000E+00
  0.0000E+00
  0.0000E+00
  0.0000E+00
  0.0000E+00
  0.0000E+00
  0.0000E+00
  0.0000E+00
  0.0000E+00
  0.0000E+00
  0.0000E+00
  0.0000E+00
  0.0000E+00
  0.0000E+00
  0.0000E+00
  0.0000E+00
  0.0000E+00
  0.0000E+00
  0.0000E+00
  0.0000E+00
  0.0000E+00
  0.0000E+00
  0.0000E+00
  0.0000E+00
  0.0000E+00
  0.0000E+00
  0.0000E+00
  0.0000E+00
  0.0000E+00
  0.0000E+00
  0.0000E+00
  0.0000E+00
  0.0000E+00
  0.0000E+00
  0.0000E+00
  0.0000E+00
  0.0000E+00
  0.0000E+00
  0.0000E+00
  0.0000E+00
  0.0000E+00
  0.0000E+00
  0.0000E+00
  0.0000E+00
  0.0000E+00
  0.0000E+00
  0.0000E+00
  0.0000E+00
  0.0000E+00
  0.0000E+00
  0.0000E+00
  0.0000E+00
  0.0000E+00
  0.0000E+00
  0.0000E+00
  0.0000E+00
  0.0000E+00
  0.0000E+00
  0.0000E+00
  0.0000E+00
  0.0000E+00
  0.0000E+00
  0.0000E+00
  0.0000E+00
  0.0000E+00
  0.0000E+00
  0.0000E+00
  0.0000E+00
  0.0000E+00
  0.0000E+00
  0.0000E+00
  0.0000E+00
  0.0000E+00
  0.0000E+00
  0.0000E+00
  0.0000E+00
  0.0000E+00
  0.0000E+00
  0.0000E+00
  0.0000E+00
  0.0000E+00
  0.0000E+00
  0.0000E+00
  0.0000E+00
  0.0000E+00
  0.0000E+00
  0.0000E+00
  0.0000E+00
  0.0000E+00
  0.0000E+00
  0.0000E+00
  0.0000E+00
  0.0000E+00
  0.0000E+00
  0.0000E+00
  0.0000E+00
  0.0000E+00
  0.0000E+00
  0.0000E+00
  0.0000E+00
  0.0000E+00
  0.0000E+00
  0.0000E+00
  0.0000E+00
  0.0000E+00
  0.0000E+00
  0.0000E+00
  0.0000E+00
  0.0000E+00
  0.0000E+00
  0.0000E+00
  0.0000E+00
  0.0000E+00
  0.0000E+00
  0.0000E+00
  0.0000E+00
  0.0000E+00
  0.0000E+00
  0.0000E+00
  0.0000E+00
  0.0000E+00
  0.0000E+00
  0.0000E+00
  0.0000E+00
  0.0000E+00
  0.0000E+00
  0.0000E+00
  0.0000E+00
  0.0000E+00
  0.0000E+00
  0.0000E+00
  0.0000E+00
  0.0000E+00
  0.0000E+00
  0.0000E+00
  0.0000E+00
  0.0000E+00
  0.0000E+00
  0.0000E+00
  0.0000E+00
  0.0000E+00
  0.0000E+00
  0.0000E+00
  0.0000E+00
  0.0000E+00
   3.0000E+02
 -1.2401E+02
 -1.1488E+02
 -1.2401E+02
 -1.1488E+02
 -1.0648E+02
 -1.1488E+02
 -1.2400E+02
 -1.1488E+02
 -1.2401E+02
  1.3469E+01
  1.1830E+01
  1.3476E+01
  1.1825E+01
  1.2618E+01
  1.1830E+01
  1.3464E+01
  1.1825E+01
  1.3469E+01
  1.0633E+01
  3.0154E+00
  1.0639E+01
  3.0153E+00
 -4.3615E+00
  3.0154E+00
  1.0634E+01
  3.0153E+00
  1.0633E+01
  3.0221E+01
  2.6972E+01
  3.0218E+01
  2.6973E+01
  1.7742E+01
  2.6972E+01
  3.0220E+01
  2.6973E+01
  3.0221E+01
 -4.2512E+00
 -4.3060E+00
 -4.2451E+00
 -4.3060E+00
 -2.0921E+00
 -4.3060E+00
 -4.2551E+00
 -4.3060E+00
 -4.2512E+00
 -3.4834E+01
 -4.0181E+01
 -3.4827E+01
 -4.0190E+01
 -4.1069E+01
 -4.0181E+01
 -3.4839E+01
 -4.0190E+01
 -3.4834E+01
  2.5900E+01
  2.6763E+01
  2.5907E+01
  2.6762E+01
  2.3652E+01
  2.6763E+01
  2.5894E+01
  2.6762E+01
  2.5900E+01
  3.6415E+01
  2.3728E+01
  3.6402E+01
  2.3730E+01
  1.2973E+01
  2.3728E+01
  3.6421E+01
  2.3730E+01
  3.6415E+01
 -3.3823E+00
 -2.0702E+00
 -3.3854E+00
 -2.0640E+00
 -5.8703E+00
 -2.0702E+00
 -3.3818E+00
 -2.0640E+00
 -3.3823E+00
 -7.7751E+00
  6.0712E+00
 -7.7726E+00
  6.0702E+00
  1.7721E+01
  6.0712E+00
 -7.7715E+00
  6.0702E+00
 -7.7751E+00
  2.2718E+01
 -1.2798E+01
  2.2706E+01
 -1.2795E+01
  1.4812E+01
 -1.2798E+01
  2.2726E+01
 -1.2795E+01
  2.2718E+01
 -7.2769E+00
  1.0616E+01
 -7.2749E+00
  1.0621E+01
 -4.6195E-01
  1.0616E+01
 -7.2738E+00
  1.0621E+01
 -7.2769E+00
 -2.1480E+01
 -4.6480E+00
 -2.1480E+01
 -4.6517E+00
 -9.0912E+00
 -4.6480E+00
 -2.1482E+01
 -4.6517E+00
 -2.1480E+01
  4.2992E+01
  2.0942E+00
  4.2999E+01
  2.0928E+00
 -1.6954E+01
  2.0942E+00
  4.2995E+01
  2.0928E+00
  4.2992E+01
 -6.2458E+00
 -7.8785E+00
 -6.2495E+00
 -7.8790E+00
 -3.7738E+00
 -7.8785E+00
 -6.2445E+00
 -7.8790E+00
 -6.2458E+00
 -2.0229E+00
  1.4409E+01
 -2.0245E+00
  1.4410E+01
  1.2054E+01
  1.4409E+01
 -2.0192E+00
  1.4410E+01
 -2.0229E+00
  8.2074E+00
  3.5132E+00
  8.2114E+00
  3.5094E+00
  2.6367E+00
  3.5132E+00
  8.2052E+00
  3.5094E+00
  8.2074E+00
 -1.3750E+01
 -1.1047E+01
 -1.3751E+01
 -1.1046E+01
 -9.0806E-01
 -1.1047E+01
 -1.3749E+01
 -1.1046E+01
 -1.3750E+01
  7.0746E-01
  5.2207E+00
  7.0359E-01
  5.2305E+00
  6.3566E+00
  5.2207E+00
  7.1542E-01
  5.2305E+00
  7.0746E-01
  2.2347E+01
  1.8155E+01
  2.2348E+01
  1.8158E+01
  1.0942E+01
  1.8155E+01
  2.2344E+01
  1.8158E+01
  2.2347E+01
  1.0044E+02
  8.7519E+01
  1.0044E+02
  8.7527E+01
  7.3795E+01
  8.7519E+01
  1.0045E+02
  8.7527E+01
  1.0044E+02
