Scalar DY under Dynam for nodeset
189
   0.0000E+00
  0.0000E+00
  0.0000E+00
  0.0000E+00
  0.0000E+00
  0.0000E+00
  0.0000E+00
  0.0000E+00
  0.0000E+00
  0.0000E+00
  0.0000E+00
  0.0000E+00
  0.0000E+00
  0.0000E+00
  0.0000E+00
  0.0000E+00
  0.0000E+00
  0.0000E+00
  0.0000E+00
  0.0000E+00
  0.0000E+00
  0.0000E+00
  0.0000E+00
  0.0000E+00
  0.0000E+00
  0.0000E+00
  0.0000E+00
  0.0000E+00
  0.0000E+00
  0.0000E+00
  0.0000E+00
  0.0000E+00
  0.0000E+00
  0.0000E+00
  0.0000E+00
  0.0000E+00
  0.0000E+00
  0.0000E+00
  0.0000E+00
  0.0000E+00
  0.0000E+00
  0.0000E+00
  0.0000E+00
  0.0000E+00
  0.0000E+00
  0.0000E+00
  0.0000E+00
  0.0000E+00
  0.0000E+00
  0.0000E+00
  0.0000E+00
  0.0000E+00
  0.0000E+00
  0.0000E+00
  0.0000E+00
  0.0000E+00
  0.0000E+00
  0.0000E+00
  0.0000E+00
  0.0000E+00
  0.0000E+00
  0.0000E+00
  0.0000E+00
  0.0000E+00
  0.0000E+00
  0.0000E+00
  0.0000E+00
  0.0000E+00
  0.0000E+00
  0.0000E+00
  0.0000E+00
  0.0000E+00
  0.0000E+00
  0.0000E+00
  0.0000E+00
  0.0000E+00
  0.0000E+00
  0.0000E+00
  0.0000E+00
  0.0000E+00
  0.0000E+00
  0.0000E+00
  0.0000E+00
  0.0000E+00
  0.0000E+00
  0.0000E+00
  0.0000E+00
  0.0000E+00
  0.0000E+00
  0.0000E+00
  0.0000E+00
  0.0000E+00
  0.0000E+00
  0.0000E+00
  0.0000E+00
  0.0000E+00
  0.0000E+00
  0.0000E+00
  0.0000E+00
  0.0000E+00
  0.0000E+00
  0.0000E+00
  0.0000E+00
  0.0000E+00
  0.0000E+00
  0.0000E+00
  0.0000E+00
  0.0000E+00
  0.0000E+00
  0.0000E+00
  0.0000E+00
  0.0000E+00
  0.0000E+00
  0.0000E+00
  0.0000E+00
  0.0000E+00
  0.0000E+00
  0.0000E+00
  0.0000E+00
  0.0000E+00
  0.0000E+00
  0.0000E+00
  0.0000E+00
  0.0000E+00
  0.0000E+00
  0.0000E+00
  0.0000E+00
  0.0000E+00
  0.0000E+00
  0.0000E+00
  0.0000E+00
  0.0000E+00
  0.0000E+00
  0.0000E+00
  0.0000E+00
  0.0000E+00
  0.0000E+00
  0.0000E+00
  0.0000E+00
  0.0000E+00
  0.0000E+00
  0.0000E+00
  0.0000E+00
  0.0000E+00
  0.0000E+00
  0.0000E+00
  0.0000E+00
  0.0000E+00
  0.0000E+00
  0.0000E+00
  0.0000E+00
  0.0000E+00
  0.0000E+00
  0.0000E+00
  0.0000E+00
  0.0000E+00
  0.0000E+00
  0.0000E+00
  0.0000E+00
  0.0000E+00
  0.0000E+00
  0.0000E+00
  0.0000E+00
  0.0000E+00
  0.0000E+00
  0.0000E+00
  0.0000E+00
  0.0000E+00
  0.0000E+00
  0.0000E+00
  0.0000E+00
  0.0000E+00
  0.0000E+00
  0.0000E+00
  0.0000E+00
  0.0000E+00
  0.0000E+00
  0.0000E+00
  0.0000E+00
  0.0000E+00
  0.0000E+00
  0.0000E+00
  0.0000E+00
  0.0000E+00
  0.0000E+00
  0.0000E+00
  0.0000E+00
  0.0000E+00
  0.0000E+00
  0.0000E+00
   3.0000E+02
  0.0000E+00
  0.0000E+00
  0.0000E+00
  0.0000E+00
  0.0000E+00
  0.0000E+00
  0.0000E+00
  0.0000E+00
  0.0000E+00
  1.8710E-02
 -1.6555E-15
 -1.8710E-02
  1.7652E-02
 -2.4494E-15
 -1.7652E-02
  1.8710E-02
 -9.9749E-16
 -1.8710E-02
  1.7735E-02
 -7.9921E-15
 -1.7735E-02
  1.7743E-02
 -6.6677E-15
 -1.7743E-02
  1.7735E-02
 -6.1985E-15
 -1.7735E-02
  1.5718E-02
 -1.6055E-14
 -1.5718E-02
  1.8267E-02
 -1.3938E-14
 -1.8267E-02
  1.5718E-02
 -1.3770E-14
 -1.5718E-02
  1.0072E-02
 -2.8421E-14
 -1.0072E-02
  9.5964E-03
 -2.8140E-14
 -9.5964E-03
  1.0072E-02
 -2.6447E-14
 -1.0072E-02
  4.2017E-03
 -4.4963E-14
 -4.2017E-03
  1.3947E-03
 -4.4745E-14
 -1.3947E-03
  4.2017E-03
 -3.9257E-14
 -4.2017E-03
  1.1761E-02
 -6.3006E-14
 -1.1761E-02
  1.4520E-02
 -5.8949E-14
 -1.4520E-02
  1.1761E-02
 -5.5744E-14
 -1.1761E-02
  1.6345E-02
 -8.1505E-14
 -1.6345E-02
  1.6226E-02
 -7.6536E-14
 -1.6226E-02
  1.6345E-02
 -7.4131E-14
 -1.6345E-02
  8.9385E-03
 -9.7592E-14
 -8.9385E-03
  8.7100E-03
 -9.6325E-14
 -8.7100E-03
  8.9385E-03
 -9.1363E-14
 -8.9385E-03
  1.8141E-03
 -1.1780E-13
 -1.8141E-03
  3.7563E-03
 -1.1429E-13
 -3.7563E-03
  1.8141E-03
 -1.0875E-13
 -1.8141E-03
  5.2646E-04
 -1.3707E-13
 -5.2646E-04
 -5.5688E-03
 -1.2979E-13
  5.5688E-03
  5.2646E-04
 -1.2716E-13
 -5.2646E-04
 -1.5123E-03
 -1.5465E-13
  1.5123E-03
  6.6859E-04
 -1.4769E-13
 -6.6859E-04
 -1.5123E-03
 -1.4501E-13
  1.5123E-03
 -2.0384E-03
 -1.7411E-13
  2.0384E-03
  3.3302E-03
 -1.6943E-13
 -3.3302E-03
 -2.0384E-03
 -1.6515E-13
  2.0384E-03
  7.8744E-03
 -1.9246E-13
 -7.8744E-03
  2.8250E-03
 -1.8768E-13
 -2.8250E-03
  7.8744E-03
 -1.8492E-13
 -7.8744E-03
  8.2620E-03
 -2.1378E-13
 -8.2620E-03
  8.3678E-03
 -2.1196E-13
 -8.3678E-03
  8.2620E-03
 -2.0653E-13
 -8.2620E-03
  1.3855E-02
 -2.3669E-13
 -1.3855E-02
  1.5947E-02
 -2.3311E-13
 -1.5947E-02
  1.3855E-02
 -2.2905E-13
 -1.3855E-02
  1.9087E-02
 -2.5605E-13
 -1.9087E-02
  1.8440E-02
 -2.5288E-13
 -1.8440E-02
  1.9087E-02
 -2.4499E-13
 -1.9087E-02
  2.0485E-02
 -2.7158E-13
 -2.0485E-02
  2.0545E-02
 -2.7183E-13
 -2.0545E-02
  2.0485E-02
 -2.6620E-13
 -2.0485E-02
  2.6508E-02
 -2.8925E-13
 -2.6508E-02
  2.6000E-02
 -2.8569E-13
 -2.6000E-02
  2.6508E-02
 -2.8516E-13
 -2.6508E-02
  3.0414E-02
 -3.0820E-13
 -3.0414E-02
  2.9403E-02
 -3.0632E-13
 -2.9403E-02
  3.0414E-02
 -3.0275E-13
 -3.0414E-02
  3.8122E-02
 -3.2848E-13
 -3.8122E-02
  3.5917E-02
 -3.2510E-13
 -3.5917E-02
  3.8122E-02
 -3.2089E-13
 -3.8122E-02
