Scalar STRAINXY under Dynam for nodeset
189
   0.0000E+00
  0.0000E+00
  0.0000E+00
  0.0000E+00
  0.0000E+00
  0.0000E+00
  0.0000E+00
  0.0000E+00
  0.0000E+00
  0.0000E+00
  0.0000E+00
  0.0000E+00
  0.0000E+00
  0.0000E+00
  0.0000E+00
  0.0000E+00
  0.0000E+00
  0.0000E+00
  0.0000E+00
  0.0000E+00
  0.0000E+00
  0.0000E+00
  0.0000E+00
  0.0000E+00
  0.0000E+00
  0.0000E+00
  0.0000E+00
  0.0000E+00
  0.0000E+00
  0.0000E+00
  0.0000E+00
  0.0000E+00
  0.0000E+00
  0.0000E+00
  0.0000E+00
  0.0000E+00
  0.0000E+00
  0.0000E+00
  0.0000E+00
  0.0000E+00
  0.0000E+00
  0.0000E+00
  0.0000E+00
  0.0000E+00
  0.0000E+00
  0.0000E+00
  0.0000E+00
  0.0000E+00
  0.0000E+00
  0.0000E+00
  0.0000E+00
  0.0000E+00
  0.0000E+00
  0.0000E+00
  0.0000E+00
  0.0000E+00
  0.0000E+00
  0.0000E+00
  0.0000E+00
  0.0000E+00
  0.0000E+00
  0.0000E+00
  0.0000E+00
  0.0000E+00
  0.0000E+00
  0.0000E+00
  0.0000E+00
  0.0000E+00
  0.0000E+00
  0.0000E+00
  0.0000E+00
  0.0000E+00
  0.0000E+00
  0.0000E+00
  0.0000E+00
  0.0000E+00
  0.0000E+00
  0.0000E+00
  0.0000E+00
  0.0000E+00
  0.0000E+00
  0.0000E+00
  0.0000E+00
  0.0000E+00
  0.0000E+00
  0.0000E+00
  0.0000E+00
  0.0000E+00
  0.0000E+00
  0.0000E+00
  0.0000E+00
  0.0000E+00
  0.0000E+00
  0.0000E+00
  0.0000E+00
  0.0000E+00
  0.0000E+00
  0.0000E+00
  0.0000E+00
  0.0000E+00
  0.0000E+00
  0.0000E+00
  0.0000E+00
  0.0000E+00
  0.0000E+00
  0.0000E+00
  0.0000E+00
  0.0000E+00
  0.0000E+00
  0.0000E+00
  0.0000E+00
  0.0000E+00
  0.0000E+00
  0.0000E+00
  0.0000E+00
  0.0000E+00
  0.0000E+00
  0.0000E+00
  0.0000E+00
  0.0000E+00
  0.0000E+00
  0.0000E+00
  0.0000E+00
  0.0000E+00
  0.0000E+00
  0.0000E+00
  0.0000E+00
  0.0000E+00
  0.0000E+00
  0.0000E+00
  0.0000E+00
  0.0000E+00
  0.0000E+00
  0.0000E+00
  0.0000E+00
  0.0000E+00
  0.0000E+00
  0.0000E+00
  0.0000E+00
  0.0000E+00
  0.0000E+00
  0.0000E+00
  0.0000E+00
  0.0000E+00
  0.0000E+00
  0.0000E+00
  0.0000E+00
  0.0000E+00
  0.0000E+00
  0.0000E+00
  0.0000E+00
  0.0000E+00
  0.0000E+00
  0.0000E+00
  0.0000E+00
  0.0000E+00
  0.0000E+00
  0.0000E+00
  0.0000E+00
  0.0000E+00
  0.0000E+00
  0.0000E+00
  0.0000E+00
  0.0000E+00
  0.0000E+00
  0.0000E+00
  0.0000E+00
  0.0000E+00
  0.0000E+00
  0.0000E+00
  0.0000E+00
  0.0000E+00
  0.0000E+00
  0.0000E+00
  0.0000E+00
  0.0000E+00
  0.0000E+00
  0.0000E+00
  0.0000E+00
  0.0000E+00
  0.0000E+00
  0.0000E+00
  0.0000E+00
  0.0000E+00
  0.0000E+00
  0.0000E+00
  0.0000E+00
  0.0000E+00
  0.0000E+00
  0.0000E+00
   3.0000E+02
  0.0000E+00
  0.0000E+00
  0.0000E+00
  0.0000E+00
  0.0000E+00
  0.0000E+00
  0.0000E+00
  0.0000E+00
  0.0000E+00
 -4.2323E-03
  1.0652E-06
  4.2368E-03
 -1.8881E-07
  3.0129E-07
  1.0652E-06
  4.2300E-03
 -1.8881E-07
 -4.2323E-03
  3.6609E-05
  3.1439E-06
 -3.1892E-05
  6.5294E-07
  1.8708E-06
  3.1439E-06
 -3.3622E-05
  6.5294E-07
  3.6609E-05
  1.0197E-02
  1.9890E-06
 -1.0195E-02
 -8.7264E-07
  8.7145E-07
  1.9890E-06
 -1.0197E-02
 -8.7264E-07
  1.0197E-02
 -1.9028E-03
  2.3676E-06
  1.9090E-03
 -1.9701E-06
 -3.7862E-07
  2.3676E-06
  1.8997E-03
 -1.9701E-06
 -1.9028E-03
 -1.1227E-02
  1.3977E-06
  1.1230E-02
 -1.0649E-07
  3.4497E-07
  1.3977E-06
  1.1229E-02
 -1.0649E-07
 -1.1227E-02
  1.1036E-02
 -3.1350E-06
 -1.1043E-02
  3.5066E-06
  6.3489E-07
 -3.1350E-06
 -1.1031E-02
  3.5066E-06
  1.1036E-02
 -4.8001E-04
 -4.8934E-06
  4.7072E-04
  1.1190E-06
 -1.5028E-06
 -4.8934E-06
  4.8022E-04
  1.1190E-06
 -4.8001E-04
 -9.1648E-04
 -4.0343E-06
  9.1190E-04
 -1.4413E-06
 -3.3160E-06
 -4.0343E-06
  9.1242E-04
 -1.4413E-06
 -9.1648E-04
  7.7675E-03
 -5.3488E-07
 -7.7738E-03
 -2.3662E-06
 -1.0519E-06
 -5.3488E-07
 -7.7685E-03
 -2.3662E-06
  7.7675E-03
 -2.4381E-02
 -4.4062E-07
  2.4380E-02
  1.4842E-06
  9.5601E-07
 -4.4062E-07
  2.4382E-02
  1.4842E-06
 -2.4381E-02
  8.7226E-03
 -2.2357E-06
 -8.7234E-03
 -2.8513E-07
 -1.5914E-06
 -2.2357E-06
 -8.7256E-03
 -2.8513E-07
  8.7226E-03
  2.1473E-02
  1.0870E-06
 -2.1473E-02
 -3.0998E-06
 -8.3259E-07
  1.0870E-06
 -2.1478E-02
 -3.0998E-06
  2.1473E-02
 -2.0196E-02
  1.9114E-06
  2.0201E-02
  2.4665E-06
  1.7950E-06
  1.9114E-06
  2.0202E-02
  2.4665E-06
 -2.0196E-02
  4.2362E-04
 -3.7378E-07
 -4.2543E-04
  8.0138E-07
  2.3156E-07
 -3.7378E-07
 -4.2102E-04
  8.0138E-07
  4.2362E-04
  8.3659E-03
  7.4370E-08
 -8.3658E-03
 -1.0731E-06
 -2.8771E-07
  7.4370E-08
 -8.3689E-03
 -1.0731E-06
  8.3659E-03
 -2.5908E-03
  1.5178E-06
  2.5940E-03
 -6.3211E-07
  4.0030E-07
  1.5178E-06
  2.5896E-03
 -6.3211E-07
 -2.5908E-03
  2.4032E-04
 -2.6979E-08
 -2.3983E-04
  1.3653E-07
 -1.1687E-07
 -2.6979E-08
 -2.3992E-04
  1.3653E-07
  2.4032E-04
 -2.0272E-03
  1.7693E-06
  2.0310E-03
  1.7733E-06
  1.9372E-06
  1.7693E-06
  2.0298E-03
  1.7733E-06
 -2.0272E-03
 -4.0432E-03
  2.0275E-06
  4.0465E-03
 -2.5752E-06
 -3.0742E-07
  2.0275E-06
  4.0389E-03
 -2.5752E-06
 -4.0432E-03
 -8.8173E-03
  2.6198E-06
  8.8222E-03
 -4.3409E-07
  6.4573E-07
  2.6198E-06
  8.8186E-03
 -4.3409E-07
 -8.8173E-03
