Vector REACTIONS under Static for NODALGROUP 1: NODENUMBER X0  Y0  Z0  RESULT-1 RESULT-2 ... RESULT-N
9
   0.0000E+00
 166  0.0000E+00  1.0000E+01  0.0000E+00 -2.1365E+01  6.3859E+01 -2.1365E+01
 167  5.0000E-01  1.0000E+01  0.0000E+00  6.8353E-14  1.1270E+02 -4.1449E+01
 168  0.0000E+00  1.0000E+01  5.0000E-01 -4.1449E+01  1.1270E+02 -1.2701E-13
 169  5.0000E-01  1.0000E+01  5.0000E-01  3.3751E-14  1.9546E+02 -1.1635E-13
 170  0.0000E+00  1.0000E+01  1.0000E+00 -2.1365E+01  6.3859E+01  2.1365E+01
 171  5.0000E-01  1.0000E+01  1.0000E+00  3.9524E-14  1.1270E+02  4.1449E+01
 187  1.0000E+00  1.0000E+01  0.0000E+00  2.1365E+01  6.3859E+01 -2.1365E+01
 188  1.0000E+00  1.0000E+01  5.0000E-01  4.1449E+01  1.1270E+02 -6.3949E-14
 189  1.0000E+00  1.0000E+01  1.0000E+00  2.1365E+01  6.3859E+01  2.1365E+01
