Scalar TEMPERATUREVEL under Dynam for nodeset
189
   0.0000E+00
  0.0000E+00
  0.0000E+00
  0.0000E+00
  0.0000E+00
  0.0000E+00
  0.0000E+00
  0.0000E+00
  0.0000E+00
  0.0000E+00
  0.0000E+00
  0.0000E+00
  0.0000E+00
  0.0000E+00
  0.0000E+00
  0.0000E+00
  0.0000E+00
  0.0000E+00
  0.0000E+00
  0.0000E+00
  0.0000E+00
  0.0000E+00
  0.0000E+00
  0.0000E+00
  0.0000E+00
  0.0000E+00
  0.0000E+00
  0.0000E+00
  0.0000E+00
  0.0000E+00
  0.0000E+00
  0.0000E+00
  0.0000E+00
  0.0000E+00
  0.0000E+00
  0.0000E+00
  0.0000E+00
  0.0000E+00
  0.0000E+00
  0.0000E+00
  0.0000E+00
  0.0000E+00
  0.0000E+00
  0.0000E+00
  0.0000E+00
  0.0000E+00
  0.0000E+00
  0.0000E+00
  0.0000E+00
  0.0000E+00
  0.0000E+00
  0.0000E+00
  0.0000E+00
  0.0000E+00
  0.0000E+00
  0.0000E+00
  0.0000E+00
  0.0000E+00
  0.0000E+00
  0.0000E+00
  0.0000E+00
  0.0000E+00
  0.0000E+00
  0.0000E+00
  0.0000E+00
  0.0000E+00
  0.0000E+00
  0.0000E+00
  0.0000E+00
  0.0000E+00
  0.0000E+00
  0.0000E+00
  0.0000E+00
  0.0000E+00
  0.0000E+00
  0.0000E+00
  0.0000E+00
  0.0000E+00
  0.0000E+00
  0.0000E+00
  0.0000E+00
  0.0000E+00
  0.0000E+00
  0.0000E+00
  0.0000E+00
  0.0000E+00
  0.0000E+00
  0.0000E+00
  0.0000E+00
  0.0000E+00
  0.0000E+00
  0.0000E+00
  0.0000E+00
  0.0000E+00
  0.0000E+00
  0.0000E+00
  0.0000E+00
  0.0000E+00
  0.0000E+00
  0.0000E+00
  0.0000E+00
  0.0000E+00
  0.0000E+00
  0.0000E+00
  0.0000E+00
  0.0000E+00
  0.0000E+00
  0.0000E+00
  0.0000E+00
  0.0000E+00
  0.0000E+00
  0.0000E+00
  0.0000E+00
  0.0000E+00
  0.0000E+00
  0.0000E+00
  0.0000E+00
  0.0000E+00
  0.0000E+00
  0.0000E+00
  0.0000E+00
  0.0000E+00
  0.0000E+00
  0.0000E+00
  0.0000E+00
  0.0000E+00
  0.0000E+00
  0.0000E+00
  0.0000E+00
  0.0000E+00
  0.0000E+00
  0.0000E+00
  0.0000E+00
  0.0000E+00
  0.0000E+00
  0.0000E+00
  0.0000E+00
  0.0000E+00
  0.0000E+00
  0.0000E+00
  0.0000E+00
  0.0000E+00
  0.0000E+00
  0.0000E+00
  0.0000E+00
  0.0000E+00
  0.0000E+00
  0.0000E+00
  0.0000E+00
  0.0000E+00
  0.0000E+00
  0.0000E+00
  0.0000E+00
  0.0000E+00
  0.0000E+00
  0.0000E+00
  0.0000E+00
  0.0000E+00
  0.0000E+00
  0.0000E+00
  0.0000E+00
  0.0000E+00
  0.0000E+00
  0.0000E+00
  0.0000E+00
  0.0000E+00
  0.0000E+00
  0.0000E+00
  0.0000E+00
  0.0000E+00
  0.0000E+00
  0.0000E+00
  0.0000E+00
  0.0000E+00
  0.0000E+00
  0.0000E+00
  0.0000E+00
  0.0000E+00
  0.0000E+00
  0.0000E+00
  0.0000E+00
  0.0000E+00
  0.0000E+00
  0.0000E+00
  0.0000E+00
  0.0000E+00
  0.0000E+00
  0.0000E+00
  0.0000E+00
  0.0000E+00
   2.0000E+02
  0.0000E+00
  0.0000E+00
  0.0000E+00
  0.0000E+00
  0.0000E+00
  0.0000E+00
  0.0000E+00
  0.0000E+00
  0.0000E+00
 -5.0388E-26
 -5.0388E-26
 -5.0388E-26
 -5.0388E-26
 -5.0388E-26
 -5.0388E-26
 -5.0388E-26
 -5.0388E-26
 -5.0388E-26
 -5.2795E-24
 -5.2795E-24
 -5.2795E-24
 -5.2795E-24
 -5.2795E-24
 -5.2795E-24
 -5.2795E-24
 -5.2795E-24
 -5.2795E-24
 -4.9708E-22
 -4.9708E-22
 -4.9708E-22
 -4.9708E-22
 -4.9708E-22
 -4.9708E-22
 -4.9708E-22
 -4.9708E-22
 -4.9708E-22
 -4.1789E-20
 -4.1789E-20
 -4.1789E-20
 -4.1789E-20
 -4.1789E-20
 -4.1789E-20
 -4.1789E-20
 -4.1789E-20
 -4.1789E-20
 -3.1142E-18
 -3.1142E-18
 -3.1142E-18
 -3.1142E-18
 -3.1142E-18
 -3.1142E-18
 -3.1142E-18
 -3.1142E-18
 -3.1142E-18
 -2.0404E-16
 -2.0404E-16
 -2.0404E-16
 -2.0404E-16
 -2.0404E-16
 -2.0404E-16
 -2.0404E-16
 -2.0404E-16
 -2.0404E-16
 -1.1644E-14
 -1.1644E-14
 -1.1644E-14
 -1.1644E-14
 -1.1644E-14
 -1.1644E-14
 -1.1644E-14
 -1.1644E-14
 -1.1644E-14
 -5.7253E-13
 -5.7253E-13
 -5.7253E-13
 -5.7253E-13
 -5.7253E-13
 -5.7253E-13
 -5.7253E-13
 -5.7253E-13
 -5.7253E-13
 -2.3948E-11
 -2.3948E-11
 -2.3948E-11
 -2.3948E-11
 -2.3948E-11
 -2.3948E-11
 -2.3948E-11
 -2.3948E-11
 -2.3948E-11
 -8.3940E-10
 -8.3940E-10
 -8.3940E-10
 -8.3940E-10
 -8.3940E-10
 -8.3940E-10
 -8.3940E-10
 -8.3940E-10
 -8.3940E-10
 -2.4211E-08
 -2.4211E-08
 -2.4211E-08
 -2.4211E-08
 -2.4211E-08
 -2.4211E-08
 -2.4211E-08
 -2.4211E-08
 -2.4211E-08
 -5.6186E-07
 -5.6186E-07
 -5.6186E-07
 -5.6186E-07
 -5.6186E-07
 -5.6186E-07
 -5.6186E-07
 -5.6186E-07
 -5.6186E-07
 -1.0197E-05
 -1.0197E-05
 -1.0197E-05
 -1.0197E-05
 -1.0197E-05
 -1.0197E-05
 -1.0197E-05
 -1.0197E-05
 -1.0197E-05
 -1.3940E-04
 -1.3940E-04
 -1.3940E-04
 -1.3940E-04
 -1.3940E-04
 -1.3940E-04
 -1.3940E-04
 -1.3940E-04
 -1.3940E-04
 -1.3638E-03
 -1.3638E-03
 -1.3638E-03
 -1.3638E-03
 -1.3638E-03
 -1.3638E-03
 -1.3638E-03
 -1.3638E-03
 -1.3638E-03
 -8.8565E-03
 -8.8565E-03
 -8.8565E-03
 -8.8565E-03
 -8.8565E-03
 -8.8565E-03
 -8.8565E-03
 -8.8565E-03
 -8.8565E-03
 -3.3838E-02
 -3.3838E-02
 -3.3838E-02
 -3.3838E-02
 -3.3838E-02
 -3.3838E-02
 -3.3838E-02
 -3.3838E-02
 -3.3838E-02
 -6.1243E-02
 -6.1243E-02
 -6.1243E-02
 -6.1243E-02
 -6.1243E-02
 -6.1243E-02
 -6.1243E-02
 -6.1243E-02
 -6.1243E-02
 -3.9002E-02
 -3.9002E-02
 -3.9002E-02
 -3.9002E-02
 -3.9002E-02
 -3.9002E-02
 -3.9002E-02
 -3.9002E-02
 -3.9002E-02
 -4.8895E-02
 -4.8895E-02
 -4.8895E-02
 -4.8895E-02
 -4.8895E-02
 -4.8895E-02
 -4.8895E-02
 -4.8895E-02
 -4.8895E-02
