Vector MODE under Buckling for nodeset
1218
   5.4746E+02
  1.4731E-05 -3.0257E-05 -4.8079E-06
  7.1254E-05 -1.0464E-04 -1.2817E-05
  1.5988E-04 -2.2083E-04 -2.2046E-05
  2.7046E-04 -3.7254E-04 -3.2222E-05
  3.9210E-04 -5.5088E-04 -4.2843E-05
  5.1526E-04 -7.4423E-04 -5.3406E-05
  6.3113E-04 -9.3983E-04 -6.3326E-05
  7.3182E-04 -1.1247E-03 -7.2053E-05
  8.1323E-04 -1.2854E-03 -7.8942E-05
  8.7130E-04 -1.4105E-03 -8.4608E-05
  9.0676E-04 -1.4892E-03 -8.9026E-05
  9.2064E-04 -1.5143E-03 -9.2187E-05
  9.1701E-04 -1.4806E-03 -9.3901E-05
  8.9960E-04 -1.3871E-03 -9.4221E-05
  8.7440E-04 -1.2357E-03 -9.3201E-05
  8.4630E-04 -1.0318E-03 -9.0848E-05
  8.2094E-04 -7.8364E-04 -8.7293E-05
  8.0197E-04 -5.0226E-04 -8.2586E-05
  7.9288E-04 -2.0044E-04 -7.7052E-05
  7.9501E-04  1.0781E-04 -7.0612E-05
  8.0817E-04  4.0839E-04 -6.3542E-05
  8.3075E-04  6.8807E-04 -5.5985E-05
  8.5982E-04  9.3509E-04 -4.8175E-05
  8.9114E-04  1.1395E-03 -4.0462E-05
  9.2003E-04  1.2935E-03 -3.3176E-05
  9.4131E-04  1.3918E-03 -2.6212E-05
  9.4931E-04  1.4323E-03 -1.9842E-05
  9.3964E-04  1.4156E-03 -1.4112E-05
  9.0837E-04  1.3461E-03 -9.1288E-06
  8.5405E-04  1.2305E-03 -4.6630E-06
  7.7549E-04  1.0790E-03 -9.6568E-07
  6.7628E-04  9.0250E-04  1.1234E-06
  5.6030E-04  7.1404E-04  2.0432E-06
  4.3487E-04  5.2649E-04  2.1243E-06
  3.0871E-04  3.5258E-04  1.7666E-06
  1.9124E-04  2.0438E-04  1.2731E-06
  9.3638E-05  9.1494E-05  9.3007E-07
  2.6450E-05  2.1747E-05  4.9176E-07
  0.0000E+00  0.0000E+00  0.0000E+00
  0.0000E+00  0.0000E+00  0.0000E+00
  0.0000E+00  0.0000E+00  0.0000E+00
  0.0000E+00  0.0000E+00  0.0000E+00
  0.0000E+00  0.0000E+00  0.0000E+00
  0.0000E+00  0.0000E+00  0.0000E+00
  0.0000E+00  0.0000E+00  0.0000E+00
  0.0000E+00  0.0000E+00  0.0000E+00
  0.0000E+00  0.0000E+00  0.0000E+00
  0.0000E+00  0.0000E+00  0.0000E+00
  0.0000E+00  0.0000E+00  0.0000E+00
  0.0000E+00  0.0000E+00  0.0000E+00
  0.0000E+00  0.0000E+00  0.0000E+00
  0.0000E+00  0.0000E+00  0.0000E+00
  0.0000E+00  0.0000E+00  0.0000E+00
  0.0000E+00  0.0000E+00  0.0000E+00
  0.0000E+00  0.0000E+00  0.0000E+00
  0.0000E+00  0.0000E+00  0.0000E+00
  0.0000E+00  0.0000E+00  0.0000E+00
  0.0000E+00  0.0000E+00  0.0000E+00
  0.0000E+00  0.0000E+00  0.0000E+00
  0.0000E+00  0.0000E+00  0.0000E+00
  0.0000E+00  0.0000E+00  0.0000E+00
  0.0000E+00  0.0000E+00  0.0000E+00
  0.0000E+00  0.0000E+00  0.0000E+00
  0.0000E+00  0.0000E+00  0.0000E+00
  0.0000E+00  0.0000E+00  0.0000E+00
  0.0000E+00  0.0000E+00  0.0000E+00
  0.0000E+00  0.0000E+00  0.0000E+00
  0.0000E+00  0.0000E+00  0.0000E+00
  0.0000E+00  0.0000E+00  0.0000E+00
  0.0000E+00  0.0000E+00  0.0000E+00
  0.0000E+00  0.0000E+00  0.0000E+00
  0.0000E+00  0.0000E+00  0.0000E+00
  0.0000E+00  0.0000E+00  0.0000E+00
  0.0000E+00  0.0000E+00  0.0000E+00
  0.0000E+00  0.0000E+00  0.0000E+00
  0.0000E+00  0.0000E+00  0.0000E+00
  0.0000E+00  0.0000E+00  0.0000E+00
  0.0000E+00  0.0000E+00  0.0000E+00
  0.0000E+00  0.0000E+00  0.0000E+00
  0.0000E+00  0.0000E+00  0.0000E+00
  0.0000E+00  0.0000E+00  0.0000E+00
  0.0000E+00  0.0000E+00  0.0000E+00
  0.0000E+00  0.0000E+00  0.0000E+00
  0.0000E+00  0.0000E+00  0.0000E+00
  0.0000E+00  0.0000E+00  0.0000E+00
  0.0000E+00  0.0000E+00  0.0000E+00
  3.2283E-05 -1.7969E-05 -1.8163E-06
  1.0554E-04 -8.6851E-05 -5.6331E-06
  2.0898E-04 -2.0065E-04 -1.0543E-05
  3.3138E-04 -3.5070E-04 -1.5860E-05
  4.6097E-04 -5.2666E-04 -2.1442E-05
  5.8785E-04 -7.1581E-04 -2.7187E-05
  7.0324E-04 -9.0471E-04 -3.3002E-05
  7.9965E-04 -1.0801E-03 -3.8687E-05
  8.7380E-04 -1.2285E-03 -4.4290E-05
  9.2271E-04 -1.3387E-03 -4.9032E-05
  9.4800E-04 -1.4009E-03 -5.2500E-05
  9.5243E-04 -1.4082E-03 -5.5321E-05
  9.4038E-04 -1.3571E-03 -5.8280E-05
  9.1566E-04 -1.2475E-03 -6.1596E-05
  8.8398E-04 -1.0824E-03 -6.4856E-05
  8.5142E-04 -8.6768E-04 -6.8155E-05
  8.2253E-04 -6.1227E-04 -7.1782E-05
  8.0121E-04 -3.2681E-04 -7.5503E-05
  7.9021E-04 -2.3422E-05 -7.9099E-05
  7.9071E-04  2.8486E-04 -8.2344E-05
  8.0296E-04  5.8446E-04 -8.5161E-05
  8.2483E-04  8.6186E-04 -8.7442E-05
  8.5333E-04  1.1045E-03 -8.9260E-05
  8.8367E-04  1.3020E-03 -9.0392E-05
  9.1103E-04  1.4462E-03 -9.0775E-05
  9.2944E-04  1.5322E-03 -9.0258E-05
  9.3414E-04  1.5582E-03 -8.8807E-05
  9.1997E-04  1.5261E-03 -8.6413E-05
  8.8404E-04  1.4406E-03 -8.2707E-05
  8.2446E-04  1.3096E-03 -7.7520E-05
  7.4166E-04  1.1435E-03 -7.0440E-05
  6.3941E-04  9.5390E-04 -6.1811E-05
  5.2191E-04  7.5438E-04 -5.2128E-05
  3.9719E-04  5.5782E-04 -4.1861E-05
  2.7407E-04  3.7699E-04 -3.1538E-05
  1.6219E-04  2.2340E-04 -2.1608E-05
  7.2475E-05  1.0585E-04 -1.2587E-05
  1.5142E-05  3.0583E-05 -4.7288E-06
  0.0000E+00  0.0000E+00  0.0000E+00
  0.0000E+00  0.0000E+00  0.0000E+00
  0.0000E+00  0.0000E+00  0.0000E+00
  0.0000E+00  0.0000E+00  0.0000E+00
  9.4259E-04  1.4230E-03 -2.3281E-05
  9.3264E-04  1.3997E-03 -2.7543E-05
  9.2011E-04  1.3626E-03 -3.2138E-05
  9.0652E-04  1.3127E-03 -3.6997E-05
  8.9133E-04  1.2519E-03 -4.2027E-05
  8.7721E-04  1.1813E-03 -4.6922E-05
  8.6156E-04  1.1009E-03 -5.1635E-05
  8.4763E-04  1.0077E-03 -5.6033E-05
  8.3224E-04  9.0197E-04 -6.0225E-05
  8.1927E-04  7.8442E-04 -6.4092E-05
  8.0656E-04  6.5742E-04 -6.7692E-05
  7.9707E-04  5.2227E-04 -7.0892E-05
  7.8914E-04  3.8089E-04 -7.3671E-05
  7.8466E-04  2.3459E-04 -7.5913E-05
  7.8262E-04  8.5331E-05 -7.7647E-05
  7.8374E-04 -6.5462E-05 -7.8839E-05
  7.8781E-04 -2.1590E-04 -7.9512E-05
  7.9467E-04 -3.6473E-04 -7.9678E-05
  8.0472E-04 -5.1036E-04 -7.9332E-05
  8.1704E-04 -6.5231E-04 -7.8548E-05
  8.3221E-04 -7.9071E-04 -7.7201E-05
  8.5153E-04 -9.3370E-04 -7.4971E-05
  8.5900E-04 -9.8135E-04 -7.3077E-05
  8.7010E-04 -1.0531E-03 -7.0767E-05
  8.8549E-04 -1.1300E-03 -6.8120E-05
  9.0040E-04 -1.2033E-03 -6.5553E-05
  9.1574E-04 -1.2673E-03 -6.2978E-05
  9.2905E-04 -1.3191E-03 -6.0380E-05
  8.1005E-04  7.3344E-04 -8.6417E-05
  8.0030E-04  5.9809E-04 -8.4996E-05
  7.9087E-04  4.5836E-04 -8.3671E-05
  7.8563E-04  3.1747E-04 -8.2395E-05
  7.8273E-04  1.8259E-04 -8.1357E-05
  7.8123E-04  5.3518E-05 -8.0631E-05
  7.8428E-04 -8.0549E-05 -7.9992E-05
  7.8790E-04 -2.2330E-04 -7.9597E-05
  7.9540E-04 -3.6869E-04 -7.9374E-05
  7.9098E-04 -3.6798E-04 -8.0130E-05
  7.8514E-04 -2.3013E-04 -7.7437E-05
  7.7998E-04 -9.1251E-05 -7.4812E-05
  7.7872E-04  4.4936E-05 -7.2401E-05
  7.7996E-04  1.7146E-04 -7.0439E-05
  7.8169E-04  2.8911E-04 -6.8975E-05
  7.8862E-04  4.0843E-04 -6.7650E-05
  7.9616E-04  5.3368E-04 -6.6369E-05
  8.0635E-04  6.6038E-04 -6.5196E-05
  8.6720E-04  1.2122E-03 -8.9803E-05
  8.5244E-04  1.1121E-03 -8.8607E-05
  8.3680E-04  1.0031E-03 -8.7369E-05
  8.2411E-04  8.8601E-04 -8.5974E-05
  8.1195E-04  7.6297E-04 -8.4622E-05
  8.0186E-04  6.3525E-04 -8.3336E-05
  7.9450E-04  5.0346E-04 -8.2169E-05
  7.8721E-04  3.6691E-04 -8.1227E-05
  7.8495E-04  2.2541E-04 -8.0394E-05
  7.8266E-04  7.9823E-05 -7.9859E-05
  7.8440E-04 -6.8286E-05 -7.9544E-05
  8.3064E-04 -9.2400E-04 -8.9192E-05
  8.1801E-04 -8.0849E-04 -8.7015E-05
  8.0478E-04 -6.8657E-04 -8.4755E-05
  7.9506E-04 -5.5932E-04 -8.2440E-05
  7.8666E-04 -4.2910E-04 -8.0226E-05
  7.8052E-04 -2.9734E-04 -7.8192E-05
  7.7791E-04 -1.6467E-04 -7.6388E-05
  7.7540E-04 -3.0253E-05 -7.4855E-05
  7.7823E-04  1.0668E-04 -7.3507E-05
  7.8158E-04  2.4536E-04 -7.2397E-05
  7.8805E-04  3.8457E-04 -7.1530E-05
  9.2109E-04  1.4941E-03 -9.0369E-05
  9.1064E-04  1.4434E-03 -8.9688E-05
  8.9759E-04  1.3806E-03 -8.8832E-05
  8.8486E-04  1.3059E-03 -8.7654E-05
  8.7029E-04  1.2205E-03 -8.6347E-05
  8.5649E-04  1.1247E-03 -8.4921E-05
  8.4258E-04  1.0197E-03 -8.3489E-05
  8.2914E-04  9.0603E-04 -8.2104E-05
  8.1763E-04  7.8422E-04 -8.0819E-05
  8.0558E-04  6.5501E-04 -7.9751E-05
  7.9791E-04  5.1909E-04 -7.8802E-05
  7.8977E-04  3.7790E-04 -7.8155E-05
  7.8559E-04  2.3249E-04 -7.7733E-05
  8.9938E-04 -1.1819E-03 -6.3697E-05
  9.2648E-04  1.3540E-03 -3.0071E-05
  8.2329E-04  8.7344E-04 -8.6925E-05
  8.0495E-04 -5.1420E-04 -7.8707E-05
  7.9675E-04 -5.3073E-04 -8.2601E-05
  8.1916E-04  7.8534E-04 -6.1710E-05
  8.8325E-04  1.3042E-03 -8.9374E-05
  7.8616E-04  3.4829E-04 -8.1989E-05
  7.9202E-04  4.4278E-04 -8.3891E-05
  8.6594E-04 -9.9156E-04 -6.6769E-05
  8.8331E-04 -1.1040E-03 -6.5941E-05
  8.8780E-04 -1.3239E-03 -9.3657E-05
  8.7520E-04 -1.2492E-03 -9.2340E-05
  8.6036E-04 -1.1641E-03 -9.0786E-05
  8.4719E-04 -1.0686E-03 -8.9002E-05
  8.3295E-04 -9.6438E-04 -8.7114E-05
  8.2047E-04 -8.5193E-04 -8.5215E-05
  8.0905E-04 -7.3259E-04 -8.3392E-05
  7.9855E-04 -6.0708E-04 -8.1697E-05
  7.9140E-04 -4.7606E-04 -8.0179E-05
  7.8396E-04 -3.4029E-04 -7.8898E-05
  7.8166E-04 -2.0006E-04 -7.7778E-05
  7.7957E-04 -5.6762E-05 -7.6903E-05
  7.8107E-04  8.8642E-05 -7.6271E-05
  7.7565E-04 -1.5723E-07 -7.3718E-05
  7.8612E-04 -6.0145E-05 -7.4210E-05
  9.0016E-04  1.2274E-03 -3.7038E-05
  9.1054E-04  1.3021E-03 -3.4349E-05
  9.2959E-04  1.5430E-03 -8.7345E-05
  9.3397E-04  1.5473E-03 -8.7372E-05
  9.3421E-04  1.5389E-03 -8.7167E-05
  9.3096E-04  1.5176E-03 -8.6573E-05
  9.2417E-04  1.4837E-03 -8.5701E-05
  9.1534E-04  1.4369E-03 -8.4551E-05
  9.0379E-04  1.3779E-03 -8.3247E-05
  8.9110E-04  1.3066E-03 -8.1782E-05
  8.7717E-04  1.2237E-03 -8.0242E-05
  8.6234E-04  1.1296E-03 -7.8716E-05
  8.4820E-04  1.0249E-03 -7.7270E-05
  8.3297E-04  9.1065E-04 -7.6012E-05
  8.2078E-04  7.8763E-04 -7.4920E-05
  8.0770E-04  6.5744E-04 -7.4197E-05
  7.9825E-04  5.2113E-04 -7.3732E-05
  8.3926E-04  1.0122E-03 -8.5613E-05
  8.3644E-04  9.9315E-04 -8.8202E-05
  7.8804E-04 -2.1973E-04 -7.9699E-05
  8.1714E-04 -6.5000E-04 -7.7453E-05
  7.9537E-04 -3.6909E-04 -7.8917E-05
  8.0642E-04 -6.5985E-04 -8.5029E-05
  7.9606E-04  5.2597E-04 -6.8550E-05
  8.3206E-04  8.9769E-04 -5.7883E-05
  8.0712E-04  6.6568E-04 -6.3148E-05
  8.9712E-04  1.3811E-03 -9.0221E-05
  7.9642E-04  5.1418E-04 -8.0651E-05
  8.4557E-04 -1.0511E-03 -9.0133E-05
  9.0036E-04  1.3793E-03 -8.6203E-05
  7.8300E-04  8.2695E-05 -7.8874E-05
  7.8444E-04 -7.3167E-05 -7.9926E-05
  9.2263E-04 -1.5052E-03 -9.2875E-05
  9.2018E-04 -1.4834E-03 -9.2673E-05
  9.1378E-04 -1.4489E-03 -9.2133E-05
  9.0548E-04 -1.4019E-03 -9.1233E-05
  8.9415E-04 -1.3428E-03 -9.0062E-05
  8.8232E-04 -1.2717E-03 -8.8724E-05
  8.6880E-04 -1.1896E-03 -8.7338E-05
  8.5531E-04 -1.0967E-03 -8.5926E-05
  8.4203E-04 -9.9396E-04 -8.4521E-05
  8.2868E-04 -8.8195E-04 -8.3224E-05
  8.1761E-04 -7.6143E-04 -8.2100E-05
  8.0570E-04 -6.3360E-04 -8.1161E-05
  7.9841E-04 -4.9872E-04 -8.0293E-05
  7.9071E-04 -3.5836E-04 -7.9622E-05
  7.8661E-04 -2.1341E-04 -7.9096E-05
  8.0594E-04 -7.1112E-04 -8.4011E-05
  7.8760E-04  3.9254E-04 -6.9603E-05
  9.2359E-04  1.3904E-03 -1.1883E-05
  9.3298E-04  1.4223E-03 -1.5523E-05
  9.3768E-04  1.4411E-03 -1.9563E-05
  9.3801E-04  1.4466E-03 -2.4028E-05
  9.3455E-04  1.4387E-03 -2.8852E-05
  9.2803E-04  1.4176E-03 -3.3806E-05
  9.1845E-04  1.3834E-03 -3.8909E-05
  9.0726E-04  1.3361E-03 -4.4020E-05
  8.9345E-04  1.2757E-03 -4.9083E-05
  8.7958E-04  1.2019E-03 -5.3990E-05
  8.6344E-04  1.1154E-03 -5.8794E-05
  8.4926E-04  1.0166E-03 -6.3248E-05
  8.3357E-04  9.0687E-04 -6.7405E-05
  8.2113E-04  7.8652E-04 -7.1078E-05
  8.5802E-04  1.3720E-03 -7.9823E-05
  8.8539E-04  1.4250E-03 -8.1087E-05
  9.0663E-04  1.4679E-03 -8.1855E-05
  9.2225E-04  1.4998E-03 -8.2184E-05
  9.3300E-04  1.5199E-03 -8.2133E-05
  9.3859E-04  1.5280E-03 -8.1690E-05
  9.3995E-04  1.5233E-03 -8.0921E-05
  9.3742E-04  1.5056E-03 -7.9797E-05
  9.3114E-04  1.4746E-03 -7.8398E-05
  9.2206E-04  1.4303E-03 -7.6741E-05
  9.1032E-04  1.3728E-03 -7.4911E-05
  8.9653E-04  1.3025E-03 -7.2999E-05
  8.8181E-04  1.2198E-03 -7.1104E-05
  8.6540E-04  1.1256E-03 -6.9455E-05
  8.5039E-04  1.0208E-03 -6.8123E-05
  8.3146E-04  9.0985E-04 -7.9227E-05
  8.1484E-04  7.7621E-04 -8.2894E-05
  7.8505E-04  1.3437E-04 -8.0975E-05
  7.8682E-04  2.9584E-04 -8.2459E-05
  8.3369E-04 -7.5438E-04 -7.0224E-05
  8.4962E-04 -8.8999E-04 -6.9038E-05
  8.6616E-04 -1.0167E-03 -6.8495E-05
  8.5929E-04 -1.1483E-03 -9.1815E-05
  7.7934E-04 -1.8668E-04 -7.7044E-05
  7.8125E-04 -2.6300E-04 -7.7740E-05
  7.9303E-04  2.4916E-04 -6.7505E-05
  7.8482E-04  8.1615E-05 -7.1321E-05
  8.6865E-04  1.0460E-03 -4.4572E-05
  8.8077E-04  1.1473E-03 -4.1499E-05
  8.9296E-04  1.2371E-03 -3.9090E-05
  8.1615E-04  1.1623E-03 -2.9911E-06
  8.5046E-04  1.2377E-03 -5.8677E-06
  8.7869E-04  1.3040E-03 -9.1090E-06
  9.0141E-04  1.3599E-03 -1.2807E-05
  9.1861E-04  1.4046E-03 -1.6934E-05
  9.3031E-04  1.4374E-03 -2.1454E-05
  9.3709E-04  1.4575E-03 -2.6311E-05
  9.3923E-04  1.4645E-03 -3.1417E-05
  9.3722E-04  1.4580E-03 -3.6817E-05
  9.3154E-04  1.4374E-03 -4.2376E-05
  9.2240E-04  1.4029E-03 -4.8043E-05
  9.1103E-04  1.3542E-03 -5.3725E-05
  8.9703E-04  1.2915E-03 -5.9370E-05
  8.8254E-04  1.2152E-03 -6.4726E-05
  7.8791E-04  1.2213E-03 -7.3636E-05
  8.2718E-04  1.2927E-03 -7.5902E-05
  8.6022E-04  1.3563E-03 -7.7430E-05
  8.8773E-04  1.4108E-03 -7.8428E-05
  9.0916E-04  1.4554E-03 -7.8942E-05
  9.2522E-04  1.4890E-03 -7.9018E-05
  9.3632E-04  1.5109E-03 -7.8671E-05
  9.4220E-04  1.5205E-03 -7.7891E-05
  9.4365E-04  1.5171E-03 -7.6727E-05
  9.4100E-04  1.5003E-03 -7.5175E-05
  9.3447E-04  1.4699E-03 -7.3308E-05
  9.2485E-04  1.4260E-03 -7.1178E-05
  9.1264E-04  1.3685E-03 -6.8889E-05
  8.9806E-04  1.2981E-03 -6.6592E-05
  9.2934E-04  1.5248E-03 -8.8836E-05
  8.0693E-04  6.5724E-04 -7.7131E-05
  8.6757E-04  1.2167E-03 -8.8421E-05
  8.0386E-04  6.4813E-04 -8.1737E-05
  8.0019E-04  6.1525E-04 -8.4284E-05
  7.8173E-04  7.1968E-05 -8.0427E-05
  8.0724E-04 -4.7912E-04 -7.3918E-05
  7.9029E-04 -1.7796E-04 -7.7574E-05
  7.8256E-04  1.4641E-04 -8.1175E-05
  7.8535E-04 -2.0357E-05 -7.9481E-05
  8.6392E-04 -1.1777E-03 -8.8986E-05
  7.8297E-04  2.3819E-04 -7.4125E-05
  7.7754E-04 -1.2988E-04 -7.5583E-05
  8.3723E-04  8.1568E-04 -5.2428E-05
  8.1075E-04  5.4580E-04 -6.0177E-05
  7.8468E-04  2.2189E-04 -6.8656E-05
  7.9638E-04  3.9041E-04 -6.4473E-05
  7.2820E-04  9.9667E-04 -1.2096E-07
  7.7431E-04  1.0863E-03 -2.1975E-06
  8.1503E-04  1.1694E-03 -4.9257E-06
  8.5002E-04  1.2448E-03 -8.1378E-06
  8.7901E-04  1.3115E-03 -1.1805E-05
  9.0252E-04  1.3681E-03 -1.5926E-05
  9.2048E-04  1.4135E-03 -2.0473E-05
  9.3276E-04  1.4469E-03 -2.5394E-05
  9.3999E-04  1.4676E-03 -3.0680E-05
  9.4237E-04  1.4749E-03 -3.6296E-05
  9.4035E-04  1.4682E-03 -4.2210E-05
  9.3448E-04  1.4474E-03 -4.8318E-05
  9.2504E-04  1.4121E-03 -5.4577E-05
  9.1310E-04  1.3623E-03 -6.0807E-05
  6.9555E-04  1.0416E-03 -6.5716E-05
  7.4584E-04  1.1260E-03 -6.8817E-05
  7.9079E-04  1.2051E-03 -7.1191E-05
  8.2940E-04  1.2780E-03 -7.2927E-05
  8.6250E-04  1.3430E-03 -7.4119E-05
  8.9028E-04  1.3990E-03 -7.4808E-05
  9.1195E-04  1.4452E-03 -7.4989E-05
  9.2835E-04  1.4802E-03 -7.4684E-05
  9.3951E-04  1.5033E-03 -7.3883E-05
  9.4540E-04  1.5138E-03 -7.2587E-05
  9.4664E-04  1.5110E-03 -7.0838E-05
  9.4358E-04  1.4945E-03 -6.8653E-05
  9.3658E-04  1.4642E-03 -6.6120E-05
  9.2627E-04  1.4201E-03 -6.3343E-05
  9.2159E-04  1.4888E-03 -8.8414E-05
  8.7379E-04  1.2228E-03 -8.3456E-05
  7.8996E-04  3.7916E-04 -7.5980E-05
  8.5371E-04  1.1187E-03 -8.7005E-05
  7.9209E-04  4.8163E-04 -8.3064E-05
  8.1923E-04 -6.3065E-04 -7.2548E-05
  7.9661E-04 -3.3537E-04 -7.6125E-05
  8.5161E-04 -9.2442E-04 -7.1132E-05
  8.3279E-04 -7.8083E-04 -7.1724E-05
  8.2834E-04 -7.5437E-04 -7.5736E-05
  8.3788E-04 -8.3653E-04 -7.3655E-05
  7.8745E-04 -2.2974E-04 -7.9279E-05
  8.0340E-04 -4.9518E-04 -7.7785E-05
  8.2026E-04 -6.7015E-04 -7.4225E-05
  8.1051E-04 -5.8326E-04 -7.6232E-05
  8.0195E-04 -6.2256E-04 -8.1281E-05
  7.8848E-04 -4.5628E-04 -8.0136E-05
  8.4831E-04  9.3824E-04 -4.9222E-05
  8.1855E-04  6.8146E-04 -5.7009E-05
  8.7630E-04  1.1613E-03 -4.4183E-05
  8.6056E-04  1.0548E-03 -4.6554E-05
  8.4650E-04  9.9426E-04 -5.3719E-05
  8.5966E-04  1.0798E-03 -4.9176E-05
  7.9750E-04  5.5023E-04 -6.4441E-05
  8.1933E-04  7.8104E-04 -5.9575E-05
  8.4342E-04  9.5413E-04 -5.1627E-05
  8.2937E-04  8.6774E-04 -5.5879E-05
  9.2764E-04  1.4789E-03 -8.2207E-05
  9.3354E-04  1.5481E-03 -8.9000E-05
  9.1235E-04  1.4400E-03 -8.7356E-05
  8.4579E-04  1.0237E-03 -8.0454E-05
  8.2635E-04  8.9744E-04 -8.4234E-05
  8.0984E-04  7.4671E-04 -8.5649E-05
  8.0471E-04 -4.9752E-04 -7.5122E-05
  8.0180E-04 -5.0466E-04 -8.0174E-05
  8.1360E-04 -6.4573E-04 -8.0233E-05
  8.2920E-04 -7.7976E-04 -7.9754E-05
  8.4488E-04 -9.0589E-04 -7.8870E-05
  8.6351E-04 -1.0227E-03 -7.7496E-05
  8.8155E-04 -1.1297E-03 -7.5736E-05
  9.0079E-04 -1.2249E-03 -7.3492E-05
  9.1814E-04 -1.3043E-03 -7.0931E-05
  9.3327E-04 -1.3649E-03 -6.8152E-05
  9.4500E-04 -1.4080E-03 -6.5344E-05
  9.5326E-04 -1.4347E-03 -6.2465E-05
  9.5727E-04 -1.4453E-03 -5.9610E-05
  9.5655E-04 -1.4403E-03 -5.6857E-05
  9.5070E-04 -1.4204E-03 -5.4192E-05
  9.3952E-04 -1.3863E-03 -5.1405E-05
  9.0191E-04 -1.3949E-03 -9.3004E-05
  7.8736E-04 -3.5138E-04 -7.9218E-05
  8.3036E-04 -9.4522E-04 -8.8292E-05
  7.8158E-04 -3.2317E-04 -7.8515E-05
  7.8705E-04 -3.9758E-04 -8.0154E-05
  8.2796E-04  8.1614E-04 -5.4311E-05
  9.3517E-04  1.4480E-03 -3.2715E-05
  8.7997E-04  1.2227E-03 -7.6044E-05
  8.1961E-04  7.8718E-04 -7.8068E-05
  7.8560E-04  2.2991E-04 -7.9190E-05
  7.8702E-04 -1.7890E-04 -7.8298E-05
  8.9480E-04 -1.4527E-03 -8.6582E-05
  9.1174E-04 -1.4841E-03 -8.7642E-05
  9.2334E-04 -1.5038E-03 -8.8345E-05
  9.2968E-04 -1.5114E-03 -8.8648E-05
  9.3161E-04 -1.5064E-03 -8.8563E-05
  9.2980E-04 -1.4887E-03 -8.8213E-05
  9.2423E-04 -1.4581E-03 -8.7642E-05
  9.1626E-04 -1.4145E-03 -8.6927E-05
  9.0564E-04 -1.3582E-03 -8.6069E-05
  8.9364E-04 -1.2894E-03 -8.5085E-05
  8.8053E-04 -1.2085E-03 -8.4079E-05
  8.6624E-04 -1.1161E-03 -8.3148E-05
  8.5283E-04 -1.0127E-03 -8.2298E-05
  8.3814E-04 -8.9942E-04 -8.1549E-05
  8.2660E-04 -7.7677E-04 -8.0718E-05
  8.8988E-04 -1.3340E-03 -9.2055E-05
  8.3706E-04 -9.8060E-04 -8.5687E-05
  7.8189E-04 -6.2640E-05 -7.7914E-05
  8.1808E-04 -8.3118E-04 -8.6137E-05
  8.0112E-04  5.3043E-04 -6.1734E-05
  9.0907E-04  1.3455E-03 -4.8497E-05
  8.4979E-04  1.0237E-03 -7.2993E-05
  8.5958E-04  1.1283E-03 -8.1990E-05
  7.9845E-04  5.2048E-04 -7.6408E-05
  7.9329E-04 -3.6270E-04 -7.9765E-05
  9.1067E-04 -1.4440E-03 -9.3641E-05
  8.7796E-04 -1.2611E-03 -9.0567E-05
  8.1316E-04 -7.4920E-04 -8.2529E-05
  7.9601E-04 -5.8559E-04 -8.2010E-05
  7.8080E-04  2.5930E-04 -7.0811E-05
  7.8806E-04  3.5511E-04 -6.6366E-05
  9.4288E-04  1.4343E-03 -1.7383E-05
  8.8111E-04  1.2089E-03 -5.8863E-05
  9.0735E-04  1.3758E-03 -7.9353E-05
  8.3367E-04  9.0950E-04 -7.1888E-05
  7.8865E-04  3.7427E-04 -7.9863E-05
  8.5829E-04 -1.0181E-03 -8.0875E-05
  8.7632E-04 -1.1254E-03 -7.9803E-05
  8.9608E-04 -1.2196E-03 -7.8251E-05
  9.1324E-04 -1.3000E-03 -7.6300E-05
  9.3001E-04 -1.3651E-03 -7.3922E-05
  9.4308E-04 -1.4147E-03 -7.1415E-05
  9.5390E-04 -1.4492E-03 -6.8711E-05
  9.6175E-04 -1.4728E-03 -6.5643E-05
  9.6451E-04 -1.4772E-03 -6.2103E-05
  9.5980E-04 -1.4600E-03 -5.8647E-05
  9.4842E-04 -1.4266E-03 -5.5358E-05
  9.3048E-04 -1.3794E-03 -5.2108E-05
  9.0650E-04 -1.3198E-03 -4.8878E-05
  8.7657E-04 -1.2491E-03 -4.5582E-05
  8.4069E-04 -1.1688E-03 -4.1976E-05
  8.3337E-04 -8.9217E-04 -8.2333E-05
  7.9484E-04 -4.8967E-04 -8.0168E-05
  7.7933E-04  9.5118E-05 -7.4862E-05
  7.9263E-04  4.5669E-04 -6.5249E-05
  8.0875E-04  6.7074E-04 -6.1104E-05
  9.3022E-04  1.4292E-03 -1.8346E-05
  9.2025E-04  1.3934E-03 -4.3327E-05
  8.6489E-04  1.1212E-03 -6.3744E-05
  6.2068E-04  8.1241E-04  1.3453E-06
  6.7717E-04  9.0952E-04 -4.8960E-08
  7.2856E-04  1.0036E-03 -2.1217E-06
  7.7470E-04  1.0931E-03 -4.7807E-06
  8.1593E-04  1.1767E-03 -7.9585E-06
  8.5175E-04  1.2530E-03 -1.1627E-05
  8.8144E-04  1.3206E-03 -1.5759E-05
  9.0548E-04  1.3779E-03 -2.0366E-05
  9.2385E-04  1.4238E-03 -2.5432E-05
  9.3633E-04  1.4575E-03 -3.0914E-05
  9.4352E-04  1.4783E-03 -3.6830E-05
  9.4569E-04  1.4854E-03 -4.3140E-05
  9.4329E-04  1.4783E-03 -4.9797E-05
  9.3679E-04  1.4566E-03 -5.6685E-05
  5.8529E-04  8.4536E-04 -5.6494E-05
  6.4483E-04  9.3614E-04 -6.0252E-05
  6.9894E-04  1.0255E-03 -6.3362E-05
  7.4837E-04  1.1113E-03 -6.5853E-05
  7.9311E-04  1.1917E-03 -6.7771E-05
  8.3160E-04  1.2660E-03 -6.9120E-05
  8.6493E-04  1.3323E-03 -6.9922E-05
  8.9282E-04  1.3894E-03 -7.0172E-05
  9.1465E-04  1.4365E-03 -6.9847E-05
  9.3112E-04  1.4723E-03 -6.8950E-05
  9.4210E-04  1.4959E-03 -6.7467E-05
  9.4770E-04  1.5067E-03 -6.5401E-05
  9.4847E-04  1.5039E-03 -6.2801E-05
  9.4479E-04  1.4873E-03 -5.9726E-05
  9.3068E-04  1.5308E-03 -8.4829E-05
  8.9421E-04  1.3053E-03 -7.7730E-05
  7.8268E-04 -6.4598E-07 -8.0079E-05
  8.2215E-04 -7.7074E-04 -8.1574E-05
  9.5340E-04 -1.4213E-03 -5.4461E-05
  8.2419E-04 -8.6879E-04 -8.4089E-05
  7.8419E-04 -2.0861E-04 -7.8463E-05
  8.1069E-04  6.7393E-04 -5.9605E-05
  9.4159E-04  1.4393E-03 -2.1211E-05
  9.3774E-04  1.4549E-03 -2.7807E-05
  9.3673E-04  1.5304E-03 -8.4136E-05
  9.1881E-04  1.4337E-03 -8.0871E-05
  8.6437E-04  1.1286E-03 -7.4464E-05
  7.8485E-04 -1.1831E-04 -7.9552E-05
  7.9471E-04 -3.5789E-04 -7.8146E-05
  9.4447E-04 -1.4129E-03 -6.8488E-05
  8.4746E-04 -1.0047E-03 -8.3175E-05
  8.1004E-04 -6.4156E-04 -8.0785E-05
  7.7717E-04 -4.7001E-05 -7.5866E-05
  9.3655E-04  1.4304E-03 -2.5611E-05
  9.0336E-04  1.3529E-03 -1.0555E-05
  8.9522E-04  1.2841E-03 -5.3752E-05
  9.3400E-04  1.5111E-03 -8.3298E-05
  7.8388E-04  2.1233E-04 -8.1090E-05
  7.9462E-04 -3.4928E-04 -7.7467E-05
  9.5519E-04 -1.4467E-03 -6.5591E-05
  9.4859E-04 -1.3994E-03 -5.7060E-05
  8.0744E-04  6.5713E-04 -7.0873E-05
  9.1950E-04  1.3971E-03 -1.4241E-05
  9.2933E-04  1.4275E-03 -3.7886E-05
  4.9999E-04  6.2172E-04  1.8004E-06
  5.6273E-04  7.2033E-04  9.1852E-07
  6.2233E-04  8.1894E-04 -5.6548E-07
  6.7807E-04  9.1532E-04 -2.6529E-06
  7.2955E-04  1.0094E-03 -5.3092E-06
  7.7669E-04  1.1005E-03 -8.4953E-06
  8.1899E-04  1.1859E-03 -1.2204E-05
  8.5556E-04  1.2633E-03 -1.6417E-05
  8.8555E-04  1.3314E-03 -2.1120E-05
  9.0963E-04  1.3888E-03 -2.6348E-05
  9.2795E-04  1.4347E-03 -3.2104E-05
  9.4014E-04  1.4684E-03 -3.8360E-05
  9.4685E-04  1.4888E-03 -4.5153E-05
  9.4837E-04  1.4953E-03 -5.2436E-05
  4.6377E-04  6.4501E-04 -4.6429E-05
  5.2771E-04  7.3652E-04 -5.0616E-05
  5.8927E-04  8.2954E-04 -5.4317E-05
  6.4779E-04  9.2211E-04 -5.7486E-05
  7.0140E-04  1.0132E-03 -6.0091E-05
  7.5077E-04  1.1001E-03 -6.2126E-05
  7.9532E-04  1.1814E-03 -6.3579E-05
  8.3386E-04  1.2564E-03 -6.4435E-05
  8.6727E-04  1.3232E-03 -6.4683E-05
  8.9503E-04  1.3808E-03 -6.4281E-05
  9.1682E-04  1.4283E-03 -6.3202E-05
  9.3311E-04  1.4643E-03 -6.1436E-05
  9.4364E-04  1.4879E-03 -5.8959E-05
  9.4867E-04  1.4984E-03 -5.5794E-05
  9.0522E-04  1.4821E-03 -8.4097E-05
  9.3578E-04  1.5369E-03 -8.4631E-05
  8.8781E-04  1.3066E-03 -8.4878E-05
  7.7919E-04 -1.2030E-03 -7.5252E-05
  8.1969E-04 -1.2752E-03 -7.7596E-05
  8.5406E-04 -1.3399E-03 -7.9583E-05
  8.8280E-04 -1.3957E-03 -8.1156E-05
  9.0535E-04 -1.4417E-03 -8.2364E-05
  9.2247E-04 -1.4770E-03 -8.3226E-05
  9.3458E-04 -1.5007E-03 -8.3766E-05
  9.4154E-04 -1.5121E-03 -8.4043E-05
  9.4412E-04 -1.5106E-03 -8.4055E-05
  9.4280E-04 -1.4957E-03 -8.3823E-05
  9.3773E-04 -1.4674E-03 -8.3335E-05
  9.2970E-04 -1.4253E-03 -8.2688E-05
  9.1918E-04 -1.3696E-03 -8.1930E-05
  9.0635E-04 -1.3007E-03 -8.1151E-05
  8.9276E-04 -1.2191E-03 -8.0341E-05
  8.7884E-04 -1.1263E-03 -7.7738E-05
  8.6072E-04 -1.1076E-03 -8.4254E-05
  9.5398E-04 -1.4270E-03 -5.6649E-05
  9.2051E-04  1.5124E-03 -8.4665E-05
  9.2561E-04 -1.3716E-03 -7.9244E-05
  9.4138E-04 -1.4272E-03 -7.6782E-05
  9.5427E-04 -1.4667E-03 -7.3862E-05
  9.6290E-04 -1.4903E-03 -7.0770E-05
  9.6726E-04 -1.4989E-03 -6.7623E-05
  9.6751E-04 -1.4949E-03 -6.4542E-05
  9.6513E-04 -1.4824E-03 -6.1537E-05
  9.5431E-04 -1.4482E-03 -5.7316E-05
  9.3652E-04 -1.4002E-03 -5.3646E-05
  9.1232E-04 -1.3399E-03 -5.0181E-05
  8.8190E-04 -1.2688E-03 -4.6798E-05
  8.4500E-04 -1.1884E-03 -4.3367E-05
  8.0247E-04 -1.0999E-03 -3.9841E-05
  7.5503E-04 -1.0047E-03 -3.6286E-05
  9.1490E-04 -1.2986E-03 -7.3698E-05
  9.6064E-04 -1.4621E-03 -6.2546E-05
  8.5063E-04 -1.0837E-03 -8.7349E-05
  8.8154E-04  1.2971E-03 -7.4188E-06
  9.3597E-04 -1.4920E-03 -8.5874E-05
  8.6121E-04 -1.0207E-03 -7.9040E-05
  9.3130E-04 -1.3629E-03 -7.1147E-05
  9.6059E-04 -1.4592E-03 -5.9443E-05
  9.1855E-04 -1.4535E-03 -8.9732E-05
  9.4089E-04 -1.3758E-03 -5.9309E-05
  7.7804E-04  1.2852E-04 -7.2143E-05
  3.7189E-04  4.3794E-04  1.6148E-06
  4.3753E-04  5.3105E-04  1.0672E-06
  5.0305E-04  6.2844E-04  2.4070E-08
  5.6431E-04  7.2533E-04 -1.5493E-06
  6.2200E-04  8.2109E-04 -3.7010E-06
  6.7898E-04  9.1948E-04 -6.4370E-06
  7.3325E-04  1.0182E-03 -9.7180E-06
  7.8177E-04  1.1120E-03 -1.3510E-05
  8.2433E-04  1.1980E-03 -1.7831E-05
  8.6082E-04  1.2751E-03 -2.2701E-05
  8.9042E-04  1.3428E-03 -2.8116E-05
  9.1400E-04  1.3999E-03 -3.4139E-05
  9.3175E-04  1.4455E-03 -4.0810E-05
  9.4324E-04  1.4786E-03 -4.8161E-05
  3.3741E-04  4.5433E-04 -3.6007E-05
  4.0240E-04  5.3918E-04 -4.0367E-05
  4.6749E-04  6.2948E-04 -4.4459E-05
  5.3093E-04  7.2369E-04 -4.8155E-05
  5.9253E-04  8.1903E-04 -5.1386E-05
  6.5094E-04  9.1326E-04 -5.4075E-05
  7.0434E-04  1.0049E-03 -5.6178E-05
  7.5327E-04  1.0917E-03 -5.7658E-05
  7.9733E-04  1.1728E-03 -5.8500E-05
  8.3574E-04  1.2476E-03 -5.8668E-05
  8.6909E-04  1.3145E-03 -5.8112E-05
  8.9663E-04  1.3723E-03 -5.6767E-05
  9.1811E-04  1.4197E-03 -5.4607E-05
  9.3387E-04  1.4553E-03 -5.1618E-05
  6.8833E-04 -1.0278E-03 -6.7363E-05
  7.3966E-04 -1.1127E-03 -7.0632E-05
  7.8576E-04 -1.1928E-03 -7.3311E-05
  8.2555E-04 -1.2669E-03 -7.5568E-05
  8.5975E-04 -1.3334E-03 -7.7429E-05
  8.8866E-04 -1.3910E-03 -7.8915E-05
  9.1145E-04 -1.4390E-03 -8.0062E-05
  9.2900E-04 -1.4760E-03 -8.0876E-05
  9.4145E-04 -1.5011E-03 -8.1382E-05
  9.4876E-04 -1.5138E-03 -8.1610E-05
  9.5158E-04 -1.5131E-03 -8.1543E-05
  9.5026E-04 -1.4988E-03 -8.1207E-05
  9.4516E-04 -1.4704E-03 -8.0630E-05
  9.3677E-04 -1.4280E-03 -7.9845E-05
  9.1240E-04 -1.3648E-03 -8.3963E-05
  8.8774E-04 -1.2811E-03 -8.6682E-05
  9.5011E-04 -1.4178E-03 -5.9157E-05
  9.3620E-04  1.4486E-03 -2.2876E-05
  2.4675E-04  2.7230E-04  1.1269E-06
  3.0905E-04  3.5270E-04  7.4363E-07
  3.7597E-04  4.4418E-04 -3.7109E-08
  4.4324E-04  5.4054E-04 -1.2207E-06
  5.0064E-04  6.2600E-04 -2.8954E-06
  5.5881E-04  7.1819E-04 -5.2039E-06
  6.2497E-04  8.2740E-04 -8.1287E-06
  6.8632E-04  9.3353E-04 -1.1561E-05
  7.4124E-04  1.0332E-03 -1.5500E-05
  7.8894E-04  1.1259E-03 -1.9960E-05
  8.3045E-04  1.2106E-03 -2.5004E-05
  8.6599E-04  1.2866E-03 -3.0661E-05
  8.9482E-04  1.3536E-03 -3.6943E-05
  9.1751E-04  1.4102E-03 -4.3982E-05
  1.6085E-05  1.2250E-05 -5.0090E-08
  8.3176E-05  8.1218E-05 -7.6027E-08
  1.8661E-04  1.9828E-04  2.7612E-07
  8.9723E-04  1.3633E-03 -4.7175E-05
  8.6974E-04  1.2967E-03 -4.0250E-05
  8.3558E-04  1.2216E-03 -3.3809E-05
  7.9570E-04  1.1387E-03 -2.7932E-05
  7.4986E-04  1.0487E-03 -2.2696E-05
  6.9711E-04  9.5227E-04 -1.8039E-05
  6.3803E-04  8.4913E-04 -1.3922E-05
  5.7204E-04  7.3931E-04 -1.0310E-05
  4.9784E-04  6.2225E-04 -7.1664E-06
  4.0991E-04  4.9201E-04 -4.3897E-06
  3.9217E-04  4.6691E-04 -2.5639E-06
  3.2011E-04  3.6728E-04 -1.4073E-06
  2.4741E-04  2.7295E-04 -3.6057E-07
  9.5152E-04 -1.4706E-03 -7.6900E-05
  9.6198E-04 -1.4973E-03 -7.3590E-05
  9.6780E-04 -1.5083E-03 -7.0067E-05
  9.6867E-04 -1.5045E-03 -6.6498E-05
  9.6471E-04 -1.4880E-03 -6.2941E-05
  9.5632E-04 -1.4609E-03 -5.9363E-05
  9.4140E-04 -1.4192E-03 -5.5633E-05
  9.1802E-04 -1.3596E-03 -5.1795E-05
  8.8768E-04 -1.2880E-03 -4.8148E-05
  8.5031E-04 -1.2070E-03 -4.4578E-05
  8.0718E-04 -1.1181E-03 -4.1064E-05
  7.5889E-04 -1.0228E-03 -3.7551E-05
  7.0553E-04 -9.2300E-04 -3.4013E-05
  6.4792E-04 -8.2017E-04 -3.0479E-05
  9.1692E-04 -1.4798E-03 -8.5314E-05
  8.8678E-04 -1.2152E-03 -8.2291E-05
  8.4221E-04 -9.0406E-04 -8.0157E-05
  9.2504E-04 -1.5126E-03 -9.0683E-05
  8.7444E-04 -1.2000E-03 -8.5533E-05
  2.7442E-05  2.2841E-05 -6.1944E-07
  8.7093E-05  8.5108E-05 -1.1293E-06
  1.8369E-04  1.9452E-04 -1.3971E-06
  2.1703E-04  2.8417E-04 -2.5672E-05
  2.7676E-04  3.5666E-04 -2.9941E-05
  3.3994E-04  4.3834E-04 -3.4191E-05
  4.0542E-04  5.2709E-04 -3.8256E-05
  4.7141E-04  6.2134E-04 -4.1990E-05
  5.3588E-04  7.1867E-04 -4.5291E-05
  5.9743E-04  8.1513E-04 -4.8015E-05
  6.5475E-04  9.0837E-04 -5.0092E-05
  7.0686E-04  9.9811E-04 -5.1499E-05
  7.5503E-04  1.0834E-03 -5.2245E-05
  7.9863E-04  1.1641E-03 -5.2286E-05
  8.3700E-04  1.2390E-03 -5.1524E-05
  8.7031E-04  1.3058E-03 -4.9769E-05
  9.3531E-04 -1.5111E-03 -8.6120E-05
  9.3064E-04 -1.4629E-03 -8.5549E-05
  8.7187E-04 -1.1224E-03 -8.1525E-05
  8.9810E-04 -1.2193E-03 -7.5856E-05
  9.2659E-04 -1.5056E-03 -9.0880E-05
  8.9971E-04 -1.3508E-03 -8.7684E-05
  9.2986E-04 -1.3381E-03 -6.1911E-05
  1.3367E-04  1.3701E-04  6.1839E-07
  1.0403E-05  1.4659E-05 -3.0991E-06
  6.6842E-05  8.3682E-05 -1.0606E-05
  1.6116E-04  2.0091E-04 -1.9835E-05
  5.7960E-04 -8.3540E-04 -5.7959E-05
  6.4011E-04 -9.2669E-04 -6.1935E-05
  6.9519E-04 -1.0169E-03 -6.5347E-05
  7.4567E-04 -1.1037E-03 -6.8278E-05
  7.9146E-04 -1.1855E-03 -7.0779E-05
  8.3108E-04 -1.2613E-03 -7.2899E-05
  8.6554E-04 -1.3294E-03 -7.4639E-05
  8.9465E-04 -1.3885E-03 -7.6018E-05
  9.1785E-04 -1.4379E-03 -7.7065E-05
  9.3585E-04 -1.4760E-03 -7.7780E-05
  9.4852E-04 -1.5021E-03 -7.8178E-05
  9.5600E-04 -1.5152E-03 -7.8261E-05
  9.5882E-04 -1.5146E-03 -7.8005E-05
  9.5731E-04 -1.4998E-03 -7.7423E-05
  8.7740E-04 -1.4024E-03 -8.3071E-05
  9.3756E-04 -1.5081E-03 -8.6097E-05
  9.2282E-04 -1.4204E-03 -8.4776E-05
  9.1870E-04 -1.5071E-03 -9.0068E-05
  9.2450E-04 -1.4858E-03 -9.0416E-05
  8.7845E-04  1.1941E-03 -5.0265E-05
  4.5869E-05  4.0751E-05  3.3540E-07
  1.3139E-04  1.3399E-04 -5.7841E-07
  1.1141E-04  1.4597E-04 -1.5843E-05
  9.6505E-04 -1.5133E-03 -7.3526E-05
  9.6746E-04 -1.5114E-03 -6.9479E-05
  9.6423E-04 -1.4950E-03 -6.5424E-05
  9.5538E-04 -1.4655E-03 -6.1436E-05
  9.4068E-04 -1.4245E-03 -5.7498E-05
  9.2003E-04 -1.3712E-03 -5.3624E-05
  8.9178E-04 -1.3038E-03 -4.9755E-05
  8.5511E-04 -1.2238E-03 -4.5939E-05
  8.1194E-04 -1.1344E-03 -4.2249E-05
  7.6320E-04 -1.0386E-03 -3.8665E-05
  7.0921E-04 -9.3875E-04 -3.5121E-05
  6.5095E-04 -8.3613E-04 -3.1604E-05
  5.8951E-04 -7.3192E-04 -2.8125E-05
  5.2586E-04 -6.2792E-04 -2.4686E-05
  9.0006E-04 -1.4465E-03 -8.4387E-05
  8.0375E-04 -5.0819E-04 -7.9860E-05
  8.3276E-04  9.0423E-04 -6.3584E-05
  2.1508E-05  1.7455E-05 -8.5540E-07
  7.9343E-05  7.6508E-05 -1.7665E-06
  1.7067E-04  1.7883E-04 -2.3062E-06
  2.8733E-04  3.2478E-04 -2.5913E-06
  1.1359E-05  1.2836E-05 -3.1990E-06
  6.7713E-05  7.7534E-05 -1.0017E-05
  1.6175E-04  1.9074E-04 -1.8537E-05
  2.7831E-04  3.4483E-04 -2.8139E-05
  8.4835E-04 -1.3484E-03 -8.1219E-05
  9.2873E-04 -1.5014E-03 -8.5867E-05
  9.0002E-04 -1.2963E-03 -8.3133E-05
  9.1806E-04  1.3728E-03 -3.5439E-05
  8.2014E-04  7.8521E-04 -6.7365E-05
  4.5197E-05  3.9834E-05 -5.7426E-07
  3.4377E-04  4.3138E-04 -3.2208E-05
  4.1265E-04  5.2652E-04 -3.6042E-05
  4.8056E-04  6.2465E-04 -3.9391E-05
  5.4354E-04  7.2072E-04 -4.2042E-05
  6.0205E-04  8.1275E-04 -4.3960E-05
  6.5665E-04  9.0172E-04 -4.5196E-05
  7.0757E-04  9.8928E-04 -4.5796E-05
  7.5576E-04  1.0747E-03 -4.5731E-05
  7.9950E-04  1.1561E-03 -4.4855E-05
  8.3759E-04  1.2308E-03 -4.2957E-05
  3.3837E-05  4.6979E-05 -6.9654E-06
  4.5960E-04 -6.3835E-04 -4.7616E-05
  5.2446E-04 -7.3038E-04 -5.2049E-05
  5.8693E-04 -8.2420E-04 -5.6046E-05
  6.4640E-04 -9.1774E-04 -5.9583E-05
  7.0094E-04 -1.0099E-03 -6.2698E-05
  7.5123E-04 -1.0981E-03 -6.5392E-05
  7.9688E-04 -1.1810E-03 -6.7684E-05
  8.3667E-04 -1.2579E-03 -6.9610E-05
  8.7151E-04 -1.3270E-03 -7.1176E-05
  9.0086E-04 -1.3872E-03 -7.2396E-05
  9.2442E-04 -1.4374E-03 -7.3284E-05
  9.4270E-04 -1.4760E-03 -7.3821E-05
  9.5544E-04 -1.5021E-03 -7.4003E-05
  9.6286E-04 -1.5148E-03 -7.3782E-05
  9.4253E-04 -1.3938E-03 -6.1833E-05
  8.9223E-04  1.2659E-03 -4.5558E-05
  2.1572E-05  2.1857E-05 -4.4142E-06
  7.2191E-05  7.8678E-05 -9.6631E-06
  1.5667E-04  1.7690E-04 -1.6625E-05
  2.8567E-04  3.4536E-04 -2.6515E-05
  9.6138E-04 -1.4999E-03 -6.9066E-05
  9.5362E-04 -1.4709E-03 -6.4434E-05
  9.3921E-04 -1.4291E-03 -5.9979E-05
  9.1886E-04 -1.3758E-03 -5.5710E-05
  8.9216E-04 -1.3114E-03 -5.1593E-05
  8.5775E-04 -1.2357E-03 -4.7563E-05
  8.1576E-04 -1.1483E-03 -4.3632E-05
  7.6689E-04 -1.0518E-03 -3.9825E-05
  7.1218E-04 -9.5089E-04 -3.6149E-05
  6.5353E-04 -8.4808E-04 -3.2587E-05
  5.9211E-04 -7.4476E-04 -2.9109E-05
  5.2807E-04 -6.4176E-04 -2.5677E-05
  4.6149E-04 -5.4029E-04 -2.2271E-05
  3.9498E-04 -4.4224E-04 -1.8954E-05
  9.5484E-04 -1.4401E-03 -5.6427E-05
  9.1051E-04 -1.4083E-03 -8.8832E-05
  8.4841E-04  1.0127E-03 -5.9450E-05
  3.6088E-05  3.8342E-05 -6.2758E-06
  3.2348E-05  3.7884E-05 -6.2850E-06
  3.3465E-04 -4.5026E-04 -3.6898E-05
  4.0056E-04 -5.3577E-04 -4.1501E-05
  4.6664E-04 -6.2700E-04 -4.5862E-05
  5.3106E-04 -7.2225E-04 -4.9887E-05
  5.9340E-04 -8.1853E-04 -5.3516E-05
  6.5242E-04 -9.1346E-04 -5.6714E-05
  7.0651E-04 -1.0059E-03 -5.9502E-05
  7.5654E-04 -1.0942E-03 -6.1891E-05
  8.0202E-04 -1.1776E-03 -6.3911E-05
  8.4213E-04 -1.2552E-03 -6.5600E-05
  8.7739E-04 -1.3250E-03 -6.6939E-05
  9.0700E-04 -1.3858E-03 -6.7936E-05
  9.3083E-04 -1.4361E-03 -6.8599E-05
  9.4922E-04 -1.4745E-03 -6.8877E-05
  9.4331E-04 -1.4063E-03 -5.3475E-05
  9.2870E-04  1.4080E-03 -3.0468E-05
  3.5944E-04  4.4458E-04 -3.0633E-05
  4.2806E-04  5.4085E-04 -3.3882E-05
  4.9041E-04  6.3102E-04 -3.6238E-05
  5.4684E-04  7.1748E-04 -3.7820E-05
  6.0146E-04  8.0292E-04 -3.8780E-05
  6.5554E-04  8.9125E-04 -3.9236E-05
  7.0818E-04  9.8169E-04 -3.9160E-05
  7.5693E-04  1.0685E-03 -3.8302E-05
  7.9945E-04  1.1487E-03 -3.6447E-05
  1.1115E-04  1.2614E-04 -1.3634E-05
  1.0974E-04  1.3125E-04 -1.4516E-05
  3.3006E-04 -3.6065E-04 -1.6572E-05
  2.0366E-04 -2.0472E-04 -1.1238E-05
  9.3391E-05 -8.3706E-05 -6.2043E-06
  1.9029E-05 -1.1753E-05 -1.8025E-06
  9.2569E-04 -1.3591E-03 -5.0449E-05
  9.1710E-04 -1.2874E-03 -6.4562E-05
  9.0622E-04  1.3252E-03 -4.0448E-05
  1.7479E-05  1.6243E-05 -3.7057E-06
  6.5420E-05  6.7463E-05 -8.5458E-06
  1.4072E-04  1.5469E-04 -1.4658E-05
  2.4184E-04  2.8258E-04 -2.2093E-05
  2.1728E-04  2.6747E-04 -2.3947E-05
  9.3630E-04 -1.4333E-03 -6.3522E-05
  9.1670E-04 -1.3799E-03 -5.8555E-05
  8.9065E-04 -1.3157E-03 -5.3906E-05
  8.5767E-04 -1.2424E-03 -4.9525E-05
  8.1826E-04 -1.1593E-03 -4.5339E-05
  7.7113E-04 -1.0655E-03 -4.1274E-05
  7.1517E-04 -9.6226E-04 -3.7287E-05
  6.5437E-04 -8.5561E-04 -3.3501E-05
  5.9211E-04 -7.5106E-04 -2.9950E-05
  5.2864E-04 -6.4943E-04 -2.6541E-05
  4.6371E-04 -5.5126E-04 -2.3210E-05
  3.9720E-04 -4.5459E-04 -1.9864E-05
  2.6577E-04 -2.7467E-04 -1.3477E-05
  9.1110E-04 -1.3020E-03 -7.8763E-05
  9.0223E-04 -1.2995E-03 -4.7360E-05
  8.6255E-04  1.1100E-03 -5.4938E-05
  1.9550E-05  1.5667E-05 -1.3327E-06
  6.7002E-05  6.3036E-05 -2.5810E-06
  1.3815E-04  1.4162E-04 -3.6552E-06
  2.3759E-04  2.6088E-04 -4.9415E-06
  3.6125E-04  4.2491E-04 -6.0283E-06
  7.5566E-04  1.0610E-03 -3.0288E-05
  7.0584E-04  9.6827E-04 -2.4882E-05
  6.5045E-04  8.6992E-04 -2.0098E-05
  5.8897E-04  7.6605E-04 -1.5850E-05
  5.2022E-04  6.5741E-04 -1.2083E-05
  4.4462E-04  5.4369E-04 -8.7752E-06
  7.0609E-05  7.5013E-05 -9.3491E-06
  9.1282E-04 -1.3833E-03 -6.2643E-05
  8.8772E-04 -1.3191E-03 -5.7112E-05
  8.5536E-04 -1.2455E-03 -5.2040E-05
  8.1730E-04 -1.1643E-03 -4.7369E-05
  7.7383E-04 -1.0768E-03 -4.3049E-05
  7.2253E-04 -9.8121E-04 -3.8924E-05
  6.6117E-04 -8.7254E-04 -3.4796E-05
  5.8999E-04 -7.5324E-04 -3.0674E-05
  5.2433E-04 -6.4811E-04 -2.7150E-05
  4.5958E-04 -5.5065E-04 -2.3858E-05
  3.9617E-04 -4.5872E-04 -2.0703E-05
  3.3582E-04 -3.7431E-04 -1.7731E-05
  2.6832E-04 -2.8581E-04 -1.4439E-05
  9.3175E-04 -1.3555E-03 -6.4627E-05
  2.0360E-05  1.6461E-05 -1.6400E-06
  6.8896E-05  6.5170E-05 -3.0925E-06
  1.5423E-04  1.5978E-04 -5.5455E-06
  2.7219E-04  3.0603E-04 -7.9848E-06
  3.9507E-04  4.7201E-04 -1.0022E-05
  7.0993E-04  9.7832E-04 -3.1934E-05
  6.5864E-04  8.8515E-04 -2.6453E-05
  6.0160E-04  7.8775E-04 -2.1613E-05
  5.3819E-04  6.8579E-04 -1.7277E-05
  4.6910E-04  5.7987E-04 -1.3371E-05
  2.1846E-04  2.5922E-04 -2.2388E-05
  2.1447E-04 -2.2255E-04 -1.2638E-05
  1.0623E-04 -1.0048E-04 -7.8331E-06
  2.9537E-05 -2.2292E-05 -3.3168E-06
  1.4721E-04 -1.3725E-04 -8.2087E-06
  6.5884E-04  8.8954E-04 -3.2762E-05
  6.0747E-04  8.0015E-04 -2.7337E-05
  5.5102E-04  7.0746E-04 -2.2568E-05
  4.8807E-04  6.0861E-04 -1.8249E-05
  4.1950E-04  5.0684E-04 -1.4344E-05
  3.4688E-04  4.0522E-04 -1.0881E-05
  1.8623E-05  1.8052E-05 -4.0071E-06
  2.1542E-04 -2.8196E-04 -2.6283E-05
  2.7609E-04 -3.5516E-04 -3.0778E-05
  3.4039E-04 -4.3800E-04 -3.5287E-05
  4.0703E-04 -5.2819E-04 -3.9619E-05
  4.7397E-04 -6.2352E-04 -4.3647E-05
  5.3857E-04 -7.2098E-04 -4.7290E-05
  5.9984E-04 -8.1665E-04 -5.0454E-05
  6.5739E-04 -9.0993E-04 -5.3178E-05
  7.1084E-04 -1.0015E-03 -5.5556E-05
  7.6097E-04 -1.0898E-03 -5.7603E-05
  8.0662E-04 -1.1738E-03 -5.9342E-05
  8.4724E-04 -1.2520E-03 -6.0771E-05
  8.8306E-04 -1.3222E-03 -6.1794E-05
  1.4893E-04 -1.4496E-04 -9.3119E-06
  9.2868E-04 -1.3699E-03 -7.6546E-05
  8.3087E-04 -7.8337E-04 -7.8558E-05
  8.5749E-05  8.3477E-05 -1.3780E-06
  2.0336E-04  2.1892E-04 -5.5479E-06
  2.0925E-05  1.7175E-05 -2.1289E-06
  8.5982E-05  8.4264E-05 -4.9875E-06
  1.4299E-04  1.4733E-04 -6.0507E-06
  2.3147E-04  2.5352E-04 -8.3121E-06
  1.7085E-05  1.5275E-05 -3.4309E-06
  1.7524E-05  1.5233E-05 -3.2191E-06
  1.8671E-05  1.5964E-05 -3.0746E-06
  1.9935E-05  1.6865E-05 -2.9539E-06
  1.8588E-05  1.5176E-05 -2.6451E-06
  1.7896E-05  1.4331E-05 -2.1669E-06
  3.7093E-04  4.3932E-04 -1.4826E-05
  2.5653E-04  2.8641E-04 -1.1509E-05
  1.5052E-04  1.5629E-04 -8.0500E-06
  6.7049E-05  6.3717E-05 -4.9161E-06
  8.5189E-04 -1.2485E-03 -5.5646E-05
  8.1413E-04 -1.1661E-03 -5.0093E-05
  7.7063E-04 -1.0776E-03 -4.5041E-05
  7.2219E-04 -9.8657E-04 -4.0506E-05
  6.7212E-04 -8.9622E-04 -3.6542E-05
  6.1167E-04 -7.9260E-04 -3.2591E-05
  5.3157E-04 -6.6471E-04 -2.8205E-05
  4.3105E-04 -5.1383E-04 -2.3274E-05
  4.0302E-04 -4.7239E-04 -2.1731E-05
  3.0882E-04 -3.4392E-04 -1.7360E-05
  2.8266E-04 -3.0812E-04 -1.5898E-05
  5.2492E-05 -3.9224E-05 -3.4049E-06
  9.0270E-04 -1.2266E-03 -6.7313E-05
  7.2099E-05  6.8579E-05 -2.1911E-06
  3.1722E-04  3.6443E-04 -7.2483E-06
  5.9983E-04  7.9231E-04 -3.2666E-05
  5.5026E-04  7.0950E-04 -2.7412E-05
  5.0150E-04  6.3068E-04 -2.3019E-05
  4.3920E-04  5.3732E-04 -1.8759E-05
  1.7165E-04 -1.7317E-04 -1.1229E-05
  8.3087E-05 -7.7456E-05 -7.0958E-06
  2.3624E-05 -1.8389E-05 -3.1813E-06
  5.2179E-05 -4.2534E-05 -4.5210E-06
  8.1562E-04 -6.4910E-04 -7.9432E-05
  2.6654E-04  2.9806E-04 -3.8824E-06
  1.2180E-04  1.2332E-04 -4.0251E-06
  5.4036E-04  6.9948E-04 -3.2164E-05
  4.6838E-04  5.8497E-04 -2.5776E-05
  3.6654E-04  4.3645E-04 -1.9763E-05
  2.8807E-04  3.2910E-04 -1.5311E-05
  2.1638E-04  2.3639E-04 -1.1417E-05
  1.8992E-04  2.0316E-04 -8.3404E-06
  7.5033E-05 -6.7730E-05 -6.5560E-06
  2.3573E-05  1.9318E-05 -6.9115E-07
  7.4159E-05  7.1000E-05 -3.8044E-06
  1.1838E-04  1.2072E-04 -7.5923E-06
  5.4485E-05  5.0084E-05 -4.6335E-06
  3.2651E-04  3.7875E-04 -1.5100E-05
  1.6115E-04 -2.0045E-04 -2.0402E-05
  6.6928E-05 -8.3440E-05 -1.0912E-05
  1.0449E-05 -1.4565E-05 -3.1941E-06
  2.9251E-04 -3.2549E-04 -1.6998E-05
  1.7360E-04 -1.7924E-04 -1.1814E-05
  8.0437E-05 -7.6561E-05 -7.2560E-06
  2.1691E-05 -1.7418E-05 -3.1766E-06
  2.3851E-05 -1.7933E-05 -3.1010E-06
  9.1904E-04 -1.3042E-03 -6.7399E-05
  1.9820E-05  1.5862E-05 -1.0595E-06
  2.8112E-04 -3.4742E-04 -2.9219E-05
  1.6429E-04 -1.9301E-04 -1.9370E-05
  6.9080E-05 -7.8579E-05 -1.0548E-05
  1.1654E-05 -1.2956E-05 -3.4053E-06
  8.1076E-04 -1.1695E-03 -5.4144E-05
  7.6460E-04 -1.0844E-03 -5.2542E-05
  7.1380E-04 -9.9531E-04 -5.0771E-05
  6.6003E-04 -9.0357E-04 -4.8764E-05
  6.0298E-04 -8.1083E-04 -4.6479E-05
  5.4402E-04 -7.1892E-04 -4.3925E-05
  4.8347E-04 -6.2704E-04 -4.1023E-05
  4.1739E-04 -5.3183E-04 -3.7522E-05
  3.4799E-04 -4.3590E-04 -3.3493E-05
  2.2961E-05 -2.3194E-05 -4.9573E-06
  7.5778E-05 -8.2455E-05 -1.0627E-05
  1.6407E-04 -1.8559E-04 -1.8087E-05
  2.9295E-04 -3.5398E-04 -2.8064E-05
  8.3822E-05 -7.9362E-05 -7.2905E-06
  8.8953E-04 -1.1605E-03 -6.9899E-05
  3.0034E-04  3.4293E-04 -1.1373E-05
  2.2347E-04 -2.6451E-04 -2.3566E-05
  2.2997E-05 -1.8274E-05 -3.2129E-06
  9.5425E-04 -1.4581E-03 -7.1085E-05
  9.0445E-04 -1.2407E-03 -7.0159E-05
  1.5494E-04  1.6023E-04 -3.0478E-06
  1.8002E-04  1.9267E-04 -1.1060E-05
  7.8140E-05  7.6742E-05 -6.4781E-06
  3.2757E-05 -3.8032E-05 -6.5481E-06
  7.6749E-04 -1.0796E-03 -4.8152E-05
  7.1567E-04 -9.8885E-04 -4.6323E-05
  6.6073E-04 -8.9545E-04 -4.4478E-05
  6.0339E-04 -8.0195E-04 -4.2489E-05
  5.4411E-04 -7.1012E-04 -4.0305E-05
  4.8296E-04 -6.1788E-04 -3.7769E-05
  4.2586E-04 -5.3588E-04 -3.5301E-05
  3.6598E-04 -4.5260E-04 -3.2364E-05
  1.9625E-05 -1.8600E-05 -4.5294E-06
  7.3122E-05 -7.6376E-05 -1.0207E-05
  1.5457E-04 -1.7069E-04 -1.6829E-05
  2.5462E-04 -2.9902E-04 -2.4300E-05
  9.6155E-04 -1.4786E-03 -6.8457E-05
  8.6620E-04 -1.0345E-03 -7.5312E-05
  2.1804E-05  1.7901E-05 -1.9842E-06
  1.1063E-04 -1.4491E-04 -1.6212E-05
  3.9022E-04 -4.6025E-04 -2.1754E-05
  2.5694E-04 -2.8363E-04 -1.6120E-05
  1.4605E-04 -1.5027E-04 -1.1029E-05
  6.6927E-05 -6.3034E-05 -6.7974E-06
  1.9393E-05 -1.5626E-05 -3.1425E-06
  7.6072E-05 -8.1161E-05 -1.0646E-05
  3.7488E-05 -3.9530E-05 -6.7986E-06
  8.8676E-04 -1.1509E-03 -7.2997E-05
  4.5679E-04  5.6572E-04 -2.3041E-05
  3.9617E-04  4.7627E-04 -1.9158E-05
  4.8952E-04 -6.0478E-04 -2.6503E-05
  5.7210E-04 -7.3280E-04 -3.0850E-05
  6.0966E-04 -7.9418E-04 -3.3440E-05
  6.6367E-04 -8.8765E-04 -3.7616E-05
  7.1759E-04 -9.8497E-04 -4.2615E-05
  3.5634E-04 -4.1576E-04 -2.0729E-05
  4.6920E-04 -5.7737E-04 -2.6292E-05
  5.3796E-04 -6.8331E-04 -3.0640E-05
  6.0199E-04 -7.8660E-04 -3.5304E-05
  6.6117E-04 -8.8908E-04 -4.0568E-05
  2.5596E-05 -2.1549E-05 -4.0894E-06
  9.3260E-05 -9.3007E-05 -8.9980E-06
  1.8907E-04 -2.0225E-04 -1.4002E-05
  3.1479E-04 -3.6129E-04 -1.9649E-05
  6.0236E-04 -7.9261E-04 -3.8754E-05
  5.3920E-04 -6.8937E-04 -3.3548E-05
  4.7219E-04 -5.8534E-04 -2.8777E-05
  3.9904E-04 -4.7777E-04 -2.4217E-05
  1.1466E-04 -1.2956E-04 -1.4559E-05
  9.4281E-04 -1.4220E-03 -7.3854E-05
  8.4727E-04 -9.1223E-04 -7.7210E-05
  3.3577E-05 -4.6620E-05 -7.1180E-06
  5.4090E-04 -6.9769E-04 -3.6746E-05
  4.7584E-04 -5.9475E-04 -3.1545E-05
  4.1016E-04 -4.9601E-04 -2.6885E-05
  3.4045E-04 -3.9760E-04 -2.2521E-05
  2.6350E-04 -2.9541E-04 -1.8129E-05
  7.4190E-05 -7.0462E-05 -7.1000E-06
  2.0438E-05 -1.9963E-05 -4.6872E-06
  2.5662E-04  2.8919E-04 -1.5274E-05
  1.5318E-04  1.6123E-04 -1.0816E-05
  7.0230E-05  6.8686E-05 -6.7817E-06
  1.1072E-04 -1.3182E-04 -1.5055E-05
  2.2705E-04 -2.4756E-04 -1.5254E-05
  1.9918E-05 -1.6883E-05 -3.9004E-06
  6.8267E-05 -6.5742E-05 -7.9927E-06
  1.4040E-04 -1.4569E-04 -1.2099E-05
  1.9135E-05 -1.7597E-05 -4.3608E-06
  1.8506E-05 -1.6488E-05 -4.1596E-06
  1.7515E-05 -1.5025E-05 -3.8993E-06
  1.8682E-05 -1.5832E-05 -3.7872E-06
  2.8666E-04 -3.2757E-04 -2.0738E-05
  1.7828E-04 -1.9098E-04 -1.5146E-05
  7.8346E-05 -7.7466E-05 -9.0658E-06
  1.9973E-05 -1.6053E-05 -3.1123E-06
  1.7857E-04 -1.8356E-04 -1.1826E-05
  9.6478E-04 -1.4858E-03 -6.5930E-05
  8.7780E-04 -1.1014E-03 -7.2258E-05
  2.1983E-04 -2.4101E-04 -1.6716E-05
  1.2456E-04 -1.2697E-04 -1.0277E-05
  4.8075E-04 -6.0756E-04 -3.4631E-05
  4.1079E-04 -5.0090E-04 -2.9230E-05
  3.4674E-04 -4.0926E-04 -2.4649E-05
  2.1838E-04 -2.6817E-04 -2.4756E-05
  6.2960E-05 -5.9565E-05 -7.5066E-06
  4.2275E-04 -5.2413E-04 -3.2404E-05
  3.5580E-04 -4.2640E-04 -2.7283E-05
  2.6481E-04 -3.0186E-04 -2.1174E-05
  2.4047E-04 -2.6815E-04 -1.9070E-05
  1.3218E-04 -1.3695E-04 -1.2043E-05
  2.8038E-04 -3.1207E-04 -1.6799E-05
  6.0376E-05 -5.6190E-05 -6.4101E-06
  1.6218E-04 -1.6729E-04 -1.1525E-05
  1.9635E-05 -1.6275E-05 -3.7226E-06
  4.8770E-04  6.1983E-04 -3.1587E-05
  4.1989E-04  5.1576E-04 -2.5726E-05
  3.4004E-04  4.0122E-04 -2.0188E-05
  2.3067E-04  2.5687E-04 -1.5318E-05
  1.3699E-04  1.4400E-04 -1.0926E-05
  6.4581E-05  6.3193E-05 -7.0005E-06
  1.3983E-04 -1.4704E-04 -1.3617E-05
  6.6517E-05 -6.5685E-05 -8.7773E-06
  7.1105E-05 -7.2911E-05 -9.7890E-06
  6.9778E-05 -7.0356E-05 -9.3601E-06
  1.4893E-04 -1.6234E-04 -1.5928E-05
  1.4736E-04 -1.5893E-04 -1.5239E-05
  1.4826E-04 -1.5835E-04 -1.4675E-05
  2.4267E-04 -2.7542E-04 -2.0800E-05
  6.1960E-05  6.2238E-05 -7.8418E-06
  6.1643E-05  6.0822E-05 -7.3304E-06
  3.0716E-04  3.5826E-04 -2.0113E-05
  2.0937E-04  2.3197E-04 -1.5414E-05
  1.2688E-04  1.3374E-04 -1.1240E-05
  5.7230E-05 -5.4463E-05 -7.8024E-06
  1.2871E-04  1.3878E-04 -1.3050E-05
  1.2373E-04  1.3148E-04 -1.1909E-05
  4.3567E-04  5.4503E-04 -3.0543E-05
  3.7617E-04  4.5585E-04 -2.5214E-05
  2.7778E-04  3.2132E-04 -1.9928E-05
  1.9583E-04  2.1666E-04 -1.5728E-05
  3.8014E-04  4.6674E-04 -2.8779E-05
  3.3361E-04  3.9834E-04 -2.4301E-05
  2.4238E-04 -2.8004E-04 -2.2551E-05
  2.3876E-04 -2.7276E-04 -2.1471E-05
  3.2092E-04 -3.8004E-04 -2.6054E-05
  3.1614E-04  3.7921E-04 -2.6028E-05
  3.4992E-04 -4.2369E-04 -2.8970E-05
  2.1442E-04  2.4393E-04 -1.9035E-05
  2.8114E-04  3.2930E-04 -2.2374E-05
  2.5585E-04  2.9386E-04 -1.9742E-05
  1.9731E-04  2.2018E-04 -1.6851E-05
  3.2676E-04 -3.9410E-04 -2.8560E-05
