Scalar STRAINXX under NLDynamic for nodeset
189
   0.0000E+00
  0.0000E+00
  0.0000E+00
  0.0000E+00
  0.0000E+00
  0.0000E+00
  0.0000E+00
  0.0000E+00
  0.0000E+00
  0.0000E+00
  0.0000E+00
  0.0000E+00
  0.0000E+00
  0.0000E+00
  0.0000E+00
  0.0000E+00
  0.0000E+00
  0.0000E+00
  0.0000E+00
  0.0000E+00
  0.0000E+00
  0.0000E+00
  0.0000E+00
  0.0000E+00
  0.0000E+00
  0.0000E+00
  0.0000E+00
  0.0000E+00
  0.0000E+00
  0.0000E+00
  0.0000E+00
  0.0000E+00
  0.0000E+00
  0.0000E+00
  0.0000E+00
  0.0000E+00
  0.0000E+00
  0.0000E+00
  0.0000E+00
  0.0000E+00
  0.0000E+00
  0.0000E+00
  0.0000E+00
  0.0000E+00
  0.0000E+00
  0.0000E+00
  0.0000E+00
  0.0000E+00
  0.0000E+00
  0.0000E+00
  0.0000E+00
  0.0000E+00
  0.0000E+00
  0.0000E+00
  0.0000E+00
  0.0000E+00
  0.0000E+00
  0.0000E+00
  0.0000E+00
  0.0000E+00
  0.0000E+00
  0.0000E+00
  0.0000E+00
  0.0000E+00
  0.0000E+00
  0.0000E+00
  0.0000E+00
  0.0000E+00
  0.0000E+00
  0.0000E+00
  0.0000E+00
  0.0000E+00
  0.0000E+00
  0.0000E+00
  0.0000E+00
  0.0000E+00
  0.0000E+00
  0.0000E+00
  0.0000E+00
  0.0000E+00
  0.0000E+00
  0.0000E+00
  0.0000E+00
  0.0000E+00
  0.0000E+00
  0.0000E+00
  0.0000E+00
  0.0000E+00
  0.0000E+00
  0.0000E+00
  0.0000E+00
  0.0000E+00
  0.0000E+00
  0.0000E+00
  0.0000E+00
  0.0000E+00
  0.0000E+00
  0.0000E+00
  0.0000E+00
  0.0000E+00
  0.0000E+00
  0.0000E+00
  0.0000E+00
  0.0000E+00
  0.0000E+00
  0.0000E+00
  0.0000E+00
  0.0000E+00
  0.0000E+00
  0.0000E+00
  0.0000E+00
  0.0000E+00
  0.0000E+00
  0.0000E+00
  0.0000E+00
  0.0000E+00
  0.0000E+00
  0.0000E+00
  0.0000E+00
  0.0000E+00
  0.0000E+00
  0.0000E+00
  0.0000E+00
  0.0000E+00
  0.0000E+00
  0.0000E+00
  0.0000E+00
  0.0000E+00
  0.0000E+00
  0.0000E+00
  0.0000E+00
  0.0000E+00
  0.0000E+00
  0.0000E+00
  0.0000E+00
  0.0000E+00
  0.0000E+00
  0.0000E+00
  0.0000E+00
  0.0000E+00
  0.0000E+00
  0.0000E+00
  0.0000E+00
  0.0000E+00
  0.0000E+00
  0.0000E+00
  0.0000E+00
  0.0000E+00
  0.0000E+00
  0.0000E+00
  0.0000E+00
  0.0000E+00
  0.0000E+00
  0.0000E+00
  0.0000E+00
  0.0000E+00
  0.0000E+00
  0.0000E+00
  0.0000E+00
  0.0000E+00
  0.0000E+00
  0.0000E+00
  0.0000E+00
  0.0000E+00
  0.0000E+00
  0.0000E+00
  0.0000E+00
  0.0000E+00
  0.0000E+00
  0.0000E+00
  0.0000E+00
  0.0000E+00
  0.0000E+00
  0.0000E+00
  0.0000E+00
  0.0000E+00
  0.0000E+00
  0.0000E+00
  0.0000E+00
  0.0000E+00
  0.0000E+00
  0.0000E+00
  0.0000E+00
  0.0000E+00
  0.0000E+00
  0.0000E+00
  0.0000E+00
  0.0000E+00
  0.0000E+00
  0.0000E+00
   3.0000E+01
  0.0000E+00
  0.0000E+00
  0.0000E+00
  0.0000E+00
  0.0000E+00
  0.0000E+00
  0.0000E+00
  0.0000E+00
  0.0000E+00
  1.2695E-01
  1.2934E-01
  1.2695E-01
  1.2695E-01
  1.2934E-01
  1.2695E-01
  1.2695E-01
  1.2934E-01
  1.2695E-01
  1.2085E-01
  1.2734E-01
  1.2085E-01
  1.2085E-01
  1.2734E-01
  1.2085E-01
  1.2085E-01
  1.2734E-01
  1.2085E-01
  8.6510E-02
  8.1677E-02
  8.6510E-02
  8.6510E-02
  8.1677E-02
  8.6510E-02
  8.6510E-02
  8.1677E-02
  8.6510E-02
  8.4776E-02
  8.6206E-02
  8.4776E-02
  8.4776E-02
  8.6205E-02
  8.4776E-02
  8.4776E-02
  8.6205E-02
  8.4776E-02
  7.9468E-02
  7.8176E-02
  7.9468E-02
  7.9468E-02
  7.8176E-02
  7.9468E-02
  7.9467E-02
  7.8176E-02
  7.9468E-02
  7.2867E-02
  7.1581E-02
  7.2867E-02
  7.2867E-02
  7.1581E-02
  7.2867E-02
  7.2867E-02
  7.1581E-02
  7.2867E-02
  6.3532E-02
  6.9033E-02
  6.3532E-02
  6.3532E-02
  6.9033E-02
  6.3532E-02
  6.3532E-02
  6.9033E-02
  6.3532E-02
  6.1461E-02
  5.7576E-02
  6.1461E-02
  6.1461E-02
  5.7576E-02
  6.1461E-02
  6.1461E-02
  5.7576E-02
  6.1461E-02
  5.2384E-02
  5.3785E-02
  5.2384E-02
  5.2384E-02
  5.3785E-02
  5.2384E-02
  5.2384E-02
  5.3785E-02
  5.2384E-02
  5.6309E-02
  5.4614E-02
  5.6309E-02
  5.6309E-02
  5.4614E-02
  5.6309E-02
  5.6309E-02
  5.4614E-02
  5.6309E-02
  5.0891E-02
  4.7024E-02
  5.0891E-02
  5.0891E-02
  4.7024E-02
  5.0891E-02
  5.0891E-02
  4.7025E-02
  5.0891E-02
  4.9612E-02
  5.3612E-02
  4.9612E-02
  4.9612E-02
  5.3612E-02
  4.9612E-02
  4.9612E-02
  5.3612E-02
  4.9612E-02
  6.1134E-02
  6.0380E-02
  6.1134E-02
  6.1134E-02
  6.0380E-02
  6.1134E-02
  6.1134E-02
  6.0380E-02
  6.1134E-02
  4.8988E-02
  5.0826E-02
  4.8988E-02
  4.8988E-02
  5.0826E-02
  4.8988E-02
  4.8988E-02
  5.0826E-02
  4.8988E-02
  6.0253E-02
  6.0068E-02
  6.0253E-02
  6.0253E-02
  6.0069E-02
  6.0253E-02
  6.0253E-02
  6.0069E-02
  6.0253E-02
  5.7901E-02
  5.7085E-02
  5.7901E-02
  5.7901E-02
  5.7085E-02
  5.7901E-02
  5.7901E-02
  5.7085E-02
  5.7901E-02
  5.3272E-02
  5.3353E-02
  5.3272E-02
  5.3272E-02
  5.3353E-02
  5.3272E-02
  5.3272E-02
  5.3353E-02
  5.3272E-02
  6.0570E-02
  5.9230E-02
  6.0570E-02
  6.0570E-02
  5.9230E-02
  6.0570E-02
  6.0570E-02
  5.9230E-02
  6.0570E-02
  5.1061E-02
  5.2319E-02
  5.1061E-02
  5.1061E-02
  5.2319E-02
  5.1061E-02
  5.1061E-02
  5.2319E-02
  5.1061E-02
  5.6435E-02
  5.8883E-02
  5.6435E-02
  5.6435E-02
  5.8883E-02
  5.6435E-02
  5.6435E-02
  5.8883E-02
  5.6435E-02
