Scalar SIGMAXX under NLDynamic for nodeset
189
   0.0000E+00
  0.0000E+00
  0.0000E+00
  0.0000E+00
  0.0000E+00
  0.0000E+00
  0.0000E+00
  0.0000E+00
  0.0000E+00
  0.0000E+00
  0.0000E+00
  0.0000E+00
  0.0000E+00
  0.0000E+00
  0.0000E+00
  0.0000E+00
  0.0000E+00
  0.0000E+00
  0.0000E+00
  0.0000E+00
  0.0000E+00
  0.0000E+00
  0.0000E+00
  0.0000E+00
  0.0000E+00
  0.0000E+00
  0.0000E+00
  0.0000E+00
  0.0000E+00
  0.0000E+00
  0.0000E+00
  0.0000E+00
  0.0000E+00
  0.0000E+00
  0.0000E+00
  0.0000E+00
  0.0000E+00
  0.0000E+00
  0.0000E+00
  0.0000E+00
  0.0000E+00
  0.0000E+00
  0.0000E+00
  0.0000E+00
  0.0000E+00
  0.0000E+00
  0.0000E+00
  0.0000E+00
  0.0000E+00
  0.0000E+00
  0.0000E+00
  0.0000E+00
  0.0000E+00
  0.0000E+00
  0.0000E+00
  0.0000E+00
  0.0000E+00
  0.0000E+00
  0.0000E+00
  0.0000E+00
  0.0000E+00
  0.0000E+00
  0.0000E+00
  0.0000E+00
  0.0000E+00
  0.0000E+00
  0.0000E+00
  0.0000E+00
  0.0000E+00
  0.0000E+00
  0.0000E+00
  0.0000E+00
  0.0000E+00
  0.0000E+00
  0.0000E+00
  0.0000E+00
  0.0000E+00
  0.0000E+00
  0.0000E+00
  0.0000E+00
  0.0000E+00
  0.0000E+00
  0.0000E+00
  0.0000E+00
  0.0000E+00
  0.0000E+00
  0.0000E+00
  0.0000E+00
  0.0000E+00
  0.0000E+00
  0.0000E+00
  0.0000E+00
  0.0000E+00
  0.0000E+00
  0.0000E+00
  0.0000E+00
  0.0000E+00
  0.0000E+00
  0.0000E+00
  0.0000E+00
  0.0000E+00
  0.0000E+00
  0.0000E+00
  0.0000E+00
  0.0000E+00
  0.0000E+00
  0.0000E+00
  0.0000E+00
  0.0000E+00
  0.0000E+00
  0.0000E+00
  0.0000E+00
  0.0000E+00
  0.0000E+00
  0.0000E+00
  0.0000E+00
  0.0000E+00
  0.0000E+00
  0.0000E+00
  0.0000E+00
  0.0000E+00
  0.0000E+00
  0.0000E+00
  0.0000E+00
  0.0000E+00
  0.0000E+00
  0.0000E+00
  0.0000E+00
  0.0000E+00
  0.0000E+00
  0.0000E+00
  0.0000E+00
  0.0000E+00
  0.0000E+00
  0.0000E+00
  0.0000E+00
  0.0000E+00
  0.0000E+00
  0.0000E+00
  0.0000E+00
  0.0000E+00
  0.0000E+00
  0.0000E+00
  0.0000E+00
  0.0000E+00
  0.0000E+00
  0.0000E+00
  0.0000E+00
  0.0000E+00
  0.0000E+00
  0.0000E+00
  0.0000E+00
  0.0000E+00
  0.0000E+00
  0.0000E+00
  0.0000E+00
  0.0000E+00
  0.0000E+00
  0.0000E+00
  0.0000E+00
  0.0000E+00
  0.0000E+00
  0.0000E+00
  0.0000E+00
  0.0000E+00
  0.0000E+00
  0.0000E+00
  0.0000E+00
  0.0000E+00
  0.0000E+00
  0.0000E+00
  0.0000E+00
  0.0000E+00
  0.0000E+00
  0.0000E+00
  0.0000E+00
  0.0000E+00
  0.0000E+00
  0.0000E+00
  0.0000E+00
  0.0000E+00
  0.0000E+00
  0.0000E+00
  0.0000E+00
  0.0000E+00
  0.0000E+00
  0.0000E+00
  0.0000E+00
  0.0000E+00
  0.0000E+00
   3.0000E+01
 -3.5861E+02
 -2.9789E+02
 -3.5861E+02
 -2.9789E+02
 -2.1752E+02
 -2.9789E+02
 -3.5861E+02
 -2.9789E+02
 -3.5861E+02
  9.4086E+01
  9.7310E+01
  9.4086E+01
  9.3536E+01
  1.1663E+02
  9.3536E+01
  9.4086E+01
  9.7310E+01
  9.4086E+01
  4.9836E+01
  4.6673E+01
  4.9836E+01
  3.6441E+01
  3.6820E+01
  3.6441E+01
  4.9836E+01
  4.6673E+01
  4.9836E+01
 -2.9921E+01
 -3.3385E+01
 -2.9921E+01
 -2.5764E+01
 -1.6946E+01
 -2.5764E+01
 -2.9921E+01
 -3.3385E+01
 -2.9921E+01
 -9.9301E+00
  6.4947E+00
 -9.9301E+00
  4.2403E+00
  9.9092E+00
  4.2403E+00
 -9.9301E+00
  6.4947E+00
 -9.9301E+00
  3.3308E+00
 -5.3185E+00
  3.3308E+00
 -3.2810E+00
 -9.4455E-01
 -3.2810E+00
  3.3308E+00
 -5.3185E+00
  3.3308E+00
  7.2122E+00
  2.4032E+00
  7.2122E+00
  4.4312E+00
  6.4936E+00
  4.4312E+00
  7.2122E+00
  2.4032E+00
  7.2122E+00
 -1.1618E+01
  1.8207E+01
 -1.1618E+01
  9.5320E+00
  6.6256E+00
  9.5320E+00
 -1.1618E+01
  1.8207E+01
 -1.1618E+01
  1.9539E+01
 -1.4097E+01
  1.9539E+01
 -7.9705E+00
 -1.5705E+01
 -7.9705E+00
  1.9539E+01
 -1.4097E+01
  1.9539E+01
 -1.0479E+01
 -7.2213E+00
 -1.0479E+01
 -9.4315E+00
 -2.0775E+00
 -9.4315E+00
 -1.0479E+01
 -7.2213E+00
 -1.0479E+01
  8.7935E-01
  2.1090E+01
  8.7935E-01
  2.3762E+01
  2.9759E+01
  2.3762E+01
  8.7935E-01
  2.1090E+01
  8.7935E-01
 -9.4293E+00
 -2.1092E+01
 -9.4293E+00
 -1.4995E+01
 -1.4605E+01
 -1.4995E+01
 -9.4293E+00
 -2.1092E+01
 -9.4293E+00
 -2.3818E+01
 -1.4821E+01
 -2.3818E+01
 -2.1129E+01
 -2.0283E+01
 -2.1129E+01
 -2.3818E+01
 -1.4821E+01
 -2.3818E+01
  2.1319E+01
  1.8057E+01
  2.1319E+01
  1.9246E+01
  1.3931E+01
  1.9246E+01
  2.1319E+01
  1.8057E+01
  2.1319E+01
 -1.5111E+01
 -1.8153E+01
 -1.5111E+01
 -2.1050E+01
 -1.6222E+01
 -2.1050E+01
 -1.5111E+01
 -1.8153E+01
 -1.5111E+01
  1.9920E+01
  2.1166E+01
  1.9920E+01
  2.1456E+01
  1.7012E+01
  2.1456E+01
  1.9920E+01
  2.1166E+01
  1.9920E+01
  1.1187E+01
  6.4121E+00
  1.1187E+01
  7.6987E+00
  5.4280E+00
  7.6987E+00
  1.1187E+01
  6.4121E+00
  1.1187E+01
 -6.6433E+00
 -6.9058E+00
 -6.6433E+00
 -7.0344E+00
 -5.5773E+00
 -7.0344E+00
 -6.6433E+00
 -6.9058E+00
 -6.6433E+00
  1.6835E+01
  1.7253E+01
  1.6835E+01
  1.9367E+01
  1.5598E+01
  1.9367E+01
  1.6835E+01
  1.7253E+01
  1.6835E+01
 -1.1794E+01
 -1.2593E+01
 -1.1794E+01
 -1.4578E+01
 -1.4622E+01
 -1.4578E+01
 -1.1794E+01
 -1.2593E+01
 -1.1794E+01
  1.6786E+01
  1.6208E+01
  1.6786E+01
  1.2348E+01
  1.5953E+01
  1.2348E+01
  1.6786E+01
  1.6208E+01
  1.6786E+01
