Scalar SIGMAXZ under NLDynamic for nodeset
189
   0.0000E+00
  0.0000E+00
  0.0000E+00
  0.0000E+00
  0.0000E+00
  0.0000E+00
  0.0000E+00
  0.0000E+00
  0.0000E+00
  0.0000E+00
  0.0000E+00
  0.0000E+00
  0.0000E+00
  0.0000E+00
  0.0000E+00
  0.0000E+00
  0.0000E+00
  0.0000E+00
  0.0000E+00
  0.0000E+00
  0.0000E+00
  0.0000E+00
  0.0000E+00
  0.0000E+00
  0.0000E+00
  0.0000E+00
  0.0000E+00
  0.0000E+00
  0.0000E+00
  0.0000E+00
  0.0000E+00
  0.0000E+00
  0.0000E+00
  0.0000E+00
  0.0000E+00
  0.0000E+00
  0.0000E+00
  0.0000E+00
  0.0000E+00
  0.0000E+00
  0.0000E+00
  0.0000E+00
  0.0000E+00
  0.0000E+00
  0.0000E+00
  0.0000E+00
  0.0000E+00
  0.0000E+00
  0.0000E+00
  0.0000E+00
  0.0000E+00
  0.0000E+00
  0.0000E+00
  0.0000E+00
  0.0000E+00
  0.0000E+00
  0.0000E+00
  0.0000E+00
  0.0000E+00
  0.0000E+00
  0.0000E+00
  0.0000E+00
  0.0000E+00
  0.0000E+00
  0.0000E+00
  0.0000E+00
  0.0000E+00
  0.0000E+00
  0.0000E+00
  0.0000E+00
  0.0000E+00
  0.0000E+00
  0.0000E+00
  0.0000E+00
  0.0000E+00
  0.0000E+00
  0.0000E+00
  0.0000E+00
  0.0000E+00
  0.0000E+00
  0.0000E+00
  0.0000E+00
  0.0000E+00
  0.0000E+00
  0.0000E+00
  0.0000E+00
  0.0000E+00
  0.0000E+00
  0.0000E+00
  0.0000E+00
  0.0000E+00
  0.0000E+00
  0.0000E+00
  0.0000E+00
  0.0000E+00
  0.0000E+00
  0.0000E+00
  0.0000E+00
  0.0000E+00
  0.0000E+00
  0.0000E+00
  0.0000E+00
  0.0000E+00
  0.0000E+00
  0.0000E+00
  0.0000E+00
  0.0000E+00
  0.0000E+00
  0.0000E+00
  0.0000E+00
  0.0000E+00
  0.0000E+00
  0.0000E+00
  0.0000E+00
  0.0000E+00
  0.0000E+00
  0.0000E+00
  0.0000E+00
  0.0000E+00
  0.0000E+00
  0.0000E+00
  0.0000E+00
  0.0000E+00
  0.0000E+00
  0.0000E+00
  0.0000E+00
  0.0000E+00
  0.0000E+00
  0.0000E+00
  0.0000E+00
  0.0000E+00
  0.0000E+00
  0.0000E+00
  0.0000E+00
  0.0000E+00
  0.0000E+00
  0.0000E+00
  0.0000E+00
  0.0000E+00
  0.0000E+00
  0.0000E+00
  0.0000E+00
  0.0000E+00
  0.0000E+00
  0.0000E+00
  0.0000E+00
  0.0000E+00
  0.0000E+00
  0.0000E+00
  0.0000E+00
  0.0000E+00
  0.0000E+00
  0.0000E+00
  0.0000E+00
  0.0000E+00
  0.0000E+00
  0.0000E+00
  0.0000E+00
  0.0000E+00
  0.0000E+00
  0.0000E+00
  0.0000E+00
  0.0000E+00
  0.0000E+00
  0.0000E+00
  0.0000E+00
  0.0000E+00
  0.0000E+00
  0.0000E+00
  0.0000E+00
  0.0000E+00
  0.0000E+00
  0.0000E+00
  0.0000E+00
  0.0000E+00
  0.0000E+00
  0.0000E+00
  0.0000E+00
  0.0000E+00
  0.0000E+00
  0.0000E+00
  0.0000E+00
  0.0000E+00
  0.0000E+00
  0.0000E+00
  0.0000E+00
  0.0000E+00
  0.0000E+00
  0.0000E+00
  0.0000E+00
   3.0000E+01
 -9.1635E+01
 -9.2568E+01
 -9.1635E+01
  1.1730E-11
  1.2255E-11
  1.5231E-11
  9.1635E+01
  9.2568E+01
  9.1635E+01
 -1.1555E+01
 -1.1338E+01
 -1.1555E+01
 -1.1995E-11
 -8.8316E-12
 -4.4826E-12
  1.1555E+01
  1.1338E+01
  1.1555E+01
 -5.8425E+00
 -8.5340E-01
 -5.8425E+00
 -7.8906E-12
 -7.3914E-12
 -1.5268E-11
  5.8425E+00
  8.5340E-01
  5.8425E+00
  7.7003E+00
  5.9212E-01
  7.7003E+00
 -1.1912E-11
 -3.8565E-12
 -8.0529E-12
 -7.7003E+00
 -5.9212E-01
 -7.7003E+00
 -7.3175E+00
  6.9031E+00
 -7.3175E+00
  3.9303E-11
  1.7410E-11
  2.0454E-11
  7.3175E+00
 -6.9031E+00
  7.3175E+00
  1.5124E+01
 -7.9206E+00
  1.5124E+01
  1.1918E-11
  1.2942E-11
  1.9915E-11
 -1.5124E+01
  7.9206E+00
 -1.5124E+01
 -1.0674E+01
  1.6432E+01
 -1.0674E+01
  3.0212E-11
  1.4693E-11
  3.1435E-11
  1.0674E+01
 -1.6432E+01
  1.0674E+01
  1.2578E+01
 -6.7571E-01
  1.2578E+01
  8.6340E-12
  2.2837E-11
  1.4218E-11
 -1.2578E+01
  6.7571E-01
 -1.2578E+01
  7.2328E+00
 -4.9240E+00
  7.2328E+00
  4.1108E-11
  1.2918E-11
  1.0552E-11
 -7.2328E+00
  4.9240E+00
 -7.2328E+00
 -2.0194E+01
 -1.2723E+00
 -2.0194E+01
 -1.2015E-11
 -6.5892E-12
 -3.0896E-11
  2.0194E+01
  1.2723E+00
  2.0194E+01
  1.7535E+00
 -3.7588E+00
  1.7535E+00
 -5.9979E-11
 -8.1956E-11
 -5.4200E-11
 -1.7535E+00
  3.7588E+00
 -1.7535E+00
  1.3388E+01
  1.1782E+01
  1.3388E+01
 -1.8558E-10
 -1.0029E-10
 -1.8474E-10
 -1.3388E+01
 -1.1782E+01
 -1.3388E+01
 -4.0584E+00
  2.3776E+00
 -4.0584E+00
 -2.8702E-10
 -1.5984E-10
 -2.8809E-10
  4.0584E+00
 -2.3776E+00
  4.0584E+00
  8.3772E+00
 -1.3752E+00
  8.3772E+00
 -2.1210E-10
 -1.4783E-10
 -2.0558E-10
 -8.3772E+00
  1.3752E+00
 -8.3772E+00
 -9.8847E-01
  3.4284E+00
 -9.8847E-01
  1.9894E-10
  1.7054E-10
  2.2297E-10
  9.8847E-01
 -3.4284E+00
  9.8847E-01
 -5.9970E+00
 -5.2331E+00
 -5.9970E+00
  1.1104E-09
  8.3846E-10
  1.1169E-09
  5.9970E+00
  5.2331E+00
  5.9970E+00
  3.9128E+00
  7.4238E-01
  3.9128E+00
  2.2741E-09
  1.6312E-09
  2.2861E-09
 -3.9128E+00
 -7.4238E-01
 -3.9128E+00
 -6.8251E+00
 -3.6076E+00
 -6.8251E+00
  2.3822E-09
  1.5747E-09
  2.4061E-09
  6.8251E+00
  3.6076E+00
  6.8251E+00
  1.4194E+00
  1.3715E-01
  1.4194E+00
  3.9907E-10
  2.3235E-10
  4.0676E-10
 -1.4194E+00
 -1.3715E-01
 -1.4194E+00
  1.4263E+00
 -2.7190E+00
  1.4263E+00
 -5.0748E-09
 -4.5317E-09
 -5.0837E-09
 -1.4263E+00
  2.7190E+00
 -1.4263E+00
 -9.3247E+00
 -1.0147E+01
 -9.3247E+00
 -7.8857E-09
 -7.1376E-09
 -7.9035E-09
  9.3247E+00
  1.0147E+01
  9.3247E+00
