Scalar STRAINXZ under NLDynamic for nodeset
189
   0.0000E+00
  0.0000E+00
  0.0000E+00
  0.0000E+00
  0.0000E+00
  0.0000E+00
  0.0000E+00
  0.0000E+00
  0.0000E+00
  0.0000E+00
  0.0000E+00
  0.0000E+00
  0.0000E+00
  0.0000E+00
  0.0000E+00
  0.0000E+00
  0.0000E+00
  0.0000E+00
  0.0000E+00
  0.0000E+00
  0.0000E+00
  0.0000E+00
  0.0000E+00
  0.0000E+00
  0.0000E+00
  0.0000E+00
  0.0000E+00
  0.0000E+00
  0.0000E+00
  0.0000E+00
  0.0000E+00
  0.0000E+00
  0.0000E+00
  0.0000E+00
  0.0000E+00
  0.0000E+00
  0.0000E+00
  0.0000E+00
  0.0000E+00
  0.0000E+00
  0.0000E+00
  0.0000E+00
  0.0000E+00
  0.0000E+00
  0.0000E+00
  0.0000E+00
  0.0000E+00
  0.0000E+00
  0.0000E+00
  0.0000E+00
  0.0000E+00
  0.0000E+00
  0.0000E+00
  0.0000E+00
  0.0000E+00
  0.0000E+00
  0.0000E+00
  0.0000E+00
  0.0000E+00
  0.0000E+00
  0.0000E+00
  0.0000E+00
  0.0000E+00
  0.0000E+00
  0.0000E+00
  0.0000E+00
  0.0000E+00
  0.0000E+00
  0.0000E+00
  0.0000E+00
  0.0000E+00
  0.0000E+00
  0.0000E+00
  0.0000E+00
  0.0000E+00
  0.0000E+00
  0.0000E+00
  0.0000E+00
  0.0000E+00
  0.0000E+00
  0.0000E+00
  0.0000E+00
  0.0000E+00
  0.0000E+00
  0.0000E+00
  0.0000E+00
  0.0000E+00
  0.0000E+00
  0.0000E+00
  0.0000E+00
  0.0000E+00
  0.0000E+00
  0.0000E+00
  0.0000E+00
  0.0000E+00
  0.0000E+00
  0.0000E+00
  0.0000E+00
  0.0000E+00
  0.0000E+00
  0.0000E+00
  0.0000E+00
  0.0000E+00
  0.0000E+00
  0.0000E+00
  0.0000E+00
  0.0000E+00
  0.0000E+00
  0.0000E+00
  0.0000E+00
  0.0000E+00
  0.0000E+00
  0.0000E+00
  0.0000E+00
  0.0000E+00
  0.0000E+00
  0.0000E+00
  0.0000E+00
  0.0000E+00
  0.0000E+00
  0.0000E+00
  0.0000E+00
  0.0000E+00
  0.0000E+00
  0.0000E+00
  0.0000E+00
  0.0000E+00
  0.0000E+00
  0.0000E+00
  0.0000E+00
  0.0000E+00
  0.0000E+00
  0.0000E+00
  0.0000E+00
  0.0000E+00
  0.0000E+00
  0.0000E+00
  0.0000E+00
  0.0000E+00
  0.0000E+00
  0.0000E+00
  0.0000E+00
  0.0000E+00
  0.0000E+00
  0.0000E+00
  0.0000E+00
  0.0000E+00
  0.0000E+00
  0.0000E+00
  0.0000E+00
  0.0000E+00
  0.0000E+00
  0.0000E+00
  0.0000E+00
  0.0000E+00
  0.0000E+00
  0.0000E+00
  0.0000E+00
  0.0000E+00
  0.0000E+00
  0.0000E+00
  0.0000E+00
  0.0000E+00
  0.0000E+00
  0.0000E+00
  0.0000E+00
  0.0000E+00
  0.0000E+00
  0.0000E+00
  0.0000E+00
  0.0000E+00
  0.0000E+00
  0.0000E+00
  0.0000E+00
  0.0000E+00
  0.0000E+00
  0.0000E+00
  0.0000E+00
  0.0000E+00
  0.0000E+00
  0.0000E+00
  0.0000E+00
  0.0000E+00
  0.0000E+00
  0.0000E+00
  0.0000E+00
  0.0000E+00
  0.0000E+00
  0.0000E+00
  0.0000E+00
   3.0000E+01
 -1.1622E-01
 -1.1740E-01
 -1.1622E-01
  2.7534E-14
  2.3981E-14
  2.9088E-14
  1.1622E-01
  1.1740E-01
  1.1622E-01
 -1.4655E-02
 -1.4381E-02
 -1.4655E-02
  2.3506E-15
 -1.1637E-14
  1.6928E-14
  1.4655E-02
  1.4381E-02
  1.4655E-02
 -7.4100E-03
 -1.0824E-03
 -7.4100E-03
  4.9292E-15
  9.9547E-15
  5.4444E-15
  7.4100E-03
  1.0824E-03
  7.4100E-03
  9.7663E-03
  7.5098E-04
  9.7663E-03
 -3.6772E-14
 -1.1876E-14
 -3.2409E-14
 -9.7663E-03
 -7.5098E-04
 -9.7663E-03
 -9.2808E-03
  8.7552E-03
 -9.2808E-03
 -2.4833E-15
 -1.7395E-14
 -6.2138E-15
  9.2808E-03
 -8.7552E-03
  9.2808E-03
  1.9182E-02
 -1.0046E-02
  1.9182E-02
 -1.0751E-14
  8.8375E-15
  8.1797E-15
 -1.9182E-02
  1.0046E-02
 -1.9182E-02
 -1.3538E-02
  2.0840E-02
 -1.3538E-02
  5.7590E-14
  1.9619E-14
  3.7896E-14
  1.3538E-02
 -2.0840E-02
  1.3538E-02
  1.5953E-02
 -8.5700E-04
  1.5953E-02
  6.8365E-14
  5.9431E-14
  6.1000E-14
 -1.5953E-02
  8.5700E-04
 -1.5953E-02
  9.1733E-03
 -6.2450E-03
  9.1733E-03
  1.0170E-13
  5.5071E-14
  9.9974E-14
 -9.1733E-03
  6.2450E-03
 -9.1733E-03
 -2.5612E-02
 -1.6136E-03
 -2.5612E-02
  8.2096E-15
  2.9920E-14
  2.3731E-15
  2.5612E-02
  1.6136E-03
  2.5612E-02
  2.2239E-03
 -4.7672E-03
  2.2239E-03
 -1.0101E-13
 -1.1686E-13
 -1.2200E-13
 -2.2239E-03
  4.7672E-03
 -2.2239E-03
  1.6980E-02
  1.4943E-02
  1.6980E-02
 -3.8454E-13
 -2.4588E-13
 -3.8567E-13
 -1.6980E-02
 -1.4943E-02
 -1.6980E-02
 -5.1472E-03
  3.0155E-03
 -5.1472E-03
 -5.8590E-13
 -3.3952E-13
 -6.0240E-13
  5.1472E-03
 -3.0155E-03
  5.1472E-03
  1.0625E-02
 -1.7441E-03
  1.0625E-02
 -4.4722E-13
 -2.9764E-13
 -4.2717E-13
 -1.0625E-02
  1.7441E-03
 -1.0625E-02
 -1.2537E-03
  4.3482E-03
 -1.2537E-03
  3.2274E-13
  2.8515E-13
  3.2247E-13
  1.2537E-03
 -4.3482E-03
  1.2537E-03
 -7.6059E-03
 -6.6372E-03
 -7.6059E-03
  1.9816E-12
  1.4826E-12
  1.9949E-12
  7.6059E-03
  6.6372E-03
  7.6059E-03
  4.9626E-03
  9.4155E-04
  4.9626E-03
  4.0294E-12
  2.8964E-12
  4.0597E-12
 -4.9626E-03
 -9.4155E-04
 -4.9626E-03
 -8.6562E-03
 -4.5755E-03
 -8.6562E-03
  4.2313E-12
  2.7685E-12
  4.2150E-12
  8.6562E-03
  4.5755E-03
  8.6562E-03
  1.8002E-03
  1.7395E-04
  1.8002E-03
  6.6537E-13
  4.0016E-13
  6.8279E-13
 -1.8002E-03
 -1.7395E-04
 -1.8002E-03
  1.8089E-03
 -3.4485E-03
  1.8089E-03
 -8.9090E-12
 -7.9581E-12
 -8.9275E-12
 -1.8089E-03
  3.4485E-03
 -1.8089E-03
 -1.1826E-02
 -1.2869E-02
 -1.1826E-02
 -1.3845E-11
 -1.2552E-11
 -1.3882E-11
  1.1826E-02
  1.2869E-02
  1.1826E-02
