Iteration Time           Residual	rel. res	dv	 rel. dv
1  1.666666666667e-01 1.125000e+01 1.000000e+00 1.125000e+01 1.000000e+00
2  1.666666666667e-01 1.167956e-01 1.038183e-02 1.167956e-01 1.038183e-02
3  1.666666666667e-01 1.543537e-05 1.372033e-06 1.543537e-05 1.372033e-06
4  1.666666666667e-01 1.084440e-12 9.639470e-14 1.084440e-12 9.639470e-14
5  4.666666666667e-01 2.984037e+01 1.000000e+00 2.984037e+01 1.000000e+00
6  4.666666666667e-01 6.002692e-01 2.011601e-02 6.002692e-01 2.011601e-02
7  4.666666666667e-01 3.939990e-04 1.320356e-05 3.939990e-04 1.320356e-05
8  4.666666666667e-01 1.728690e-10 5.793125e-12 1.728690e-10 5.793125e-12
9  7.666666666667e-01 4.563206e+01 1.000000e+00 4.563206e+01 1.000000e+00
10  7.666666666667e-01 6.764536e-01 1.482409e-02 6.764536e-01 1.482409e-02
11  7.666666666667e-01 4.406620e-04 9.656852e-06 4.406620e-04 9.656852e-06
12  7.666666666667e-01 1.886223e-10 4.133547e-12 1.886223e-10 4.133547e-12
13  1.066666666667e+00 6.257042e+01 1.000000e+00 6.257042e+01 1.000000e+00
14  1.066666666667e+00 5.810701e-01 9.286659e-03 5.810701e-01 9.286659e-03
15  1.066666666667e+00 2.565347e-04 4.099936e-06 2.565347e-04 4.099936e-06
16  1.066666666667e+00 6.076615e-11 9.711642e-13 6.076615e-11 9.711642e-13
17  1.366666666667e+00 8.041398e+01 1.000000e+00 8.041398e+01 1.000000e+00
18  1.366666666667e+00 6.918681e-01 8.603829e-03 6.918681e-01 8.603829e-03
19  1.366666666667e+00 5.367864e-04 6.675288e-06 5.367864e-04 6.675288e-06
20  1.366666666667e+00 7.152419e-10 8.894496e-12 7.152419e-10 8.894496e-12
21  1.666666666667e+00 1.045085e+02 1.000000e+00 1.045085e+02 1.000000e+00
22  1.666666666667e+00 4.885958e+00 4.675180e-02 4.885958e+00 4.675180e-02
23  1.666666666667e+00 2.998979e-02 2.869604e-04 2.998979e-02 2.869604e-04
24  1.666666666667e+00 1.219359e-06 1.166756e-08 1.219359e-06 1.166756e-08
25  1.966666666667e+00 1.292473e+02 1.000000e+00 1.292473e+02 1.000000e+00
26  1.966666666667e+00 9.044731e+00 6.998003e-02 9.044731e+00 6.998003e-02
27  1.966666666667e+00 9.156160e-02 7.084218e-04 9.156160e-02 7.084218e-04
28  1.966666666667e+00 1.006169e-05 7.784839e-08 1.006169e-05 7.784839e-08
29  2.266666666667e+00 1.486490e+02 1.000000e+00 1.486490e+02 1.000000e+00
30  2.266666666667e+00 3.271519e+00 2.200835e-02 3.271519e+00 2.200835e-02
31  2.266666666667e+00 6.335277e-03 4.261903e-05 6.335277e-03 4.261903e-05
32  2.266666666667e+00 4.025120e-08 2.707801e-10 4.025120e-08 2.707801e-10
33  2.566666666667e+00 1.846193e+02 1.000000e+00 1.846193e+02 1.000000e+00
34  2.566666666667e+00 8.423095e+00 4.562412e-02 8.423095e+00 4.562412e-02
35  2.566666666667e+00 8.289226e-02 4.489902e-04 8.289226e-02 4.489902e-04
36  2.566666666667e+00 1.005653e-05 5.447170e-08 1.005653e-05 5.447170e-08
37  2.866666666667e+00 1.707957e+02 1.000000e+00 1.707957e+02 1.000000e+00
38  2.866666666667e+00 2.392994e+00 1.401086e-02 2.392994e+00 1.401086e-02
39  2.866666666667e+00 7.956426e-03 4.658447e-05 7.956426e-03 4.658447e-05
40  2.866666666667e+00 9.952579e-08 5.827184e-10 9.952579e-08 5.827184e-10
41  3.166666666667e+00 1.731489e+02 1.000000e+00 1.731489e+02 1.000000e+00
42  3.166666666667e+00 2.182101e+00 1.260245e-02 2.182101e+00 1.260245e-02
43  3.166666666667e+00 9.419201e-03 5.439943e-05 9.419201e-03 5.439943e-05
44  3.166666666667e+00 3.083240e-07 1.780687e-09 3.083240e-07 1.780687e-09
45  3.466666666667e+00 1.880191e+02 1.000000e+00 1.880191e+02 1.000000e+00
46  3.466666666667e+00 7.951291e+00 4.228981e-02 7.951291e+00 4.228981e-02
47  3.466666666667e+00 1.140785e-01 6.067390e-04 1.140785e-01 6.067390e-04
48  3.466666666667e+00 3.469700e-05 1.845398e-07 3.469700e-05 1.845398e-07
49  3.466666666667e+00 4.269800e-12 2.270940e-14 4.269800e-12 2.270940e-14
50  3.766666666667e+00 2.062868e+02 1.000000e+00 2.062868e+02 1.000000e+00
51  3.766666666667e+00 2.671349e+00 1.294969e-02 2.671349e+00 1.294969e-02
52  3.766666666667e+00 8.818308e-03 4.274781e-05 8.818308e-03 4.274781e-05
53  3.766666666667e+00 7.595424e-07 3.681973e-09 7.595424e-07 3.681973e-09
54  4.066666666667e+00 2.459783e+02 1.000000e+00 2.459783e+02 1.000000e+00
55  4.066666666667e+00 6.305073e+00 2.563264e-02 6.305073e+00 2.563264e-02
56  4.066666666667e+00 5.569957e-02 2.264410e-04 5.569957e-02 2.264410e-04
57  4.066666666667e+00 5.702915e-06 2.318463e-08 5.702915e-06 2.318463e-08
58  4.366666666667e+00 2.454078e+02 1.000000e+00 2.454078e+02 1.000000e+00
59  4.366666666667e+00 7.085053e+00 2.887052e-02 7.085053e+00 2.887052e-02
60  4.366666666667e+00 4.769081e-02 1.943329e-04 4.769081e-02 1.943329e-04
61  4.366666666667e+00 7.840710e-06 3.194971e-08 7.840710e-06 3.194971e-08
62  4.666666666667e+00 2.462238e+02 1.000000e+00 2.462238e+02 1.000000e+00
63  4.666666666667e+00 9.081976e+00 3.688505e-02 9.081976e+00 3.688505e-02
64  4.666666666667e+00 1.295691e-01 5.262252e-04 1.295691e-01 5.262252e-04
65  4.666666666667e+00 5.376430e-05 2.183555e-07 5.376430e-05 2.183555e-07
66  4.666666666667e+00 1.030861e-11 4.186683e-14 1.030861e-11 4.186683e-14
67  4.966666666667e+00 2.683885e+02 1.000000e+00 2.683885e+02 1.000000e+00
68  4.966666666667e+00 5.179825e+00 1.929973e-02 5.179825e+00 1.929973e-02
69  4.966666666667e+00 4.813758e-02 1.793579e-04 4.813758e-02 1.793579e-04
70  4.966666666667e+00 1.014995e-05 3.781814e-08 1.014995e-05 3.781814e-08
71  5.266666666667e+00 2.879491e+02 1.000000e+00 2.879491e+02 1.000000e+00
72  5.266666666667e+00 1.073042e+01 3.726499e-02 1.073042e+01 3.726499e-02
73  5.266666666667e+00 2.722574e-01 9.455053e-04 2.722574e-01 9.455053e-04
74  5.266666666667e+00 2.906854e-04 1.009503e-06 2.906854e-04 1.009503e-06
75  5.266666666667e+00 5.332244e-10 1.851801e-12 5.332244e-10 1.851801e-12
76  5.566666666667e+00 2.799688e+02 1.000000e+00 2.799688e+02 1.000000e+00
77  5.566666666667e+00 4.763268e+00 1.701357e-02 4.763268e+00 1.701357e-02
78  5.566666666667e+00 2.580516e-02 9.217154e-05 2.580516e-02 9.217154e-05
79  5.566666666667e+00 8.102953e-06 2.894234e-08 8.102953e-06 2.894234e-08
80  5.866666666667e+00 2.702033e+02 1.000000e+00 2.702033e+02 1.000000e+00
81  5.866666666667e+00 4.701249e+00 1.739893e-02 4.701249e+00 1.739893e-02
82  5.866666666667e+00 2.543205e-02 9.412190e-05 2.543205e-02 9.412190e-05
83  5.866666666667e+00 2.719915e-06 1.006618e-08 2.719915e-06 1.006618e-08
84  6.166666666667e+00 2.683637e+02 1.000000e+00 2.683637e+02 1.000000e+00
85  6.166666666667e+00 5.537916e+00 2.063586e-02 5.537916e+00 2.063586e-02
86  6.166666666667e+00 2.545805e-02 9.486398e-05 2.545805e-02 9.486398e-05
87  6.166666666667e+00 1.996480e-06 7.439458e-09 1.996480e-06 7.439458e-09
88  6.466666666667e+00 2.760114e+02 1.000000e+00 2.760114e+02 1.000000e+00
89  6.466666666667e+00 5.132277e+00 1.859444e-02 5.132277e+00 1.859444e-02
90  6.466666666667e+00 1.587035e-02 5.749889e-05 1.587035e-02 5.749889e-05
91  6.466666666667e+00 2.666964e-07 9.662514e-10 2.666964e-07 9.662514e-10
92  6.766666666667e+00 3.097390e+02 1.000000e+00 3.097390e+02 1.000000e+00
93  6.766666666667e+00 7.386149e+00 2.384636e-02 7.386149e+00 2.384636e-02
94  6.766666666667e+00 4.876373e-02 1.574349e-04 4.876373e-02 1.574349e-04
95  6.766666666667e+00 3.822310e-06 1.234042e-08 3.822310e-06 1.234042e-08
96  7.066666666667e+00 3.438853e+02 1.000000e+00 3.438853e+02 1.000000e+00
97  7.066666666667e+00 1.180339e+01 3.432363e-02 1.180339e+01 3.432363e-02
98  7.066666666667e+00 2.296509e-01 6.678123e-04 2.296509e-01 6.678123e-04
99  7.066666666667e+00 2.020705e-04 5.876102e-07 2.020705e-04 5.876102e-07
100  7.066666666667e+00 1.912209e-10 5.560600e-13 1.912209e-10 5.560600e-13
101  7.366666666667e+00 3.425820e+02 1.000000e+00 3.425820e+02 1.000000e+00
102  7.366666666667e+00 6.330755e+00 1.847953e-02 6.330755e+00 1.847953e-02
103  7.366666666667e+00 5.483350e-02 1.600595e-04 5.483350e-02 1.600595e-04
104  7.366666666667e+00 2.207801e-05 6.444590e-08 2.207801e-05 6.444590e-08
105  7.666666666667e+00 3.304947e+02 1.000000e+00 3.304947e+02 1.000000e+00
106  7.666666666667e+00 1.055862e+01 3.194793e-02 1.055862e+01 3.194793e-02
107  7.666666666667e+00 9.513201e-02 2.878473e-04 9.513201e-02 2.878473e-04
108  7.666666666667e+00 1.625391e-05 4.918055e-08 1.625391e-05 4.918055e-08
109  7.966666666667e+00 3.105747e+02 1.000000e+00 3.105747e+02 1.000000e+00
110  7.966666666667e+00 7.114149e+00 2.290640e-02 7.114149e+00 2.290640e-02
111  7.966666666667e+00 2.116763e-01 6.815632e-04 2.116763e-01 6.815632e-04
112  7.966666666667e+00 5.981320e-04 1.925888e-06 5.981320e-04 1.925888e-06
113  7.966666666667e+00 4.893935e-09 1.575768e-11 4.893935e-09 1.575768e-11
114  8.266666666667e+00 3.119872e+02 1.000000e+00 3.119872e+02 1.000000e+00
115  8.266666666667e+00 9.771604e+00 3.132053e-02 9.771604e+00 3.132053e-02
116  8.266666666667e+00 1.159765e-01 3.717347e-04 1.159765e-01 3.717347e-04
117  8.266666666667e+00 1.903868e-05 6.102391e-08 1.903868e-05 6.102391e-08
118  8.566666666667e+00 3.370891e+02 1.000000e+00 3.370891e+02 1.000000e+00
119  8.566666666667e+00 8.232775e+00 2.442314e-02 8.232775e+00 2.442314e-02
120  8.566666666667e+00 1.216485e-01 3.608793e-04 1.216485e-01 3.608793e-04
121  8.566666666667e+00 1.111508e-04 3.297372e-07 1.111508e-04 3.297372e-07
122  8.566666666667e+00 1.201914e-10 3.565568e-13 1.201914e-10 3.565568e-13
123  8.866666666667e+00 3.367882e+02 1.000000e+00 3.367882e+02 1.000000e+00
124  8.866666666667e+00 6.500380e+00 1.930109e-02 6.500380e+00 1.930109e-02
125  8.866666666667e+00 1.169352e-01 3.472071e-04 1.169352e-01 3.472071e-04
126  8.866666666667e+00 1.599769e-04 4.750073e-07 1.599769e-04 4.750073e-07
127  8.866666666667e+00 3.559100e-10 1.056777e-12 3.559100e-10 1.056777e-12
128  9.166666666667e+00 3.508338e+02 1.000000e+00 3.508338e+02 1.000000e+00
129  9.166666666667e+00 1.131714e+01 3.225783e-02 1.131714e+01 3.225783e-02
130  9.166666666667e+00 3.048876e-01 8.690371e-04 3.048876e-01 8.690371e-04
131  9.166666666667e+00 8.437886e-04 2.405095e-06 8.437886e-04 2.405095e-06
132  9.166666666667e+00 7.295637e-09 2.079514e-11 7.295637e-09 2.079514e-11
133  9.466666666667e+00 3.718015e+02 1.000000e+00 3.718015e+02 1.000000e+00
134  9.466666666667e+00 7.122428e+00 1.915653e-02 7.122428e+00 1.915653e-02
135  9.466666666667e+00 5.666030e-02 1.523939e-04 5.666030e-02 1.523939e-04
136  9.466666666667e+00 1.294094e-05 3.480605e-08 1.294094e-05 3.480605e-08
137  9.766666666667e+00 3.875417e+02 1.000000e+00 3.875417e+02 1.000000e+00
138  9.766666666667e+00 1.174597e+01 3.030892e-02 1.174597e+01 3.030892e-02
139  9.766666666667e+00 2.978451e-01 7.685497e-04 2.978451e-01 7.685497e-04
140  9.766666666667e+00 1.780659e-04 4.594754e-07 1.780659e-04 4.594754e-07
141  9.766666666667e+00 1.312364e-10 3.386381e-13 1.312364e-10 3.386381e-13
142  1.006666666667e+01 3.824568e+02 1.000000e+00 3.824568e+02 1.000000e+00
143  1.006666666667e+01 1.374356e+01 3.593492e-02 1.374356e+01 3.593492e-02
144  1.006666666667e+01 3.725269e-01 9.740365e-04 3.725269e-01 9.740365e-04
145  1.006666666667e+01 6.917499e-04 1.808701e-06 6.917499e-04 1.808701e-06
146  1.006666666667e+01 3.271662e-09 8.554329e-12 3.271662e-09 8.554329e-12
147  1.036666666667e+01 3.801668e+02 1.000000e+00 3.801668e+02 1.000000e+00
148  1.036666666667e+01 6.516623e+00 1.714148e-02 6.516623e+00 1.714148e-02
149  1.036666666667e+01 4.895140e-02 1.287630e-04 4.895140e-02 1.287630e-04
150  1.036666666667e+01 6.180317e-06 1.625686e-08 6.180317e-06 1.625686e-08
151  1.066666666667e+01 3.791388e+02 1.000000e+00 3.791388e+02 1.000000e+00
152  1.066666666667e+01 1.195852e+01 3.154128e-02 1.195852e+01 3.154128e-02
153  1.066666666667e+01 6.778224e-01 1.787795e-03 6.778224e-01 1.787795e-03
154  1.066666666667e+01 4.980815e-03 1.313718e-05 4.980815e-03 1.313718e-05
155  1.066666666667e+01 2.623637e-07 6.919991e-10 2.623637e-07 6.919991e-10
156  1.096666666667e+01 3.823004e+02 1.000000e+00 3.823004e+02 1.000000e+00
157  1.096666666667e+01 8.320104e+00 2.176326e-02 8.320104e+00 2.176326e-02
158  1.096666666667e+01 1.941555e-01 5.078612e-04 1.941555e-01 5.078612e-04
159  1.096666666667e+01 2.288253e-04 5.985484e-07 2.288253e-04 5.985484e-07
160  1.096666666667e+01 3.438936e-10 8.995376e-13 3.438936e-10 8.995376e-13
161  1.126666666667e+01 4.007911e+02 1.000000e+00 4.007911e+02 1.000000e+00
162  1.126666666667e+01 8.071902e+00 2.013992e-02 8.071902e+00 2.013992e-02
163  1.126666666667e+01 8.836100e-02 2.204665e-04 8.836100e-02 2.204665e-04
164  1.126666666667e+01 1.920034e-05 4.790611e-08 1.920034e-05 4.790611e-08
165  1.156666666667e+01 4.217520e+02 1.000000e+00 4.217520e+02 1.000000e+00
166  1.156666666667e+01 1.095755e+01 2.598103e-02 1.095755e+01 2.598103e-02
167  1.156666666667e+01 9.303287e-02 2.205867e-04 9.303287e-02 2.205867e-04
168  1.156666666667e+01 2.650841e-05 6.285307e-08 2.650841e-05 6.285307e-08
169  1.186666666667e+01 4.210246e+02 1.000000e+00 4.210246e+02 1.000000e+00
170  1.186666666667e+01 9.718569e+00 2.308314e-02 9.718569e+00 2.308314e-02
171  1.186666666667e+01 1.424165e-01 3.382617e-04 1.424165e-01 3.382617e-04
172  1.186666666667e+01 4.330715e-05 1.028613e-07 4.330715e-05 1.028613e-07
173  1.186666666667e+01 4.697204e-12 1.115660e-14 4.697204e-12 1.115660e-14
174  1.216666666667e+01 4.258627e+02 1.000000e+00 4.258627e+02 1.000000e+00
175  1.216666666667e+01 1.823301e+01 4.281430e-02 1.823301e+01 4.281430e-02
176  1.216666666667e+01 3.448566e-01 8.097835e-04 3.448566e-01 8.097835e-04
177  1.216666666667e+01 1.460427e-04 3.429338e-07 1.460427e-04 3.429338e-07
178  1.216666666667e+01 3.601653e-11 8.457311e-14 3.601653e-11 8.457311e-14
179  1.246666666667e+01 4.168613e+02 1.000000e+00 4.168613e+02 1.000000e+00
180  1.246666666667e+01 8.993552e+00 2.157445e-02 8.993552e+00 2.157445e-02
181  1.246666666667e+01 8.046000e-02 1.930138e-04 8.046000e-02 1.930138e-04
182  1.246666666667e+01 1.107278e-05 2.656225e-08 1.107278e-05 2.656225e-08
183  1.276666666667e+01 4.314062e+02 1.000000e+00 4.314062e+02 1.000000e+00
184  1.276666666667e+01 1.648629e+01 3.821523e-02 1.648629e+01 3.821523e-02
185  1.276666666667e+01 4.386852e-01 1.016873e-03 4.386852e-01 1.016873e-03
186  1.276666666667e+01 4.637340e-04 1.074936e-06 4.637340e-04 1.074936e-06
187  1.276666666667e+01 7.585656e-10 1.758356e-12 7.585656e-10 1.758356e-12
188  1.306666666667e+01 4.273846e+02 1.000000e+00 4.273846e+02 1.000000e+00
189  1.306666666667e+01 1.109318e+01 2.595596e-02 1.109318e+01 2.595596e-02
190  1.306666666667e+01 1.232950e-01 2.884872e-04 1.232950e-01 2.884872e-04
191  1.306666666667e+01 7.927756e-05 1.854947e-07 7.927756e-05 1.854947e-07
192  1.306666666667e+01 5.499570e-11 1.286797e-13 5.499570e-11 1.286797e-13
193  1.336666666667e+01 4.168187e+02 1.000000e+00 4.168187e+02 1.000000e+00
194  1.336666666667e+01 7.882923e+00 1.891212e-02 7.882923e+00 1.891212e-02
195  1.336666666667e+01 6.754157e-02 1.620406e-04 6.754157e-02 1.620406e-04
196  1.336666666667e+01 9.206426e-06 2.208736e-08 9.206426e-06 2.208736e-08
197  1.366666666667e+01 4.266111e+02 1.000000e+00 4.266111e+02 1.000000e+00
198  1.366666666667e+01 9.651955e+00 2.262472e-02 9.651955e+00 2.262472e-02
199  1.366666666667e+01 1.999786e-01 4.687608e-04 1.999786e-01 4.687608e-04
200  1.366666666667e+01 3.204301e-04 7.511058e-07 3.204301e-04 7.511058e-07
201  1.366666666667e+01 9.519205e-10 2.231354e-12 9.519205e-10 2.231354e-12
202  1.396666666667e+01 4.458132e+02 1.000000e+00 4.458132e+02 1.000000e+00
203  1.396666666667e+01 1.038246e+01 2.328882e-02 1.038246e+01 2.328882e-02
204  1.396666666667e+01 6.304947e-02 1.414258e-04 6.304947e-02 1.414258e-04
205  1.396666666667e+01 7.048403e-06 1.581021e-08 7.048403e-06 1.581021e-08
206  1.426666666667e+01 4.604037e+02 1.000000e+00 4.604037e+02 1.000000e+00
207  1.426666666667e+01 1.003174e+01 2.178900e-02 1.003174e+01 2.178900e-02
208  1.426666666667e+01 1.022576e-01 2.221041e-04 1.022576e-01 2.221041e-04
209  1.426666666667e+01 4.205994e-05 9.135447e-08 4.205994e-05 9.135447e-08
210  1.456666666667e+01 4.764957e+02 1.000000e+00 4.764957e+02 1.000000e+00
211  1.456666666667e+01 8.793650e+00 1.845484e-02 8.793650e+00 1.845484e-02
212  1.456666666667e+01 5.845957e-02 1.226865e-04 5.845957e-02 1.226865e-04
213  1.456666666667e+01 5.504462e-06 1.155197e-08 5.504462e-06 1.155197e-08
214  1.486666666667e+01 4.848388e+02 1.000000e+00 4.848388e+02 1.000000e+00
215  1.486666666667e+01 8.114137e+00 1.673574e-02 8.114137e+00 1.673574e-02
216  1.486666666667e+01 7.120234e-02 1.468578e-04 7.120234e-02 1.468578e-04
217  1.486666666667e+01 1.572842e-05 3.244051e-08 1.572842e-05 3.244051e-08
218  1.516666666667e+01 4.863663e+02 1.000000e+00 4.863663e+02 1.000000e+00
219  1.516666666667e+01 1.037345e+01 2.132848e-02 1.037345e+01 2.132848e-02
220  1.516666666667e+01 2.098439e-01 4.314523e-04 2.098439e-01 4.314523e-04
221  1.516666666667e+01 1.908842e-04 3.924700e-07 1.908842e-04 3.924700e-07
222  1.516666666667e+01 1.894734e-10 3.895693e-13 1.894734e-10 3.895693e-13
223  1.546666666667e+01 4.850162e+02 1.000000e+00 4.850162e+02 1.000000e+00
224  1.546666666667e+01 9.989632e+00 2.059649e-02 9.989632e+00 2.059649e-02
225  1.546666666667e+01 1.980807e-01 4.084001e-04 1.980807e-01 4.084001e-04
226  1.546666666667e+01 1.371015e-04 2.826741e-07 1.371015e-04 2.826741e-07
227  1.546666666667e+01 7.029104e-11 1.449251e-13 7.029104e-11 1.449251e-13
228  1.576666666667e+01 4.655810e+02 1.000000e+00 4.655810e+02 1.000000e+00
229  1.576666666667e+01 8.239258e+00 1.769672e-02 8.239258e+00 1.769672e-02
230  1.576666666667e+01 4.559011e-02 9.792090e-05 4.559011e-02 9.792090e-05
231  1.576666666667e+01 3.119573e-06 6.700388e-09 3.119573e-06 6.700388e-09
232  1.606666666667e+01 4.558250e+02 1.000000e+00 4.558250e+02 1.000000e+00
233  1.606666666667e+01 6.599164e+00 1.447741e-02 6.599164e+00 1.447741e-02
234  1.606666666667e+01 8.080615e-02 1.772745e-04 8.080615e-02 1.772745e-04
235  1.606666666667e+01 2.751459e-05 6.036217e-08 2.751459e-05 6.036217e-08
236  1.636666666667e+01 4.787093e+02 1.000000e+00 4.787093e+02 1.000000e+00
237  1.636666666667e+01 1.026841e+01 2.145019e-02 1.026841e+01 2.145019e-02
238  1.636666666667e+01 1.214201e-01 2.536406e-04 1.214201e-01 2.536406e-04
239  1.636666666667e+01 4.370960e-05 9.130719e-08 4.370960e-05 9.130719e-08
240  1.666666666667e+01 4.901105e+02 1.000000e+00 4.901105e+02 1.000000e+00
241  1.666666666667e+01 7.176643e+00 1.464291e-02 7.176643e+00 1.464291e-02
242  1.666666666667e+01 7.107125e-02 1.450107e-04 7.107125e-02 1.450107e-04
243  1.666666666667e+01 1.652191e-05 3.371058e-08 1.652191e-05 3.371058e-08
244  1.696666666667e+01 4.987082e+02 1.000000e+00 4.987082e+02 1.000000e+00
245  1.696666666667e+01 1.407306e+01 2.821902e-02 1.407306e+01 2.821902e-02
246  1.696666666667e+01 3.013799e-01 6.043212e-04 3.013799e-01 6.043212e-04
247  1.696666666667e+01 5.180661e-04 1.038816e-06 5.180661e-04 1.038816e-06
248  1.696666666667e+01 2.017287e-09 4.045024e-12 2.017287e-09 4.045024e-12
249  1.726666666667e+01 5.015871e+02 1.000000e+00 5.015871e+02 1.000000e+00
250  1.726666666667e+01 1.626878e+01 3.243460e-02 1.626878e+01 3.243460e-02
251  1.726666666667e+01 3.222279e-01 6.424167e-04 3.222279e-01 6.424167e-04
252  1.726666666667e+01 3.032386e-04 6.045582e-07 3.032386e-04 6.045582e-07
253  1.726666666667e+01 2.574308e-10 5.132326e-13 2.574308e-10 5.132326e-13
254  1.756666666667e+01 5.242663e+02 1.000000e+00 5.242663e+02 1.000000e+00
255  1.756666666667e+01 1.254939e+01 2.393706e-02 1.254939e+01 2.393706e-02
256  1.756666666667e+01 1.553387e-01 2.962973e-04 1.553387e-01 2.962973e-04
257  1.756666666667e+01 3.678634e-05 7.016727e-08 3.678634e-05 7.016727e-08
258  1.786666666667e+01 5.312138e+02 1.000000e+00 5.312138e+02 1.000000e+00
259  1.786666666667e+01 1.464442e+01 2.756785e-02 1.464442e+01 2.756785e-02
260  1.786666666667e+01 4.843965e-01 9.118674e-04 4.843965e-01 9.118674e-04
261  1.786666666667e+01 7.897638e-04 1.486715e-06 7.897638e-04 1.486715e-06
262  1.786666666667e+01 1.940693e-09 3.653317e-12 1.940693e-09 3.653317e-12
263  1.816666666667e+01 5.115473e+02 1.000000e+00 5.115473e+02 1.000000e+00
264  1.816666666667e+01 1.292056e+01 2.525779e-02 1.292056e+01 2.525779e-02
265  1.816666666667e+01 1.615485e-01 3.158036e-04 1.615485e-01 3.158036e-04
266  1.816666666667e+01 4.864308e-05 9.509008e-08 4.864308e-05 9.509008e-08
267  1.846666666667e+01 5.059362e+02 1.000000e+00 5.059362e+02 1.000000e+00
268  1.846666666667e+01 9.889861e+00 1.954765e-02 9.889861e+00 1.954765e-02
269  1.846666666667e+01 9.089285e-02 1.796528e-04 9.089285e-02 1.796528e-04
270  1.846666666667e+01 1.018536e-05 2.013171e-08 1.018536e-05 2.013171e-08
271  1.876666666667e+01 5.259345e+02 1.000000e+00 5.259345e+02 1.000000e+00
272  1.876666666667e+01 1.333795e+01 2.536048e-02 1.333795e+01 2.536048e-02
273  1.876666666667e+01 2.293826e-01 4.361430e-04 2.293826e-01 4.361430e-04
274  1.876666666667e+01 6.267325e-05 1.191655e-07 6.267325e-05 1.191655e-07
275  1.876666666667e+01 7.151243e-12 1.359721e-14 7.151243e-12 1.359721e-14
276  1.906666666667e+01 5.454762e+02 1.000000e+00 5.454762e+02 1.000000e+00
277  1.906666666667e+01 1.609087e+01 2.949875e-02 1.609087e+01 2.949875e-02
278  1.906666666667e+01 3.486292e-01 6.391280e-04 3.486292e-01 6.391280e-04
279  1.906666666667e+01 2.608078e-04 4.781287e-07 2.608078e-04 4.781287e-07
280  1.906666666667e+01 1.517637e-10 2.782224e-13 1.517637e-10 2.782224e-13
281  1.936666666667e+01 5.324638e+02 1.000000e+00 5.324638e+02 1.000000e+00
282  1.936666666667e+01 1.101508e+01 2.068699e-02 1.101508e+01 2.068699e-02
283  1.936666666667e+01 1.341942e-01 2.520250e-04 1.341942e-01 2.520250e-04
284  1.936666666667e+01 6.304462e-05 1.184017e-07 6.304462e-05 1.184017e-07
285  1.936666666667e+01 1.859628e-11 3.492496e-14 1.859628e-11 3.492496e-14
286  1.966666666667e+01 5.290813e+02 1.000000e+00 5.290813e+02 1.000000e+00
287  1.966666666667e+01 8.038880e+00 1.519404e-02 8.038880e+00 1.519404e-02
288  1.966666666667e+01 1.144193e-01 2.162603e-04 1.144193e-01 2.162603e-04
289  1.966666666667e+01 3.507240e-05 6.628925e-08 3.507240e-05 6.628925e-08
290  1.996666666667e+01 5.383357e+02 1.000000e+00 5.383357e+02 1.000000e+00
291  1.996666666667e+01 1.535326e+01 2.851987e-02 1.535326e+01 2.851987e-02
292  1.996666666667e+01 2.991244e-01 5.556466e-04 2.991244e-01 5.556466e-04
293  1.996666666667e+01 3.158666e-04 5.867464e-07 3.158666e-04 5.867464e-07
294  1.996666666667e+01 6.763475e-10 1.256367e-12 6.763475e-10 1.256367e-12
295  2.026666666667e+01 5.408071e+02 1.000000e+00 5.408071e+02 1.000000e+00
296  2.026666666667e+01 8.994499e+00 1.663162e-02 8.994499e+00 1.663162e-02
297  2.026666666667e+01 7.367843e-02 1.362379e-04 7.367843e-02 1.362379e-04
298  2.026666666667e+01 9.469819e-06 1.751053e-08 9.469819e-06 1.751053e-08
299  2.056666666667e+01 5.435657e+02 1.000000e+00 5.435657e+02 1.000000e+00
300  2.056666666667e+01 8.113490e+00 1.492642e-02 8.113490e+00 1.492642e-02
301  2.056666666667e+01 1.134359e-01 2.086885e-04 1.134359e-01 2.086885e-04
302  2.056666666667e+01 5.039637e-05 9.271441e-08 5.039637e-05 9.271441e-08
303  2.086666666667e+01 5.410292e+02 1.000000e+00 5.410292e+02 1.000000e+00
304  2.086666666667e+01 1.183129e+01 2.186813e-02 1.183129e+01 2.186813e-02
305  2.086666666667e+01 1.825646e-01 3.374394e-04 1.825646e-01 3.374394e-04
306  2.086666666667e+01 1.358493e-04 2.510943e-07 1.358493e-04 2.510943e-07
307  2.086666666667e+01 1.043796e-10 1.929279e-13 1.043796e-10 1.929279e-13
308  2.116666666667e+01 5.301971e+02 1.000000e+00 5.301971e+02 1.000000e+00
309  2.116666666667e+01 1.075520e+01 2.028529e-02 1.075520e+01 2.028529e-02
310  2.116666666667e+01 1.363257e-01 2.571227e-04 1.363257e-01 2.571227e-04
311  2.116666666667e+01 5.304182e-05 1.000417e-07 5.304182e-05 1.000417e-07
312  2.116666666667e+01 1.040966e-11 1.963356e-14 1.040966e-11 1.963356e-14
313  2.146666666667e+01 5.163845e+02 1.000000e+00 5.163845e+02 1.000000e+00
314  2.146666666667e+01 1.368650e+01 2.650447e-02 1.368650e+01 2.650447e-02
315  2.146666666667e+01 4.197483e-01 8.128600e-04 4.197483e-01 8.128600e-04
316  2.146666666667e+01 1.077160e-03 2.085965e-06 1.077160e-03 2.085965e-06
317  2.146666666667e+01 6.965622e-09 1.348922e-11 6.965622e-09 1.348922e-11
318  2.176666666667e+01 5.406217e+02 1.000000e+00 5.406217e+02 1.000000e+00
319  2.176666666667e+01 1.471920e+01 2.722643e-02 1.471920e+01 2.722643e-02
320  2.176666666667e+01 3.753615e-01 6.943145e-04 3.753615e-01 6.943145e-04
321  2.176666666667e+01 7.124979e-04 1.317923e-06 7.124979e-04 1.317923e-06
322  2.176666666667e+01 2.803122e-09 5.184997e-12 2.803122e-09 5.184997e-12
323  2.206666666667e+01 5.847857e+02 1.000000e+00 5.847857e+02 1.000000e+00
324  2.206666666667e+01 1.310012e+01 2.240157e-02 1.310012e+01 2.240157e-02
325  2.206666666667e+01 1.955021e-01 3.343140e-04 1.955021e-01 3.343140e-04
326  2.206666666667e+01 6.251592e-05 1.069040e-07 6.251592e-05 1.069040e-07
327  2.206666666667e+01 8.317019e-12 1.422234e-14 8.317019e-12 1.422234e-14
328  2.236666666667e+01 6.052116e+02 1.000000e+00 6.052116e+02 1.000000e+00
329  2.236666666667e+01 1.421492e+01 2.348752e-02 1.421492e+01 2.348752e-02
330  2.236666666667e+01 4.473835e-01 7.392184e-04 4.473835e-01 7.392184e-04
331  2.236666666667e+01 8.695727e-04 1.436808e-06 8.695727e-04 1.436808e-06
332  2.236666666667e+01 6.644858e-09 1.097940e-11 6.644858e-09 1.097940e-11
333  2.266666666667e+01 6.039584e+02 1.000000e+00 6.039584e+02 1.000000e+00
334  2.266666666667e+01 1.153739e+01 1.910295e-02 1.153739e+01 1.910295e-02
335  2.266666666667e+01 1.548036e-01 2.563150e-04 1.548036e-01 2.563150e-04
336  2.266666666667e+01 2.346494e-04 3.885191e-07 2.346494e-04 3.885191e-07
337  2.266666666667e+01 7.627152e-10 1.262860e-12 7.627152e-10 1.262860e-12
338  2.296666666667e+01 5.984607e+02 1.000000e+00 5.984607e+02 1.000000e+00
339  2.296666666667e+01 1.258903e+01 2.103568e-02 1.258903e+01 2.103568e-02
340  2.296666666667e+01 2.389158e-01 3.992171e-04 2.389158e-01 3.992171e-04
341  2.296666666667e+01 1.911575e-04 3.194153e-07 1.911575e-04 3.194153e-07
342  2.296666666667e+01 2.021743e-10 3.378239e-13 2.021743e-10 3.378239e-13
343  2.326666666667e+01 5.914494e+02 1.000000e+00 5.914494e+02 1.000000e+00
344  2.326666666667e+01 1.708281e+01 2.888296e-02 1.708281e+01 2.888296e-02
345  2.326666666667e+01 2.336845e-01 3.951048e-04 2.336845e-01 3.951048e-04
346  2.326666666667e+01 8.387866e-05 1.418188e-07 8.387866e-05 1.418188e-07
347  2.326666666667e+01 3.013784e-11 5.095590e-14 3.013784e-11 5.095590e-14
348  2.356666666667e+01 5.677556e+02 1.000000e+00 5.677556e+02 1.000000e+00
349  2.356666666667e+01 1.124086e+01 1.979877e-02 1.124086e+01 1.979877e-02
350  2.356666666667e+01 2.190369e-01 3.857944e-04 2.190369e-01 3.857944e-04
351  2.356666666667e+01 1.636784e-04 2.882902e-07 1.636784e-04 2.882902e-07
352  2.356666666667e+01 1.370505e-10 2.413899e-13 1.370505e-10 2.413899e-13
353  2.386666666667e+01 5.855122e+02 1.000000e+00 5.855122e+02 1.000000e+00
354  2.386666666667e+01 2.013009e+01 3.438032e-02 2.013009e+01 3.438032e-02
355  2.386666666667e+01 3.627917e-01 6.196142e-04 3.627917e-01 6.196142e-04
356  2.386666666667e+01 1.830129e-04 3.125688e-07 1.830129e-04 3.125688e-07
357  2.386666666667e+01 8.778556e-11 1.499295e-13 8.778556e-11 1.499295e-13
358  2.416666666667e+01 5.857156e+02 1.000000e+00 5.857156e+02 1.000000e+00
359  2.416666666667e+01 1.248195e+01 2.131060e-02 1.248195e+01 2.131060e-02
360  2.416666666667e+01 1.627047e-01 2.777879e-04 1.627047e-01 2.777879e-04
361  2.416666666667e+01 7.311756e-05 1.248346e-07 7.311756e-05 1.248346e-07
362  2.416666666667e+01 2.302202e-11 3.930579e-14 2.302202e-11 3.930579e-14
363  2.446666666667e+01 6.016406e+02 1.000000e+00 6.016406e+02 1.000000e+00
364  2.446666666667e+01 2.126677e+01 3.534797e-02 2.126677e+01 3.534797e-02
365  2.446666666667e+01 4.403692e-01 7.319474e-04 4.403692e-01 7.319474e-04
366  2.446666666667e+01 4.356598e-04 7.241196e-07 4.356598e-04 7.241196e-07
367  2.446666666667e+01 8.197216e-10 1.362477e-12 8.197216e-10 1.362477e-12
368  2.476666666667e+01 6.106214e+02 1.000000e+00 6.106214e+02 1.000000e+00
369  2.476666666667e+01 1.807492e+01 2.960087e-02 1.807492e+01 2.960087e-02
370  2.476666666667e+01 4.616589e-01 7.560478e-04 4.616589e-01 7.560478e-04
371  2.476666666667e+01 6.142651e-04 1.005967e-06 6.142651e-04 1.005967e-06
372  2.476666666667e+01 1.247834e-09 2.043548e-12 1.247834e-09 2.043548e-12
373  2.506666666667e+01 6.431113e+02 1.000000e+00 6.431113e+02 1.000000e+00
374  2.506666666667e+01 2.166412e+01 3.368643e-02 2.166412e+01 3.368643e-02
375  2.506666666667e+01 3.042911e-01 4.731546e-04 3.042911e-01 4.731546e-04
376  2.506666666667e+01 8.263038e-05 1.284853e-07 8.263038e-05 1.284853e-07
377  2.506666666667e+01 2.124282e-11 3.303133e-14 2.124282e-11 3.303133e-14
378  2.536666666667e+01 6.305628e+02 1.000000e+00 6.305628e+02 1.000000e+00
379  2.536666666667e+01 1.384324e+01 2.195379e-02 1.384324e+01 2.195379e-02
380  2.536666666667e+01 2.344941e-01 3.718806e-04 2.344941e-01 3.718806e-04
381  2.536666666667e+01 8.702030e-05 1.380042e-07 8.702030e-05 1.380042e-07
382  2.536666666667e+01 2.241910e-11 3.555410e-14 2.241910e-11 3.555410e-14
383  2.566666666667e+01 6.241225e+02 1.000000e+00 6.241225e+02 1.000000e+00
384  2.566666666667e+01 1.639365e+01 2.626672e-02 1.639365e+01 2.626672e-02
385  2.566666666667e+01 3.091096e-01 4.952708e-04 3.091096e-01 4.952708e-04
386  2.566666666667e+01 3.261196e-04 5.225249e-07 3.261196e-04 5.225249e-07
387  2.566666666667e+01 8.856153e-10 1.418977e-12 8.856153e-10 1.418977e-12
388  2.596666666667e+01 6.107473e+02 1.000000e+00 6.107473e+02 1.000000e+00
389  2.596666666667e+01 1.477329e+01 2.418887e-02 1.477329e+01 2.418887e-02
390  2.596666666667e+01 2.145057e-01 3.512184e-04 2.145057e-01 3.512184e-04
391  2.596666666667e+01 1.103312e-04 1.806494e-07 1.103312e-04 1.806494e-07
392  2.596666666667e+01 1.003567e-10 1.643179e-13 1.003567e-10 1.643179e-13
393  2.626666666667e+01 6.163986e+02 1.000000e+00 6.163986e+02 1.000000e+00
394  2.626666666667e+01 1.512929e+01 2.454466e-02 1.512929e+01 2.454466e-02
395  2.626666666667e+01 2.172498e-01 3.524502e-04 2.172498e-01 3.524502e-04
396  2.626666666667e+01 1.278442e-04 2.074051e-07 1.278442e-04 2.074051e-07
397  2.626666666667e+01 9.570587e-11 1.552662e-13 9.570587e-11 1.552662e-13
398  2.656666666667e+01 6.145802e+02 1.000000e+00 6.145802e+02 1.000000e+00
399  2.656666666667e+01 1.391983e+01 2.264933e-02 1.391983e+01 2.264933e-02
400  2.656666666667e+01 4.575901e-01 7.445573e-04 4.575901e-01 7.445573e-04
401  2.656666666667e+01 1.314117e-03 2.138236e-06 1.314117e-03 2.138236e-06
402  2.656666666667e+01 2.017379e-08 3.282532e-11 2.017379e-08 3.282532e-11
403  2.686666666667e+01 6.485267e+02 1.000000e+00 6.485267e+02 1.000000e+00
404  2.686666666667e+01 1.788730e+01 2.758144e-02 1.788730e+01 2.758144e-02
405  2.686666666667e+01 4.486181e-01 6.917496e-04 4.486181e-01 6.917496e-04
406  2.686666666667e+01 9.058721e-04 1.396815e-06 9.058721e-04 1.396815e-06
407  2.686666666667e+01 5.626494e-09 8.675810e-12 5.626494e-09 8.675810e-12
408  2.716666666667e+01 6.571898e+02 1.000000e+00 6.571898e+02 1.000000e+00
409  2.716666666667e+01 1.552555e+01 2.362414e-02 1.552555e+01 2.362414e-02
410  2.716666666667e+01 2.904742e-01 4.419944e-04 2.904742e-01 4.419944e-04
411  2.716666666667e+01 1.325588e-04 2.017056e-07 1.325588e-04 2.017056e-07
412  2.716666666667e+01 4.763603e-11 7.248443e-14 4.763603e-11 7.248443e-14
413  2.746666666667e+01 6.547101e+02 1.000000e+00 6.547101e+02 1.000000e+00
414  2.746666666667e+01 1.609823e+01 2.458833e-02 1.609823e+01 2.458833e-02
415  2.746666666667e+01 3.984150e-01 6.085365e-04 3.984150e-01 6.085365e-04
416  2.746666666667e+01 6.832506e-04 1.043593e-06 6.832506e-04 1.043593e-06
417  2.746666666667e+01 3.196400e-09 4.882160e-12 3.196400e-09 4.882160e-12
418  2.776666666667e+01 6.595041e+02 1.000000e+00 6.595041e+02 1.000000e+00
419  2.776666666667e+01 1.927847e+01 2.923177e-02 1.927847e+01 2.923177e-02
420  2.776666666667e+01 3.633809e-01 5.509910e-04 3.633809e-01 5.509910e-04
421  2.776666666667e+01 4.673534e-04 7.086437e-07 4.673534e-04 7.086437e-07
422  2.776666666667e+01 1.306404e-09 1.980888e-12 1.306404e-09 1.980888e-12
423  2.806666666667e+01 6.548869e+02 1.000000e+00 6.548869e+02 1.000000e+00
424  2.806666666667e+01 1.593960e+01 2.433947e-02 1.593960e+01 2.433947e-02
425  2.806666666667e+01 3.522025e-01 5.378066e-04 3.522025e-01 5.378066e-04
426  2.806666666667e+01 8.140870e-04 1.243096e-06 8.140870e-04 1.243096e-06
427  2.806666666667e+01 9.247999e-09 1.412152e-11 9.247999e-09 1.412152e-11
428  2.836666666667e+01 6.568545e+02 1.000000e+00 6.568545e+02 1.000000e+00
429  2.836666666667e+01 1.748860e+01 2.662477e-02 1.748860e+01 2.662477e-02
430  2.836666666667e+01 3.390236e-01 5.161319e-04 3.390236e-01 5.161319e-04
431  2.836666666667e+01 3.022450e-04 4.601400e-07 3.022450e-04 4.601400e-07
432  2.836666666667e+01 3.799098e-10 5.783774e-13 3.799098e-10 5.783774e-13
433  2.866666666667e+01 6.614435e+02 1.000000e+00 6.614435e+02 1.000000e+00
434  2.866666666667e+01 1.753201e+01 2.650567e-02 1.753201e+01 2.650567e-02
435  2.866666666667e+01 3.450268e-01 5.216270e-04 3.450268e-01 5.216270e-04
436  2.866666666667e+01 2.855547e-04 4.317143e-07 2.855547e-04 4.317143e-07
437  2.866666666667e+01 4.179549e-10 6.318829e-13 4.179549e-10 6.318829e-13
438  2.896666666667e+01 6.593028e+02 1.000000e+00 6.593028e+02 1.000000e+00
439  2.896666666667e+01 1.386021e+01 2.102252e-02 1.386021e+01 2.102252e-02
440  2.896666666667e+01 2.589696e-01 3.927932e-04 2.589696e-01 3.927932e-04
441  2.896666666667e+01 2.441029e-04 3.702440e-07 2.441029e-04 3.702440e-07
442  2.896666666667e+01 2.838044e-10 4.304614e-13 2.838044e-10 4.304614e-13
443  2.926666666667e+01 6.597851e+02 1.000000e+00 6.597851e+02 1.000000e+00
444  2.926666666667e+01 1.541195e+01 2.335905e-02 1.541195e+01 2.335905e-02
445  2.926666666667e+01 2.883549e-01 4.370437e-04 2.883549e-01 4.370437e-04
446  2.926666666667e+01 3.427526e-04 5.194913e-07 3.427526e-04 5.194913e-07
447  2.926666666667e+01 8.343991e-10 1.264653e-12 8.343991e-10 1.264653e-12
448  2.956666666667e+01 6.641875e+02 1.000000e+00 6.641875e+02 1.000000e+00
449  2.956666666667e+01 1.558489e+01 2.346460e-02 1.558489e+01 2.346460e-02
450  2.956666666667e+01 3.807229e-01 5.732160e-04 3.807229e-01 5.732160e-04
451  2.956666666667e+01 5.235557e-04 7.882650e-07 5.235557e-04 7.882650e-07
452  2.956666666667e+01 1.523214e-09 2.293350e-12 1.523214e-09 2.293350e-12
