Scalar MD under Static for nodeset
805
   0.0000E+00
  0.0000E+00
  0.0000E+00
  0.0000E+00
  2.5850E-07
  5.6077E-07
  9.4044E-07
  1.4186E-06
  2.0072E-06
  2.7126E-06
  3.5383E-06
  4.4862E-06
  5.5573E-06
  6.7526E-06
  8.0722E-06
  9.5166E-06
  1.1086E-05
  1.2780E-05
  1.4600E-05
  1.6544E-05
  1.8614E-05
  2.0809E-05
  2.3129E-05
  2.5575E-05
  2.8146E-05
  3.0842E-05
  3.3664E-05
  3.6611E-05
  3.9683E-05
  4.2881E-05
  4.6204E-05
  4.9653E-05
  5.3226E-05
  5.6926E-05
  6.0750E-05
  6.4700E-05
  6.8776E-05
  7.2976E-05
  7.7302E-05
  8.1754E-05
  8.6331E-05
  9.1033E-05
  9.5861E-05
  1.0081E-04
  1.0589E-04
  1.1110E-04
  1.1643E-04
  1.2188E-04
  1.2746E-04
  1.3317E-04
  1.3900E-04
  1.4495E-04
  1.5103E-04
  1.5724E-04
  1.6357E-04
  1.7003E-04
  1.7661E-04
  1.8332E-04
  1.9016E-04
  1.9712E-04
  2.0420E-04
  2.1141E-04
  2.1875E-04
  2.2621E-04
  2.3379E-04
  2.4150E-04
  2.4934E-04
  2.5730E-04
  2.6539E-04
  2.7360E-04
  2.8194E-04
  2.9041E-04
  2.9900E-04
  3.0771E-04
  3.1655E-04
  3.2552E-04
  3.3461E-04
  3.4382E-04
  3.5317E-04
  3.6263E-04
  3.7223E-04
  3.8194E-04
  3.9179E-04
  4.0176E-04
  4.1185E-04
  4.2207E-04
  4.3241E-04
  4.4288E-04
  4.5348E-04
  4.6420E-04
  4.7505E-04
  4.8602E-04
  4.9712E-04
  5.0834E-04
  5.1969E-04
  5.3116E-04
  5.4276E-04
  5.5448E-04
  5.6633E-04
  5.7831E-04
  5.9041E-04
  6.0263E-04
  6.1498E-04
  6.2746E-04
  6.4006E-04
  6.5279E-04
  6.6564E-04
  6.7862E-04
  6.9172E-04
  7.0495E-04
  7.1831E-04
  7.3179E-04
  7.4539E-04
  7.5912E-04
  7.7298E-04
  7.8696E-04
  8.0107E-04
  8.1530E-04
  8.2966E-04
  8.4414E-04
  8.5875E-04
  8.7348E-04
  8.8834E-04
  9.0332E-04
  9.1843E-04
  9.3367E-04
  9.4903E-04
  9.6451E-04
  9.8013E-04
  9.9586E-04
  1.0117E-03
  1.0277E-03
  1.0438E-03
  1.0601E-03
  1.0764E-03
  1.0929E-03
  1.1095E-03
  1.1263E-03
  1.1431E-03
  1.1601E-03
  1.1772E-03
  1.1945E-03
  1.2118E-03
  1.2293E-03
  1.2470E-03
  1.2647E-03
  1.2826E-03
  1.3006E-03
  1.3187E-03
  1.3369E-03
  1.3553E-03
  1.3738E-03
  1.3924E-03
  1.4112E-03
  1.4300E-03
  1.4490E-03
  1.4682E-03
  1.4874E-03
  1.5068E-03
  1.5263E-03
  1.5459E-03
  1.5656E-03
  1.5855E-03
  1.6052E-03
  1.6050E-03
  1.6052E-03
  1.5855E-03
  1.5656E-03
  1.5459E-03
  1.5263E-03
  1.5068E-03
  1.4874E-03
  1.4682E-03
  1.4490E-03
  1.4300E-03
  1.4112E-03
  1.3924E-03
  1.3738E-03
  1.3553E-03
  1.3369E-03
  1.3187E-03
  1.3006E-03
  1.2826E-03
  1.2647E-03
  1.2470E-03
  1.2293E-03
  1.2118E-03
  1.1945E-03
  1.1772E-03
  1.1601E-03
  1.1431E-03
  1.1263E-03
  1.1095E-03
  1.0929E-03
  1.0764E-03
  1.0601E-03
  1.0438E-03
  1.0277E-03
  1.0117E-03
  9.9586E-04
  9.8013E-04
  9.6451E-04
  9.4903E-04
  9.3367E-04
  9.1843E-04
  9.0332E-04
  8.8834E-04
  8.7348E-04
  8.5875E-04
  8.4414E-04
  8.2966E-04
  8.1530E-04
  8.0107E-04
  7.8696E-04
  7.7298E-04
  7.5912E-04
  7.4539E-04
  7.3179E-04
  7.1831E-04
  7.0495E-04
  6.9172E-04
  6.7862E-04
  6.6564E-04
  6.5279E-04
  6.4006E-04
  6.2746E-04
  6.1498E-04
  6.0263E-04
  5.9041E-04
  5.7831E-04
  5.6633E-04
  5.5448E-04
  5.4276E-04
  5.3116E-04
  5.1969E-04
  5.0834E-04
  4.9712E-04
  4.8602E-04
  4.7505E-04
  4.6420E-04
  4.5348E-04
  4.4288E-04
  4.3241E-04
  4.2207E-04
  4.1185E-04
  4.0176E-04
  3.9179E-04
  3.8194E-04
  3.7223E-04
  3.6263E-04
  3.5317E-04
  3.4382E-04
  3.3461E-04
  3.2552E-04
  3.1655E-04
  3.0771E-04
  2.9900E-04
  2.9041E-04
  2.8194E-04
  2.7360E-04
  2.6539E-04
  2.5730E-04
  2.4934E-04
  2.4150E-04
  2.3379E-04
  2.2621E-04
  2.1875E-04
  2.1141E-04
  2.0420E-04
  1.9712E-04
  1.9016E-04
  1.8332E-04
  1.7661E-04
  1.7003E-04
  1.6357E-04
  1.5724E-04
  1.5103E-04
  1.4495E-04
  1.3900E-04
  1.3317E-04
  1.2746E-04
  1.2188E-04
  1.1643E-04
  1.1110E-04
  1.0589E-04
  1.0081E-04
  9.5861E-05
  9.1033E-05
  8.6331E-05
  8.1754E-05
  7.7302E-05
  7.2976E-05
  6.8776E-05
  6.4700E-05
  6.0750E-05
  5.6926E-05
  5.3226E-05
  4.9653E-05
  4.6204E-05
  4.2881E-05
  3.9683E-05
  3.6611E-05
  3.3664E-05
  3.0842E-05
  2.8146E-05
  2.5575E-05
  2.3129E-05
  2.0809E-05
  1.8614E-05
  1.6544E-05
  1.4600E-05
  1.2780E-05
  1.1086E-05
  9.5166E-06
  8.0722E-06
  6.7526E-06
  5.5573E-06
  4.4862E-06
  3.5383E-06
  2.7126E-06
  2.0072E-06
  1.4186E-06
  9.4044E-07
  5.6077E-07
  2.5850E-07
  0.0000E+00
  1.6057E-03
  1.6057E-03
  0.0000E+00
  1.4019E-07
  6.2696E-08
  1.4019E-07
  3.5466E-07
  2.5078E-07
  3.5466E-07
  6.7816E-07
  5.6426E-07
  6.7816E-07
  1.1215E-06
  1.0031E-06
  1.1215E-06
  1.6881E-06
  1.5674E-06
  1.6881E-06
  2.3791E-06
  2.2571E-06
  2.3791E-06
  3.1950E-06
  3.0721E-06
  3.1950E-06
  4.1360E-06
  4.0125E-06
  4.1360E-06
  5.2023E-06
  5.0784E-06
  5.2023E-06
  6.3938E-06
  6.2696E-06
  6.3938E-06
  7.7106E-06
  7.5862E-06
  7.7106E-06
  9.1527E-06
  9.0282E-06
  9.1527E-06
  1.0720E-05
  1.0596E-05
  1.0720E-05
  1.2413E-05
  1.2288E-05
  1.2413E-05
  1.4231E-05
  1.4107E-05
  1.4231E-05
  1.6175E-05
  1.6050E-05
  1.6175E-05
  1.8244E-05
  1.8119E-05
  1.8244E-05
  2.0438E-05
  2.0313E-05
  2.0438E-05
  2.2758E-05
  2.2633E-05
  2.2758E-05
  2.5203E-05
  2.5078E-05
  2.5203E-05
  2.7774E-05
  2.7649E-05
  2.7774E-05
  3.0470E-05
  3.0345E-05
  3.0470E-05
  3.3291E-05
  3.3166E-05
  3.3291E-05
  3.6238E-05
  3.6113E-05
  3.6238E-05
  3.9310E-05
  3.9185E-05
  3.9310E-05
  4.2508E-05
  4.2382E-05
  4.2508E-05
  4.5831E-05
  4.5705E-05
  4.5831E-05
  4.9279E-05
  4.9154E-05
  4.9279E-05
  5.2853E-05
  5.2727E-05
  5.2853E-05
  5.6552E-05
  5.6426E-05
  5.6552E-05
  6.0376E-05
  6.0251E-05
  6.0376E-05
  6.4326E-05
  6.4201E-05
  6.4326E-05
  6.8401E-05
  6.8276E-05
  6.8401E-05
  7.2602E-05
  7.2476E-05
  7.2602E-05
  7.6928E-05
  7.6803E-05
  7.6928E-05
  8.1379E-05
  8.1254E-05
  8.1379E-05
  8.5956E-05
  8.5831E-05
  8.5956E-05
  9.0658E-05
  9.0533E-05
  9.0658E-05
  9.5486E-05
  9.5361E-05
  9.5486E-05
  1.0044E-04
  1.0031E-04
  1.0044E-04
  1.0552E-04
  1.0539E-04
  1.0552E-04
  1.1072E-04
  1.1060E-04
  1.1072E-04
  1.1605E-04
  1.1592E-04
  1.1605E-04
  1.2150E-04
  1.2138E-04
  1.2150E-04
  1.2708E-04
  1.2696E-04
  1.2708E-04
  1.3279E-04
  1.3266E-04
  1.3279E-04
  1.3862E-04
  1.3850E-04
  1.3862E-04
  1.4458E-04
  1.4445E-04
  1.4458E-04
  1.5066E-04
  1.5053E-04
  1.5066E-04
  1.5687E-04
  1.5674E-04
  1.5687E-04
  1.6320E-04
  1.6307E-04
  1.6320E-04
  1.6966E-04
  1.6953E-04
  1.6966E-04
  1.7624E-04
  1.7611E-04
  1.7624E-04
  1.8295E-04
  1.8282E-04
  1.8295E-04
  1.8978E-04
  1.8966E-04
  1.8978E-04
  1.9674E-04
  1.9661E-04
  1.9674E-04
  2.0382E-04
  2.0370E-04
  2.0382E-04
  2.1103E-04
  2.1091E-04
  2.1103E-04
  2.1837E-04
  2.1824E-04
  2.1837E-04
  2.2583E-04
  2.2571E-04
  2.2583E-04
  2.3342E-04
  2.3329E-04
  2.3342E-04
  2.4113E-04
  2.4100E-04
  2.4113E-04
  2.4897E-04
  2.4884E-04
  2.4897E-04
  2.5693E-04
  2.5680E-04
  2.5693E-04
  2.6502E-04
  2.6489E-04
  2.6502E-04
  2.7323E-04
  2.7310E-04
  2.7323E-04
  2.8157E-04
  2.8144E-04
  2.8157E-04
  2.9003E-04
  2.8991E-04
  2.9003E-04
  2.9862E-04
  2.9850E-04
  2.9862E-04
  3.0734E-04
  3.0721E-04
  3.0734E-04
  3.1618E-04
  3.1605E-04
  3.1618E-04
  3.2514E-04
  3.2502E-04
  3.2514E-04
  3.3423E-04
  3.3411E-04
  3.3423E-04
  3.4345E-04
  3.4332E-04
  3.4345E-04
  3.5279E-04
  3.5266E-04
  3.5279E-04
  3.6226E-04
  3.6213E-04
  3.6226E-04
  3.7185E-04
  3.7172E-04
  3.7185E-04
  3.8157E-04
  3.8144E-04
  3.8157E-04
  3.9141E-04
  3.9129E-04
  3.9141E-04
  4.0138E-04
  4.0125E-04
  4.0138E-04
  4.1147E-04
  4.1135E-04
  4.1147E-04
  4.2169E-04
  4.2157E-04
  4.2169E-04
  4.3204E-04
  4.3191E-04
  4.3204E-04
  4.4251E-04
  4.4238E-04
  4.4251E-04
  4.5310E-04
  4.5298E-04
  4.5310E-04
  4.6382E-04
  4.6370E-04
  4.6382E-04
  4.7467E-04
  4.7455E-04
  4.7467E-04
  4.8564E-04
  4.8552E-04
  4.8564E-04
  4.9674E-04
  4.9661E-04
  4.9674E-04
  5.0796E-04
  5.0784E-04
  5.0796E-04
  5.1931E-04
  5.1918E-04
  5.1931E-04
  5.3078E-04
  5.3066E-04
  5.3078E-04
  5.4238E-04
  5.4226E-04
  5.4238E-04
  5.5411E-04
  5.5398E-04
  5.5411E-04
  5.6596E-04
  5.6583E-04
  5.6596E-04
  5.7793E-04
  5.7781E-04
  5.7793E-04
  5.9003E-04
  5.8991E-04
  5.9003E-04
  6.0226E-04
  6.0213E-04
  6.0226E-04
  6.1461E-04
  6.1448E-04
  6.1461E-04
  6.2708E-04
  6.2696E-04
  6.2708E-04
  6.3969E-04
  6.3956E-04
  6.3969E-04
  6.5241E-04
  6.5229E-04
  6.5241E-04
  6.6527E-04
  6.6514E-04
  6.6527E-04
  6.7824E-04
  6.7812E-04
  6.7824E-04
  6.9135E-04
  6.9122E-04
  6.9135E-04
  7.0458E-04
  7.0445E-04
  7.0458E-04
  7.1793E-04
  7.1781E-04
  7.1793E-04
  7.3141E-04
  7.3129E-04
  7.3141E-04
  7.4502E-04
  7.4489E-04
  7.4502E-04
  7.5875E-04
  7.5862E-04
  7.5875E-04
  7.7260E-04
  7.7248E-04
  7.7260E-04
  7.8658E-04
  7.8646E-04
  7.8658E-04
  8.0069E-04
  8.0056E-04
  8.0069E-04
  8.1492E-04
  8.1480E-04
  8.1492E-04
  8.2928E-04
  8.2915E-04
  8.2928E-04
  8.4376E-04
  8.4364E-04
  8.4376E-04
  8.5837E-04
  8.5824E-04
  8.5837E-04
  8.7310E-04
  8.7298E-04
  8.7310E-04
  8.8796E-04
  8.8784E-04
  8.8796E-04
  9.0295E-04
  9.0282E-04
  9.0295E-04
  9.1806E-04
  9.1793E-04
  9.1806E-04
  9.3329E-04
  9.3317E-04
  9.3329E-04
  9.4865E-04
  9.4853E-04
  9.4865E-04
  9.6414E-04
  9.6401E-04
  9.6414E-04
  9.7975E-04
  9.7962E-04
  9.7975E-04
  9.9549E-04
  9.9536E-04
  9.9549E-04
  1.0113E-03
  1.0112E-03
  1.0113E-03
  1.0273E-03
  1.0272E-03
  1.0273E-03
  1.0434E-03
  1.0433E-03
  1.0434E-03
  1.0597E-03
  1.0596E-03
  1.0597E-03
  1.0761E-03
  1.0759E-03
  1.0761E-03
  1.0925E-03
  1.0924E-03
  1.0925E-03
  1.1092E-03
  1.1090E-03
  1.1092E-03
  1.1259E-03
  1.1258E-03
  1.1259E-03
  1.1428E-03
  1.1426E-03
  1.1428E-03
  1.1597E-03
  1.1596E-03
  1.1597E-03
  1.1769E-03
  1.1767E-03
  1.1769E-03
  1.1941E-03
  1.1940E-03
  1.1941E-03
  1.2115E-03
  1.2113E-03
  1.2115E-03
  1.2290E-03
  1.2288E-03
  1.2290E-03
  1.2466E-03
  1.2465E-03
  1.2466E-03
  1.2643E-03
  1.2642E-03
  1.2643E-03
  1.2822E-03
  1.2821E-03
  1.2822E-03
  1.3002E-03
  1.3001E-03
  1.3002E-03
  1.3183E-03
  1.3182E-03
  1.3183E-03
  1.3366E-03
  1.3364E-03
  1.3366E-03
  1.3549E-03
  1.3548E-03
  1.3549E-03
  1.3734E-03
  1.3733E-03
  1.3734E-03
  1.3920E-03
  1.3919E-03
  1.3920E-03
  1.4108E-03
  1.4107E-03
  1.4108E-03
  1.4297E-03
  1.4295E-03
  1.4297E-03
  1.4487E-03
  1.4485E-03
  1.4487E-03
  1.4678E-03
  1.4676E-03
  1.4678E-03
  1.4870E-03
  1.4869E-03
  1.4870E-03
  1.5064E-03
  1.5063E-03
  1.5064E-03
  1.5259E-03
  1.5258E-03
  1.5259E-03
  1.5455E-03
  1.5454E-03
  1.5455E-03
  1.5653E-03
  1.5651E-03
  1.5653E-03
  1.5851E-03
  1.5851E-03
  1.5851E-03
