Scalar DZ under Static for NODALGROUP 2: NODENUMBER X0  Y0  Z0  RESULT-1 RESULT-2 ... RESULT-N
936
   0.0000E+00
         937  0.0000E+00  0.0000E+00  5.0050E-01  5.0000E-04
         938  2.0000E-02  0.0000E+00  5.0050E-01  5.0000E-04
         939  0.0000E+00  2.0000E-02  5.0050E-01  5.0000E-04
         940  2.0000E-02  2.0000E-02  5.0050E-01  5.0000E-04
         941  0.0000E+00  0.0000E+00  5.2050E-01  4.8000E-04
         942  2.0000E-02  0.0000E+00  5.2050E-01  4.8000E-04
         943  0.0000E+00  2.0000E-02  5.2050E-01  4.8000E-04
         944  2.0000E-02  2.0000E-02  5.2050E-01  4.8000E-04
         945  0.0000E+00  0.0000E+00  5.4050E-01  4.6000E-04
         946  2.0000E-02  0.0000E+00  5.4050E-01  4.6000E-04
         947  0.0000E+00  2.0000E-02  5.4050E-01  4.6000E-04
         948  2.0000E-02  2.0000E-02  5.4050E-01  4.6000E-04
         949  0.0000E+00  0.0000E+00  5.6050E-01  4.4000E-04
         950  2.0000E-02  0.0000E+00  5.6050E-01  4.4000E-04
         951  0.0000E+00  2.0000E-02  5.6050E-01  4.4000E-04
         952  2.0000E-02  2.0000E-02  5.6050E-01  4.4000E-04
         953  0.0000E+00  0.0000E+00  5.8050E-01  4.2000E-04
         954  2.0000E-02  0.0000E+00  5.8050E-01  4.2000E-04
         955  0.0000E+00  2.0000E-02  5.8050E-01  4.2000E-04
         956  2.0000E-02  2.0000E-02  5.8050E-01  4.2000E-04
         957  0.0000E+00  0.0000E+00  6.0050E-01  4.0000E-04
         958  2.0000E-02  0.0000E+00  6.0050E-01  4.0000E-04
         959  0.0000E+00  2.0000E-02  6.0050E-01  4.0000E-04
         960  2.0000E-02  2.0000E-02  6.0050E-01  4.0000E-04
         961  0.0000E+00  0.0000E+00  6.2050E-01  3.8000E-04
         962  2.0000E-02  0.0000E+00  6.2050E-01  3.8000E-04
         963  0.0000E+00  2.0000E-02  6.2050E-01  3.8000E-04
         964  2.0000E-02  2.0000E-02  6.2050E-01  3.8000E-04
         965  0.0000E+00  0.0000E+00  6.4050E-01  3.6000E-04
         966  2.0000E-02  0.0000E+00  6.4050E-01  3.6000E-04
         967  0.0000E+00  2.0000E-02  6.4050E-01  3.6000E-04
         968  2.0000E-02  2.0000E-02  6.4050E-01  3.6000E-04
         969  0.0000E+00  0.0000E+00  6.6050E-01  3.4000E-04
         970  2.0000E-02  0.0000E+00  6.6050E-01  3.4000E-04
         971  0.0000E+00  2.0000E-02  6.6050E-01  3.4000E-04
         972  2.0000E-02  2.0000E-02  6.6050E-01  3.4000E-04
         973  0.0000E+00  0.0000E+00  6.8050E-01  3.2000E-04
         974  2.0000E-02  0.0000E+00  6.8050E-01  3.2000E-04
         975  0.0000E+00  2.0000E-02  6.8050E-01  3.2000E-04
         976  2.0000E-02  2.0000E-02  6.8050E-01  3.2000E-04
         977  0.0000E+00  0.0000E+00  7.0050E-01  3.0000E-04
         978  2.0000E-02  0.0000E+00  7.0050E-01  3.0000E-04
         979  0.0000E+00  2.0000E-02  7.0050E-01  3.0000E-04
         980  2.0000E-02  2.0000E-02  7.0050E-01  3.0000E-04
         981  0.0000E+00  0.0000E+00  7.2050E-01  2.8000E-04
         982  2.0000E-02  0.0000E+00  7.2050E-01  2.8000E-04
         983  0.0000E+00  2.0000E-02  7.2050E-01  2.8000E-04
         984  2.0000E-02  2.0000E-02  7.2050E-01  2.8000E-04
         985  0.0000E+00  0.0000E+00  7.4050E-01  2.6000E-04
         986  2.0000E-02  0.0000E+00  7.4050E-01  2.6000E-04
         987  0.0000E+00  2.0000E-02  7.4050E-01  2.6000E-04
         988  2.0000E-02  2.0000E-02  7.4050E-01  2.6000E-04
         989  0.0000E+00  0.0000E+00  7.6050E-01  2.4000E-04
         990  2.0000E-02  0.0000E+00  7.6050E-01  2.4000E-04
         991  0.0000E+00  2.0000E-02  7.6050E-01  2.4000E-04
         992  2.0000E-02  2.0000E-02  7.6050E-01  2.4000E-04
         993  0.0000E+00  0.0000E+00  7.8050E-01  2.2000E-04
         994  2.0000E-02  0.0000E+00  7.8050E-01  2.2000E-04
         995  0.0000E+00  2.0000E-02  7.8050E-01  2.2000E-04
         996  2.0000E-02  2.0000E-02  7.8050E-01  2.2000E-04
         997  0.0000E+00  0.0000E+00  8.0050E-01  2.0000E-04
         998  2.0000E-02  0.0000E+00  8.0050E-01  2.0000E-04
         999  0.0000E+00  2.0000E-02  8.0050E-01  2.0000E-04
        1000  2.0000E-02  2.0000E-02  8.0050E-01  2.0000E-04
        1001  0.0000E+00  0.0000E+00  8.2050E-01  1.8000E-04
        1002  2.0000E-02  0.0000E+00  8.2050E-01  1.8000E-04
        1003  0.0000E+00  2.0000E-02  8.2050E-01  1.8000E-04
        1004  2.0000E-02  2.0000E-02  8.2050E-01  1.8000E-04
        1005  0.0000E+00  0.0000E+00  8.4050E-01  1.6000E-04
        1006  2.0000E-02  0.0000E+00  8.4050E-01  1.6000E-04
        1007  0.0000E+00  2.0000E-02  8.4050E-01  1.6000E-04
        1008  2.0000E-02  2.0000E-02  8.4050E-01  1.6000E-04
        1009  0.0000E+00  0.0000E+00  8.6050E-01  1.4000E-04
        1010  2.0000E-02  0.0000E+00  8.6050E-01  1.4000E-04
        1011  0.0000E+00  2.0000E-02  8.6050E-01  1.4000E-04
        1012  2.0000E-02  2.0000E-02  8.6050E-01  1.4000E-04
        1013  0.0000E+00  0.0000E+00  8.8050E-01  1.2000E-04
        1014  2.0000E-02  0.0000E+00  8.8050E-01  1.2000E-04
        1015  0.0000E+00  2.0000E-02  8.8050E-01  1.2000E-04
        1016  2.0000E-02  2.0000E-02  8.8050E-01  1.2000E-04
        1017  0.0000E+00  0.0000E+00  9.0050E-01  1.0000E-04
        1018  2.0000E-02  0.0000E+00  9.0050E-01  1.0000E-04
        1019  0.0000E+00  2.0000E-02  9.0050E-01  1.0000E-04
        1020  2.0000E-02  2.0000E-02  9.0050E-01  1.0000E-04
        1021  0.0000E+00  0.0000E+00  9.2050E-01  8.0000E-05
        1022  2.0000E-02  0.0000E+00  9.2050E-01  8.0000E-05
        1023  0.0000E+00  2.0000E-02  9.2050E-01  8.0000E-05
        1024  2.0000E-02  2.0000E-02  9.2050E-01  8.0000E-05
        1025  0.0000E+00  0.0000E+00  9.4050E-01  6.0000E-05
        1026  2.0000E-02  0.0000E+00  9.4050E-01  6.0000E-05
        1027  0.0000E+00  2.0000E-02  9.4050E-01  6.0000E-05
        1028  2.0000E-02  2.0000E-02  9.4050E-01  6.0000E-05
        1029  0.0000E+00  0.0000E+00  9.6050E-01  4.0000E-05
        1030  2.0000E-02  0.0000E+00  9.6050E-01  4.0000E-05
        1031  0.0000E+00  2.0000E-02  9.6050E-01  4.0000E-05
        1032  2.0000E-02  2.0000E-02  9.6050E-01  4.0000E-05
        1033  0.0000E+00  0.0000E+00  9.8050E-01  2.0000E-05
        1034  2.0000E-02  0.0000E+00  9.8050E-01  2.0000E-05
        1035  0.0000E+00  2.0000E-02  9.8050E-01  2.0000E-05
        1036  2.0000E-02  2.0000E-02  9.8050E-01  2.0000E-05
        1037  0.0000E+00  0.0000E+00  1.0005E+00  0.0000E+00
        1038  2.0000E-02  0.0000E+00  1.0005E+00  0.0000E+00
        1039  0.0000E+00  2.0000E-02  1.0005E+00  0.0000E+00
        1040  2.0000E-02  2.0000E-02  1.0005E+00  0.0000E+00
        1041  0.0000E+00  4.0000E-02  5.0050E-01  5.0000E-04
        1042  2.0000E-02  4.0000E-02  5.0050E-01  5.0000E-04
        1043  0.0000E+00  4.0000E-02  5.2050E-01  4.8000E-04
        1044  2.0000E-02  4.0000E-02  5.2050E-01  4.8000E-04
        1045  0.0000E+00  4.0000E-02  5.4050E-01  4.6000E-04
        1046  2.0000E-02  4.0000E-02  5.4050E-01  4.6000E-04
        1047  0.0000E+00  4.0000E-02  5.6050E-01  4.4000E-04
        1048  2.0000E-02  4.0000E-02  5.6050E-01  4.4000E-04
        1049  0.0000E+00  4.0000E-02  5.8050E-01  4.2000E-04
        1050  2.0000E-02  4.0000E-02  5.8050E-01  4.2000E-04
        1051  0.0000E+00  4.0000E-02  6.0050E-01  4.0000E-04
        1052  2.0000E-02  4.0000E-02  6.0050E-01  4.0000E-04
        1053  0.0000E+00  4.0000E-02  6.2050E-01  3.8000E-04
        1054  2.0000E-02  4.0000E-02  6.2050E-01  3.8000E-04
        1055  0.0000E+00  4.0000E-02  6.4050E-01  3.6000E-04
        1056  2.0000E-02  4.0000E-02  6.4050E-01  3.6000E-04
        1057  0.0000E+00  4.0000E-02  6.6050E-01  3.4000E-04
        1058  2.0000E-02  4.0000E-02  6.6050E-01  3.4000E-04
        1059  0.0000E+00  4.0000E-02  6.8050E-01  3.2000E-04
        1060  2.0000E-02  4.0000E-02  6.8050E-01  3.2000E-04
        1061  0.0000E+00  4.0000E-02  7.0050E-01  3.0000E-04
        1062  2.0000E-02  4.0000E-02  7.0050E-01  3.0000E-04
        1063  0.0000E+00  4.0000E-02  7.2050E-01  2.8000E-04
        1064  2.0000E-02  4.0000E-02  7.2050E-01  2.8000E-04
        1065  0.0000E+00  4.0000E-02  7.4050E-01  2.6000E-04
        1066  2.0000E-02  4.0000E-02  7.4050E-01  2.6000E-04
        1067  0.0000E+00  4.0000E-02  7.6050E-01  2.4000E-04
        1068  2.0000E-02  4.0000E-02  7.6050E-01  2.4000E-04
        1069  0.0000E+00  4.0000E-02  7.8050E-01  2.2000E-04
        1070  2.0000E-02  4.0000E-02  7.8050E-01  2.2000E-04
        1071  0.0000E+00  4.0000E-02  8.0050E-01  2.0000E-04
        1072  2.0000E-02  4.0000E-02  8.0050E-01  2.0000E-04
        1073  0.0000E+00  4.0000E-02  8.2050E-01  1.8000E-04
        1074  2.0000E-02  4.0000E-02  8.2050E-01  1.8000E-04
        1075  0.0000E+00  4.0000E-02  8.4050E-01  1.6000E-04
        1076  2.0000E-02  4.0000E-02  8.4050E-01  1.6000E-04
        1077  0.0000E+00  4.0000E-02  8.6050E-01  1.4000E-04
        1078  2.0000E-02  4.0000E-02  8.6050E-01  1.4000E-04
        1079  0.0000E+00  4.0000E-02  8.8050E-01  1.2000E-04
        1080  2.0000E-02  4.0000E-02  8.8050E-01  1.2000E-04
        1081  0.0000E+00  4.0000E-02  9.0050E-01  1.0000E-04
        1082  2.0000E-02  4.0000E-02  9.0050E-01  1.0000E-04
        1083  0.0000E+00  4.0000E-02  9.2050E-01  8.0000E-05
        1084  2.0000E-02  4.0000E-02  9.2050E-01  8.0000E-05
        1085  0.0000E+00  4.0000E-02  9.4050E-01  6.0000E-05
        1086  2.0000E-02  4.0000E-02  9.4050E-01  6.0000E-05
        1087  0.0000E+00  4.0000E-02  9.6050E-01  4.0000E-05
        1088  2.0000E-02  4.0000E-02  9.6050E-01  4.0000E-05
        1089  0.0000E+00  4.0000E-02  9.8050E-01  2.0000E-05
        1090  2.0000E-02  4.0000E-02  9.8050E-01  2.0000E-05
        1091  0.0000E+00  4.0000E-02  1.0005E+00  0.0000E+00
        1092  2.0000E-02  4.0000E-02  1.0005E+00  0.0000E+00
        1093  0.0000E+00  6.0000E-02  5.0050E-01  5.0000E-04
        1094  2.0000E-02  6.0000E-02  5.0050E-01  5.0000E-04
        1095  0.0000E+00  6.0000E-02  5.2050E-01  4.8000E-04
        1096  2.0000E-02  6.0000E-02  5.2050E-01  4.8000E-04
        1097  0.0000E+00  6.0000E-02  5.4050E-01  4.6000E-04
        1098  2.0000E-02  6.0000E-02  5.4050E-01  4.6000E-04
        1099  0.0000E+00  6.0000E-02  5.6050E-01  4.4000E-04
        1100  2.0000E-02  6.0000E-02  5.6050E-01  4.4000E-04
        1101  0.0000E+00  6.0000E-02  5.8050E-01  4.2000E-04
        1102  2.0000E-02  6.0000E-02  5.8050E-01  4.2000E-04
        1103  0.0000E+00  6.0000E-02  6.0050E-01  4.0000E-04
        1104  2.0000E-02  6.0000E-02  6.0050E-01  4.0000E-04
        1105  0.0000E+00  6.0000E-02  6.2050E-01  3.8000E-04
        1106  2.0000E-02  6.0000E-02  6.2050E-01  3.8000E-04
        1107  0.0000E+00  6.0000E-02  6.4050E-01  3.6000E-04
        1108  2.0000E-02  6.0000E-02  6.4050E-01  3.6000E-04
        1109  0.0000E+00  6.0000E-02  6.6050E-01  3.4000E-04
        1110  2.0000E-02  6.0000E-02  6.6050E-01  3.4000E-04
        1111  0.0000E+00  6.0000E-02  6.8050E-01  3.2000E-04
        1112  2.0000E-02  6.0000E-02  6.8050E-01  3.2000E-04
        1113  0.0000E+00  6.0000E-02  7.0050E-01  3.0000E-04
        1114  2.0000E-02  6.0000E-02  7.0050E-01  3.0000E-04
        1115  0.0000E+00  6.0000E-02  7.2050E-01  2.8000E-04
        1116  2.0000E-02  6.0000E-02  7.2050E-01  2.8000E-04
        1117  0.0000E+00  6.0000E-02  7.4050E-01  2.6000E-04
        1118  2.0000E-02  6.0000E-02  7.4050E-01  2.6000E-04
        1119  0.0000E+00  6.0000E-02  7.6050E-01  2.4000E-04
        1120  2.0000E-02  6.0000E-02  7.6050E-01  2.4000E-04
        1121  0.0000E+00  6.0000E-02  7.8050E-01  2.2000E-04
        1122  2.0000E-02  6.0000E-02  7.8050E-01  2.2000E-04
        1123  0.0000E+00  6.0000E-02  8.0050E-01  2.0000E-04
        1124  2.0000E-02  6.0000E-02  8.0050E-01  2.0000E-04
        1125  0.0000E+00  6.0000E-02  8.2050E-01  1.8000E-04
        1126  2.0000E-02  6.0000E-02  8.2050E-01  1.8000E-04
        1127  0.0000E+00  6.0000E-02  8.4050E-01  1.6000E-04
        1128  2.0000E-02  6.0000E-02  8.4050E-01  1.6000E-04
        1129  0.0000E+00  6.0000E-02  8.6050E-01  1.4000E-04
        1130  2.0000E-02  6.0000E-02  8.6050E-01  1.4000E-04
        1131  0.0000E+00  6.0000E-02  8.8050E-01  1.2000E-04
        1132  2.0000E-02  6.0000E-02  8.8050E-01  1.2000E-04
        1133  0.0000E+00  6.0000E-02  9.0050E-01  1.0000E-04
        1134  2.0000E-02  6.0000E-02  9.0050E-01  1.0000E-04
        1135  0.0000E+00  6.0000E-02  9.2050E-01  8.0000E-05
        1136  2.0000E-02  6.0000E-02  9.2050E-01  8.0000E-05
        1137  0.0000E+00  6.0000E-02  9.4050E-01  6.0000E-05
        1138  2.0000E-02  6.0000E-02  9.4050E-01  6.0000E-05
        1139  0.0000E+00  6.0000E-02  9.6050E-01  4.0000E-05
        1140  2.0000E-02  6.0000E-02  9.6050E-01  4.0000E-05
        1141  0.0000E+00  6.0000E-02  9.8050E-01  2.0000E-05
        1142  2.0000E-02  6.0000E-02  9.8050E-01  2.0000E-05
        1143  0.0000E+00  6.0000E-02  1.0005E+00  0.0000E+00
        1144  2.0000E-02  6.0000E-02  1.0005E+00  0.0000E+00
        1145  0.0000E+00  8.0000E-02  5.0050E-01  5.0000E-04
        1146  2.0000E-02  8.0000E-02  5.0050E-01  5.0000E-04
        1147  0.0000E+00  8.0000E-02  5.2050E-01  4.8000E-04
        1148  2.0000E-02  8.0000E-02  5.2050E-01  4.8000E-04
        1149  0.0000E+00  8.0000E-02  5.4050E-01  4.6000E-04
        1150  2.0000E-02  8.0000E-02  5.4050E-01  4.6000E-04
        1151  0.0000E+00  8.0000E-02  5.6050E-01  4.4000E-04
        1152  2.0000E-02  8.0000E-02  5.6050E-01  4.4000E-04
        1153  0.0000E+00  8.0000E-02  5.8050E-01  4.2000E-04
        1154  2.0000E-02  8.0000E-02  5.8050E-01  4.2000E-04
        1155  0.0000E+00  8.0000E-02  6.0050E-01  4.0000E-04
        1156  2.0000E-02  8.0000E-02  6.0050E-01  4.0000E-04
        1157  0.0000E+00  8.0000E-02  6.2050E-01  3.8000E-04
        1158  2.0000E-02  8.0000E-02  6.2050E-01  3.8000E-04
        1159  0.0000E+00  8.0000E-02  6.4050E-01  3.6000E-04
        1160  2.0000E-02  8.0000E-02  6.4050E-01  3.6000E-04
        1161  0.0000E+00  8.0000E-02  6.6050E-01  3.4000E-04
        1162  2.0000E-02  8.0000E-02  6.6050E-01  3.4000E-04
        1163  0.0000E+00  8.0000E-02  6.8050E-01  3.2000E-04
        1164  2.0000E-02  8.0000E-02  6.8050E-01  3.2000E-04
        1165  0.0000E+00  8.0000E-02  7.0050E-01  3.0000E-04
        1166  2.0000E-02  8.0000E-02  7.0050E-01  3.0000E-04
        1167  0.0000E+00  8.0000E-02  7.2050E-01  2.8000E-04
        1168  2.0000E-02  8.0000E-02  7.2050E-01  2.8000E-04
        1169  0.0000E+00  8.0000E-02  7.4050E-01  2.6000E-04
        1170  2.0000E-02  8.0000E-02  7.4050E-01  2.6000E-04
        1171  0.0000E+00  8.0000E-02  7.6050E-01  2.4000E-04
        1172  2.0000E-02  8.0000E-02  7.6050E-01  2.4000E-04
        1173  0.0000E+00  8.0000E-02  7.8050E-01  2.2000E-04
        1174  2.0000E-02  8.0000E-02  7.8050E-01  2.2000E-04
        1175  0.0000E+00  8.0000E-02  8.0050E-01  2.0000E-04
        1176  2.0000E-02  8.0000E-02  8.0050E-01  2.0000E-04
        1177  0.0000E+00  8.0000E-02  8.2050E-01  1.8000E-04
        1178  2.0000E-02  8.0000E-02  8.2050E-01  1.8000E-04
        1179  0.0000E+00  8.0000E-02  8.4050E-01  1.6000E-04
        1180  2.0000E-02  8.0000E-02  8.4050E-01  1.6000E-04
        1181  0.0000E+00  8.0000E-02  8.6050E-01  1.4000E-04
        1182  2.0000E-02  8.0000E-02  8.6050E-01  1.4000E-04
        1183  0.0000E+00  8.0000E-02  8.8050E-01  1.2000E-04
        1184  2.0000E-02  8.0000E-02  8.8050E-01  1.2000E-04
        1185  0.0000E+00  8.0000E-02  9.0050E-01  1.0000E-04
        1186  2.0000E-02  8.0000E-02  9.0050E-01  1.0000E-04
        1187  0.0000E+00  8.0000E-02  9.2050E-01  8.0000E-05
        1188  2.0000E-02  8.0000E-02  9.2050E-01  8.0000E-05
        1189  0.0000E+00  8.0000E-02  9.4050E-01  6.0000E-05
        1190  2.0000E-02  8.0000E-02  9.4050E-01  6.0000E-05
        1191  0.0000E+00  8.0000E-02  9.6050E-01  4.0000E-05
        1192  2.0000E-02  8.0000E-02  9.6050E-01  4.0000E-05
        1193  0.0000E+00  8.0000E-02  9.8050E-01  2.0000E-05
        1194  2.0000E-02  8.0000E-02  9.8050E-01  2.0000E-05
        1195  0.0000E+00  8.0000E-02  1.0005E+00  0.0000E+00
        1196  2.0000E-02  8.0000E-02  1.0005E+00  0.0000E+00
        1197  0.0000E+00  1.0000E-01  5.0050E-01  5.0000E-04
        1198  2.0000E-02  1.0000E-01  5.0050E-01  5.0000E-04
        1199  0.0000E+00  1.0000E-01  5.2050E-01  4.8000E-04
        1200  2.0000E-02  1.0000E-01  5.2050E-01  4.8000E-04
        1201  0.0000E+00  1.0000E-01  5.4050E-01  4.6000E-04
        1202  2.0000E-02  1.0000E-01  5.4050E-01  4.6000E-04
        1203  0.0000E+00  1.0000E-01  5.6050E-01  4.4000E-04
        1204  2.0000E-02  1.0000E-01  5.6050E-01  4.4000E-04
        1205  0.0000E+00  1.0000E-01  5.8050E-01  4.2000E-04
        1206  2.0000E-02  1.0000E-01  5.8050E-01  4.2000E-04
        1207  0.0000E+00  1.0000E-01  6.0050E-01  4.0000E-04
        1208  2.0000E-02  1.0000E-01  6.0050E-01  4.0000E-04
        1209  0.0000E+00  1.0000E-01  6.2050E-01  3.8000E-04
        1210  2.0000E-02  1.0000E-01  6.2050E-01  3.8000E-04
        1211  0.0000E+00  1.0000E-01  6.4050E-01  3.6000E-04
        1212  2.0000E-02  1.0000E-01  6.4050E-01  3.6000E-04
        1213  0.0000E+00  1.0000E-01  6.6050E-01  3.4000E-04
        1214  2.0000E-02  1.0000E-01  6.6050E-01  3.4000E-04
        1215  0.0000E+00  1.0000E-01  6.8050E-01  3.2000E-04
        1216  2.0000E-02  1.0000E-01  6.8050E-01  3.2000E-04
        1217  0.0000E+00  1.0000E-01  7.0050E-01  3.0000E-04
        1218  2.0000E-02  1.0000E-01  7.0050E-01  3.0000E-04
        1219  0.0000E+00  1.0000E-01  7.2050E-01  2.8000E-04
        1220  2.0000E-02  1.0000E-01  7.2050E-01  2.8000E-04
        1221  0.0000E+00  1.0000E-01  7.4050E-01  2.6000E-04
        1222  2.0000E-02  1.0000E-01  7.4050E-01  2.6000E-04
        1223  0.0000E+00  1.0000E-01  7.6050E-01  2.4000E-04
        1224  2.0000E-02  1.0000E-01  7.6050E-01  2.4000E-04
        1225  0.0000E+00  1.0000E-01  7.8050E-01  2.2000E-04
        1226  2.0000E-02  1.0000E-01  7.8050E-01  2.2000E-04
        1227  0.0000E+00  1.0000E-01  8.0050E-01  2.0000E-04
        1228  2.0000E-02  1.0000E-01  8.0050E-01  2.0000E-04
        1229  0.0000E+00  1.0000E-01  8.2050E-01  1.8000E-04
        1230  2.0000E-02  1.0000E-01  8.2050E-01  1.8000E-04
        1231  0.0000E+00  1.0000E-01  8.4050E-01  1.6000E-04
        1232  2.0000E-02  1.0000E-01  8.4050E-01  1.6000E-04
        1233  0.0000E+00  1.0000E-01  8.6050E-01  1.4000E-04
        1234  2.0000E-02  1.0000E-01  8.6050E-01  1.4000E-04
        1235  0.0000E+00  1.0000E-01  8.8050E-01  1.2000E-04
        1236  2.0000E-02  1.0000E-01  8.8050E-01  1.2000E-04
        1237  0.0000E+00  1.0000E-01  9.0050E-01  1.0000E-04
        1238  2.0000E-02  1.0000E-01  9.0050E-01  1.0000E-04
        1239  0.0000E+00  1.0000E-01  9.2050E-01  8.0000E-05
        1240  2.0000E-02  1.0000E-01  9.2050E-01  8.0000E-05
        1241  0.0000E+00  1.0000E-01  9.4050E-01  6.0000E-05
        1242  2.0000E-02  1.0000E-01  9.4050E-01  6.0000E-05
        1243  0.0000E+00  1.0000E-01  9.6050E-01  4.0000E-05
        1244  2.0000E-02  1.0000E-01  9.6050E-01  4.0000E-05
        1245  0.0000E+00  1.0000E-01  9.8050E-01  2.0000E-05
        1246  2.0000E-02  1.0000E-01  9.8050E-01  2.0000E-05
        1247  0.0000E+00  1.0000E-01  1.0005E+00  0.0000E+00
        1248  2.0000E-02  1.0000E-01  1.0005E+00  0.0000E+00
        1249  4.0000E-02  0.0000E+00  5.0050E-01  5.0000E-04
        1250  4.0000E-02  2.0000E-02  5.0050E-01  5.0000E-04
        1251  4.0000E-02  0.0000E+00  5.2050E-01  4.8000E-04
        1252  4.0000E-02  2.0000E-02  5.2050E-01  4.8000E-04
        1253  4.0000E-02  0.0000E+00  5.4050E-01  4.6000E-04
        1254  4.0000E-02  2.0000E-02  5.4050E-01  4.6000E-04
        1255  4.0000E-02  0.0000E+00  5.6050E-01  4.4000E-04
        1256  4.0000E-02  2.0000E-02  5.6050E-01  4.4000E-04
        1257  4.0000E-02  0.0000E+00  5.8050E-01  4.2000E-04
        1258  4.0000E-02  2.0000E-02  5.8050E-01  4.2000E-04
        1259  4.0000E-02  0.0000E+00  6.0050E-01  4.0000E-04
        1260  4.0000E-02  2.0000E-02  6.0050E-01  4.0000E-04
        1261  4.0000E-02  0.0000E+00  6.2050E-01  3.8000E-04
        1262  4.0000E-02  2.0000E-02  6.2050E-01  3.8000E-04
        1263  4.0000E-02  0.0000E+00  6.4050E-01  3.6000E-04
        1264  4.0000E-02  2.0000E-02  6.4050E-01  3.6000E-04
        1265  4.0000E-02  0.0000E+00  6.6050E-01  3.4000E-04
        1266  4.0000E-02  2.0000E-02  6.6050E-01  3.4000E-04
        1267  4.0000E-02  0.0000E+00  6.8050E-01  3.2000E-04
        1268  4.0000E-02  2.0000E-02  6.8050E-01  3.2000E-04
        1269  4.0000E-02  0.0000E+00  7.0050E-01  3.0000E-04
        1270  4.0000E-02  2.0000E-02  7.0050E-01  3.0000E-04
        1271  4.0000E-02  0.0000E+00  7.2050E-01  2.8000E-04
        1272  4.0000E-02  2.0000E-02  7.2050E-01  2.8000E-04
        1273  4.0000E-02  0.0000E+00  7.4050E-01  2.6000E-04
        1274  4.0000E-02  2.0000E-02  7.4050E-01  2.6000E-04
        1275  4.0000E-02  0.0000E+00  7.6050E-01  2.4000E-04
        1276  4.0000E-02  2.0000E-02  7.6050E-01  2.4000E-04
        1277  4.0000E-02  0.0000E+00  7.8050E-01  2.2000E-04
        1278  4.0000E-02  2.0000E-02  7.8050E-01  2.2000E-04
        1279  4.0000E-02  0.0000E+00  8.0050E-01  2.0000E-04
        1280  4.0000E-02  2.0000E-02  8.0050E-01  2.0000E-04
        1281  4.0000E-02  0.0000E+00  8.2050E-01  1.8000E-04
        1282  4.0000E-02  2.0000E-02  8.2050E-01  1.8000E-04
        1283  4.0000E-02  0.0000E+00  8.4050E-01  1.6000E-04
        1284  4.0000E-02  2.0000E-02  8.4050E-01  1.6000E-04
        1285  4.0000E-02  0.0000E+00  8.6050E-01  1.4000E-04
        1286  4.0000E-02  2.0000E-02  8.6050E-01  1.4000E-04
        1287  4.0000E-02  0.0000E+00  8.8050E-01  1.2000E-04
        1288  4.0000E-02  2.0000E-02  8.8050E-01  1.2000E-04
        1289  4.0000E-02  0.0000E+00  9.0050E-01  1.0000E-04
        1290  4.0000E-02  2.0000E-02  9.0050E-01  1.0000E-04
        1291  4.0000E-02  0.0000E+00  9.2050E-01  8.0000E-05
        1292  4.0000E-02  2.0000E-02  9.2050E-01  8.0000E-05
        1293  4.0000E-02  0.0000E+00  9.4050E-01  6.0000E-05
        1294  4.0000E-02  2.0000E-02  9.4050E-01  6.0000E-05
        1295  4.0000E-02  0.0000E+00  9.6050E-01  4.0000E-05
        1296  4.0000E-02  2.0000E-02  9.6050E-01  4.0000E-05
        1297  4.0000E-02  0.0000E+00  9.8050E-01  2.0000E-05
        1298  4.0000E-02  2.0000E-02  9.8050E-01  2.0000E-05
        1299  4.0000E-02  0.0000E+00  1.0005E+00  0.0000E+00
        1300  4.0000E-02  2.0000E-02  1.0005E+00  0.0000E+00
        1301  4.0000E-02  4.0000E-02  5.0050E-01  5.0000E-04
        1302  4.0000E-02  4.0000E-02  5.2050E-01  4.8000E-04
        1303  4.0000E-02  4.0000E-02  5.4050E-01  4.6000E-04
        1304  4.0000E-02  4.0000E-02  5.6050E-01  4.4000E-04
        1305  4.0000E-02  4.0000E-02  5.8050E-01  4.2000E-04
        1306  4.0000E-02  4.0000E-02  6.0050E-01  4.0000E-04
        1307  4.0000E-02  4.0000E-02  6.2050E-01  3.8000E-04
        1308  4.0000E-02  4.0000E-02  6.4050E-01  3.6000E-04
        1309  4.0000E-02  4.0000E-02  6.6050E-01  3.4000E-04
        1310  4.0000E-02  4.0000E-02  6.8050E-01  3.2000E-04
        1311  4.0000E-02  4.0000E-02  7.0050E-01  3.0000E-04
        1312  4.0000E-02  4.0000E-02  7.2050E-01  2.8000E-04
        1313  4.0000E-02  4.0000E-02  7.4050E-01  2.6000E-04
        1314  4.0000E-02  4.0000E-02  7.6050E-01  2.4000E-04
        1315  4.0000E-02  4.0000E-02  7.8050E-01  2.2000E-04
        1316  4.0000E-02  4.0000E-02  8.0050E-01  2.0000E-04
        1317  4.0000E-02  4.0000E-02  8.2050E-01  1.8000E-04
        1318  4.0000E-02  4.0000E-02  8.4050E-01  1.6000E-04
        1319  4.0000E-02  4.0000E-02  8.6050E-01  1.4000E-04
        1320  4.0000E-02  4.0000E-02  8.8050E-01  1.2000E-04
        1321  4.0000E-02  4.0000E-02  9.0050E-01  1.0000E-04
        1322  4.0000E-02  4.0000E-02  9.2050E-01  8.0000E-05
        1323  4.0000E-02  4.0000E-02  9.4050E-01  6.0000E-05
        1324  4.0000E-02  4.0000E-02  9.6050E-01  4.0000E-05
        1325  4.0000E-02  4.0000E-02  9.8050E-01  2.0000E-05
        1326  4.0000E-02  4.0000E-02  1.0005E+00  0.0000E+00
        1327  4.0000E-02  6.0000E-02  5.0050E-01  5.0000E-04
        1328  4.0000E-02  6.0000E-02  5.2050E-01  4.8000E-04
        1329  4.0000E-02  6.0000E-02  5.4050E-01  4.6000E-04
        1330  4.0000E-02  6.0000E-02  5.6050E-01  4.4000E-04
        1331  4.0000E-02  6.0000E-02  5.8050E-01  4.2000E-04
        1332  4.0000E-02  6.0000E-02  6.0050E-01  4.0000E-04
        1333  4.0000E-02  6.0000E-02  6.2050E-01  3.8000E-04
        1334  4.0000E-02  6.0000E-02  6.4050E-01  3.6000E-04
        1335  4.0000E-02  6.0000E-02  6.6050E-01  3.4000E-04
        1336  4.0000E-02  6.0000E-02  6.8050E-01  3.2000E-04
        1337  4.0000E-02  6.0000E-02  7.0050E-01  3.0000E-04
        1338  4.0000E-02  6.0000E-02  7.2050E-01  2.8000E-04
        1339  4.0000E-02  6.0000E-02  7.4050E-01  2.6000E-04
        1340  4.0000E-02  6.0000E-02  7.6050E-01  2.4000E-04
        1341  4.0000E-02  6.0000E-02  7.8050E-01  2.2000E-04
        1342  4.0000E-02  6.0000E-02  8.0050E-01  2.0000E-04
        1343  4.0000E-02  6.0000E-02  8.2050E-01  1.8000E-04
        1344  4.0000E-02  6.0000E-02  8.4050E-01  1.6000E-04
        1345  4.0000E-02  6.0000E-02  8.6050E-01  1.4000E-04
        1346  4.0000E-02  6.0000E-02  8.8050E-01  1.2000E-04
        1347  4.0000E-02  6.0000E-02  9.0050E-01  1.0000E-04
        1348  4.0000E-02  6.0000E-02  9.2050E-01  8.0000E-05
        1349  4.0000E-02  6.0000E-02  9.4050E-01  6.0000E-05
        1350  4.0000E-02  6.0000E-02  9.6050E-01  4.0000E-05
        1351  4.0000E-02  6.0000E-02  9.8050E-01  2.0000E-05
        1352  4.0000E-02  6.0000E-02  1.0005E+00  0.0000E+00
        1353  4.0000E-02  8.0000E-02  5.0050E-01  5.0000E-04
        1354  4.0000E-02  8.0000E-02  5.2050E-01  4.8000E-04
        1355  4.0000E-02  8.0000E-02  5.4050E-01  4.6000E-04
        1356  4.0000E-02  8.0000E-02  5.6050E-01  4.4000E-04
        1357  4.0000E-02  8.0000E-02  5.8050E-01  4.2000E-04
        1358  4.0000E-02  8.0000E-02  6.0050E-01  4.0000E-04
        1359  4.0000E-02  8.0000E-02  6.2050E-01  3.8000E-04
        1360  4.0000E-02  8.0000E-02  6.4050E-01  3.6000E-04
        1361  4.0000E-02  8.0000E-02  6.6050E-01  3.4000E-04
        1362  4.0000E-02  8.0000E-02  6.8050E-01  3.2000E-04
        1363  4.0000E-02  8.0000E-02  7.0050E-01  3.0000E-04
        1364  4.0000E-02  8.0000E-02  7.2050E-01  2.8000E-04
        1365  4.0000E-02  8.0000E-02  7.4050E-01  2.6000E-04
        1366  4.0000E-02  8.0000E-02  7.6050E-01  2.4000E-04
        1367  4.0000E-02  8.0000E-02  7.8050E-01  2.2000E-04
        1368  4.0000E-02  8.0000E-02  8.0050E-01  2.0000E-04
        1369  4.0000E-02  8.0000E-02  8.2050E-01  1.8000E-04
        1370  4.0000E-02  8.0000E-02  8.4050E-01  1.6000E-04
        1371  4.0000E-02  8.0000E-02  8.6050E-01  1.4000E-04
        1372  4.0000E-02  8.0000E-02  8.8050E-01  1.2000E-04
        1373  4.0000E-02  8.0000E-02  9.0050E-01  1.0000E-04
        1374  4.0000E-02  8.0000E-02  9.2050E-01  8.0000E-05
        1375  4.0000E-02  8.0000E-02  9.4050E-01  6.0000E-05
        1376  4.0000E-02  8.0000E-02  9.6050E-01  4.0000E-05
        1377  4.0000E-02  8.0000E-02  9.8050E-01  2.0000E-05
        1378  4.0000E-02  8.0000E-02  1.0005E+00  0.0000E+00
        1379  4.0000E-02  1.0000E-01  5.0050E-01  5.0000E-04
        1380  4.0000E-02  1.0000E-01  5.2050E-01  4.8000E-04
        1381  4.0000E-02  1.0000E-01  5.4050E-01  4.6000E-04
        1382  4.0000E-02  1.0000E-01  5.6050E-01  4.4000E-04
        1383  4.0000E-02  1.0000E-01  5.8050E-01  4.2000E-04
        1384  4.0000E-02  1.0000E-01  6.0050E-01  4.0000E-04
        1385  4.0000E-02  1.0000E-01  6.2050E-01  3.8000E-04
        1386  4.0000E-02  1.0000E-01  6.4050E-01  3.6000E-04
        1387  4.0000E-02  1.0000E-01  6.6050E-01  3.4000E-04
        1388  4.0000E-02  1.0000E-01  6.8050E-01  3.2000E-04
        1389  4.0000E-02  1.0000E-01  7.0050E-01  3.0000E-04
        1390  4.0000E-02  1.0000E-01  7.2050E-01  2.8000E-04
        1391  4.0000E-02  1.0000E-01  7.4050E-01  2.6000E-04
        1392  4.0000E-02  1.0000E-01  7.6050E-01  2.4000E-04
        1393  4.0000E-02  1.0000E-01  7.8050E-01  2.2000E-04
        1394  4.0000E-02  1.0000E-01  8.0050E-01  2.0000E-04
        1395  4.0000E-02  1.0000E-01  8.2050E-01  1.8000E-04
        1396  4.0000E-02  1.0000E-01  8.4050E-01  1.6000E-04
        1397  4.0000E-02  1.0000E-01  8.6050E-01  1.4000E-04
        1398  4.0000E-02  1.0000E-01  8.8050E-01  1.2000E-04
        1399  4.0000E-02  1.0000E-01  9.0050E-01  1.0000E-04
        1400  4.0000E-02  1.0000E-01  9.2050E-01  8.0000E-05
        1401  4.0000E-02  1.0000E-01  9.4050E-01  6.0000E-05
        1402  4.0000E-02  1.0000E-01  9.6050E-01  4.0000E-05
        1403  4.0000E-02  1.0000E-01  9.8050E-01  2.0000E-05
        1404  4.0000E-02  1.0000E-01  1.0005E+00  0.0000E+00
        1405  6.0000E-02  0.0000E+00  5.0050E-01  5.0000E-04
        1406  6.0000E-02  2.0000E-02  5.0050E-01  5.0000E-04
        1407  6.0000E-02  0.0000E+00  5.2050E-01  4.8000E-04
        1408  6.0000E-02  2.0000E-02  5.2050E-01  4.8000E-04
        1409  6.0000E-02  0.0000E+00  5.4050E-01  4.6000E-04
        1410  6.0000E-02  2.0000E-02  5.4050E-01  4.6000E-04
        1411  6.0000E-02  0.0000E+00  5.6050E-01  4.4000E-04
        1412  6.0000E-02  2.0000E-02  5.6050E-01  4.4000E-04
        1413  6.0000E-02  0.0000E+00  5.8050E-01  4.2000E-04
        1414  6.0000E-02  2.0000E-02  5.8050E-01  4.2000E-04
        1415  6.0000E-02  0.0000E+00  6.0050E-01  4.0000E-04
        1416  6.0000E-02  2.0000E-02  6.0050E-01  4.0000E-04
        1417  6.0000E-02  0.0000E+00  6.2050E-01  3.8000E-04
        1418  6.0000E-02  2.0000E-02  6.2050E-01  3.8000E-04
        1419  6.0000E-02  0.0000E+00  6.4050E-01  3.6000E-04
        1420  6.0000E-02  2.0000E-02  6.4050E-01  3.6000E-04
        1421  6.0000E-02  0.0000E+00  6.6050E-01  3.4000E-04
        1422  6.0000E-02  2.0000E-02  6.6050E-01  3.4000E-04
        1423  6.0000E-02  0.0000E+00  6.8050E-01  3.2000E-04
        1424  6.0000E-02  2.0000E-02  6.8050E-01  3.2000E-04
        1425  6.0000E-02  0.0000E+00  7.0050E-01  3.0000E-04
        1426  6.0000E-02  2.0000E-02  7.0050E-01  3.0000E-04
        1427  6.0000E-02  0.0000E+00  7.2050E-01  2.8000E-04
        1428  6.0000E-02  2.0000E-02  7.2050E-01  2.8000E-04
        1429  6.0000E-02  0.0000E+00  7.4050E-01  2.6000E-04
        1430  6.0000E-02  2.0000E-02  7.4050E-01  2.6000E-04
        1431  6.0000E-02  0.0000E+00  7.6050E-01  2.4000E-04
        1432  6.0000E-02  2.0000E-02  7.6050E-01  2.4000E-04
        1433  6.0000E-02  0.0000E+00  7.8050E-01  2.2000E-04
        1434  6.0000E-02  2.0000E-02  7.8050E-01  2.2000E-04
        1435  6.0000E-02  0.0000E+00  8.0050E-01  2.0000E-04
        1436  6.0000E-02  2.0000E-02  8.0050E-01  2.0000E-04
        1437  6.0000E-02  0.0000E+00  8.2050E-01  1.8000E-04
        1438  6.0000E-02  2.0000E-02  8.2050E-01  1.8000E-04
        1439  6.0000E-02  0.0000E+00  8.4050E-01  1.6000E-04
        1440  6.0000E-02  2.0000E-02  8.4050E-01  1.6000E-04
        1441  6.0000E-02  0.0000E+00  8.6050E-01  1.4000E-04
        1442  6.0000E-02  2.0000E-02  8.6050E-01  1.4000E-04
        1443  6.0000E-02  0.0000E+00  8.8050E-01  1.2000E-04
        1444  6.0000E-02  2.0000E-02  8.8050E-01  1.2000E-04
        1445  6.0000E-02  0.0000E+00  9.0050E-01  1.0000E-04
        1446  6.0000E-02  2.0000E-02  9.0050E-01  1.0000E-04
        1447  6.0000E-02  0.0000E+00  9.2050E-01  8.0000E-05
        1448  6.0000E-02  2.0000E-02  9.2050E-01  8.0000E-05
        1449  6.0000E-02  0.0000E+00  9.4050E-01  6.0000E-05
        1450  6.0000E-02  2.0000E-02  9.4050E-01  6.0000E-05
        1451  6.0000E-02  0.0000E+00  9.6050E-01  4.0000E-05
        1452  6.0000E-02  2.0000E-02  9.6050E-01  4.0000E-05
        1453  6.0000E-02  0.0000E+00  9.8050E-01  2.0000E-05
        1454  6.0000E-02  2.0000E-02  9.8050E-01  2.0000E-05
        1455  6.0000E-02  0.0000E+00  1.0005E+00  0.0000E+00
        1456  6.0000E-02  2.0000E-02  1.0005E+00  0.0000E+00
        1457  6.0000E-02  4.0000E-02  5.0050E-01  5.0000E-04
        1458  6.0000E-02  4.0000E-02  5.2050E-01  4.8000E-04
        1459  6.0000E-02  4.0000E-02  5.4050E-01  4.6000E-04
        1460  6.0000E-02  4.0000E-02  5.6050E-01  4.4000E-04
        1461  6.0000E-02  4.0000E-02  5.8050E-01  4.2000E-04
        1462  6.0000E-02  4.0000E-02  6.0050E-01  4.0000E-04
        1463  6.0000E-02  4.0000E-02  6.2050E-01  3.8000E-04
        1464  6.0000E-02  4.0000E-02  6.4050E-01  3.6000E-04
        1465  6.0000E-02  4.0000E-02  6.6050E-01  3.4000E-04
        1466  6.0000E-02  4.0000E-02  6.8050E-01  3.2000E-04
        1467  6.0000E-02  4.0000E-02  7.0050E-01  3.0000E-04
        1468  6.0000E-02  4.0000E-02  7.2050E-01  2.8000E-04
        1469  6.0000E-02  4.0000E-02  7.4050E-01  2.6000E-04
        1470  6.0000E-02  4.0000E-02  7.6050E-01  2.4000E-04
        1471  6.0000E-02  4.0000E-02  7.8050E-01  2.2000E-04
        1472  6.0000E-02  4.0000E-02  8.0050E-01  2.0000E-04
        1473  6.0000E-02  4.0000E-02  8.2050E-01  1.8000E-04
        1474  6.0000E-02  4.0000E-02  8.4050E-01  1.6000E-04
        1475  6.0000E-02  4.0000E-02  8.6050E-01  1.4000E-04
        1476  6.0000E-02  4.0000E-02  8.8050E-01  1.2000E-04
        1477  6.0000E-02  4.0000E-02  9.0050E-01  1.0000E-04
        1478  6.0000E-02  4.0000E-02  9.2050E-01  8.0000E-05
        1479  6.0000E-02  4.0000E-02  9.4050E-01  6.0000E-05
        1480  6.0000E-02  4.0000E-02  9.6050E-01  4.0000E-05
        1481  6.0000E-02  4.0000E-02  9.8050E-01  2.0000E-05
        1482  6.0000E-02  4.0000E-02  1.0005E+00  0.0000E+00
        1483  6.0000E-02  6.0000E-02  5.0050E-01  5.0000E-04
        1484  6.0000E-02  6.0000E-02  5.2050E-01  4.8000E-04
        1485  6.0000E-02  6.0000E-02  5.4050E-01  4.6000E-04
        1486  6.0000E-02  6.0000E-02  5.6050E-01  4.4000E-04
        1487  6.0000E-02  6.0000E-02  5.8050E-01  4.2000E-04
        1488  6.0000E-02  6.0000E-02  6.0050E-01  4.0000E-04
        1489  6.0000E-02  6.0000E-02  6.2050E-01  3.8000E-04
        1490  6.0000E-02  6.0000E-02  6.4050E-01  3.6000E-04
        1491  6.0000E-02  6.0000E-02  6.6050E-01  3.4000E-04
        1492  6.0000E-02  6.0000E-02  6.8050E-01  3.2000E-04
        1493  6.0000E-02  6.0000E-02  7.0050E-01  3.0000E-04
        1494  6.0000E-02  6.0000E-02  7.2050E-01  2.8000E-04
        1495  6.0000E-02  6.0000E-02  7.4050E-01  2.6000E-04
        1496  6.0000E-02  6.0000E-02  7.6050E-01  2.4000E-04
        1497  6.0000E-02  6.0000E-02  7.8050E-01  2.2000E-04
        1498  6.0000E-02  6.0000E-02  8.0050E-01  2.0000E-04
        1499  6.0000E-02  6.0000E-02  8.2050E-01  1.8000E-04
        1500  6.0000E-02  6.0000E-02  8.4050E-01  1.6000E-04
        1501  6.0000E-02  6.0000E-02  8.6050E-01  1.4000E-04
        1502  6.0000E-02  6.0000E-02  8.8050E-01  1.2000E-04
        1503  6.0000E-02  6.0000E-02  9.0050E-01  1.0000E-04
        1504  6.0000E-02  6.0000E-02  9.2050E-01  8.0000E-05
        1505  6.0000E-02  6.0000E-02  9.4050E-01  6.0000E-05
        1506  6.0000E-02  6.0000E-02  9.6050E-01  4.0000E-05
        1507  6.0000E-02  6.0000E-02  9.8050E-01  2.0000E-05
        1508  6.0000E-02  6.0000E-02  1.0005E+00  0.0000E+00
        1509  6.0000E-02  8.0000E-02  5.0050E-01  5.0000E-04
        1510  6.0000E-02  8.0000E-02  5.2050E-01  4.8000E-04
        1511  6.0000E-02  8.0000E-02  5.4050E-01  4.6000E-04
        1512  6.0000E-02  8.0000E-02  5.6050E-01  4.4000E-04
        1513  6.0000E-02  8.0000E-02  5.8050E-01  4.2000E-04
        1514  6.0000E-02  8.0000E-02  6.0050E-01  4.0000E-04
        1515  6.0000E-02  8.0000E-02  6.2050E-01  3.8000E-04
        1516  6.0000E-02  8.0000E-02  6.4050E-01  3.6000E-04
        1517  6.0000E-02  8.0000E-02  6.6050E-01  3.4000E-04
        1518  6.0000E-02  8.0000E-02  6.8050E-01  3.2000E-04
        1519  6.0000E-02  8.0000E-02  7.0050E-01  3.0000E-04
        1520  6.0000E-02  8.0000E-02  7.2050E-01  2.8000E-04
        1521  6.0000E-02  8.0000E-02  7.4050E-01  2.6000E-04
        1522  6.0000E-02  8.0000E-02  7.6050E-01  2.4000E-04
        1523  6.0000E-02  8.0000E-02  7.8050E-01  2.2000E-04
        1524  6.0000E-02  8.0000E-02  8.0050E-01  2.0000E-04
        1525  6.0000E-02  8.0000E-02  8.2050E-01  1.8000E-04
        1526  6.0000E-02  8.0000E-02  8.4050E-01  1.6000E-04
        1527  6.0000E-02  8.0000E-02  8.6050E-01  1.4000E-04
        1528  6.0000E-02  8.0000E-02  8.8050E-01  1.2000E-04
        1529  6.0000E-02  8.0000E-02  9.0050E-01  1.0000E-04
        1530  6.0000E-02  8.0000E-02  9.2050E-01  8.0000E-05
        1531  6.0000E-02  8.0000E-02  9.4050E-01  6.0000E-05
        1532  6.0000E-02  8.0000E-02  9.6050E-01  4.0000E-05
        1533  6.0000E-02  8.0000E-02  9.8050E-01  2.0000E-05
        1534  6.0000E-02  8.0000E-02  1.0005E+00  0.0000E+00
        1535  6.0000E-02  1.0000E-01  5.0050E-01  5.0000E-04
        1536  6.0000E-02  1.0000E-01  5.2050E-01  4.8000E-04
        1537  6.0000E-02  1.0000E-01  5.4050E-01  4.6000E-04
        1538  6.0000E-02  1.0000E-01  5.6050E-01  4.4000E-04
        1539  6.0000E-02  1.0000E-01  5.8050E-01  4.2000E-04
        1540  6.0000E-02  1.0000E-01  6.0050E-01  4.0000E-04
        1541  6.0000E-02  1.0000E-01  6.2050E-01  3.8000E-04
        1542  6.0000E-02  1.0000E-01  6.4050E-01  3.6000E-04
        1543  6.0000E-02  1.0000E-01  6.6050E-01  3.4000E-04
        1544  6.0000E-02  1.0000E-01  6.8050E-01  3.2000E-04
        1545  6.0000E-02  1.0000E-01  7.0050E-01  3.0000E-04
        1546  6.0000E-02  1.0000E-01  7.2050E-01  2.8000E-04
        1547  6.0000E-02  1.0000E-01  7.4050E-01  2.6000E-04
        1548  6.0000E-02  1.0000E-01  7.6050E-01  2.4000E-04
        1549  6.0000E-02  1.0000E-01  7.8050E-01  2.2000E-04
        1550  6.0000E-02  1.0000E-01  8.0050E-01  2.0000E-04
        1551  6.0000E-02  1.0000E-01  8.2050E-01  1.8000E-04
        1552  6.0000E-02  1.0000E-01  8.4050E-01  1.6000E-04
        1553  6.0000E-02  1.0000E-01  8.6050E-01  1.4000E-04
        1554  6.0000E-02  1.0000E-01  8.8050E-01  1.2000E-04
        1555  6.0000E-02  1.0000E-01  9.0050E-01  1.0000E-04
        1556  6.0000E-02  1.0000E-01  9.2050E-01  8.0000E-05
        1557  6.0000E-02  1.0000E-01  9.4050E-01  6.0000E-05
        1558  6.0000E-02  1.0000E-01  9.6050E-01  4.0000E-05
        1559  6.0000E-02  1.0000E-01  9.8050E-01  2.0000E-05
        1560  6.0000E-02  1.0000E-01  1.0005E+00  0.0000E+00
        1561  8.0000E-02  0.0000E+00  5.0050E-01  5.0000E-04
        1562  8.0000E-02  2.0000E-02  5.0050E-01  5.0000E-04
        1563  8.0000E-02  0.0000E+00  5.2050E-01  4.8000E-04
        1564  8.0000E-02  2.0000E-02  5.2050E-01  4.8000E-04
        1565  8.0000E-02  0.0000E+00  5.4050E-01  4.6000E-04
        1566  8.0000E-02  2.0000E-02  5.4050E-01  4.6000E-04
        1567  8.0000E-02  0.0000E+00  5.6050E-01  4.4000E-04
        1568  8.0000E-02  2.0000E-02  5.6050E-01  4.4000E-04
        1569  8.0000E-02  0.0000E+00  5.8050E-01  4.2000E-04
        1570  8.0000E-02  2.0000E-02  5.8050E-01  4.2000E-04
        1571  8.0000E-02  0.0000E+00  6.0050E-01  4.0000E-04
        1572  8.0000E-02  2.0000E-02  6.0050E-01  4.0000E-04
        1573  8.0000E-02  0.0000E+00  6.2050E-01  3.8000E-04
        1574  8.0000E-02  2.0000E-02  6.2050E-01  3.8000E-04
        1575  8.0000E-02  0.0000E+00  6.4050E-01  3.6000E-04
        1576  8.0000E-02  2.0000E-02  6.4050E-01  3.6000E-04
        1577  8.0000E-02  0.0000E+00  6.6050E-01  3.4000E-04
        1578  8.0000E-02  2.0000E-02  6.6050E-01  3.4000E-04
        1579  8.0000E-02  0.0000E+00  6.8050E-01  3.2000E-04
        1580  8.0000E-02  2.0000E-02  6.8050E-01  3.2000E-04
        1581  8.0000E-02  0.0000E+00  7.0050E-01  3.0000E-04
        1582  8.0000E-02  2.0000E-02  7.0050E-01  3.0000E-04
        1583  8.0000E-02  0.0000E+00  7.2050E-01  2.8000E-04
        1584  8.0000E-02  2.0000E-02  7.2050E-01  2.8000E-04
        1585  8.0000E-02  0.0000E+00  7.4050E-01  2.6000E-04
        1586  8.0000E-02  2.0000E-02  7.4050E-01  2.6000E-04
        1587  8.0000E-02  0.0000E+00  7.6050E-01  2.4000E-04
        1588  8.0000E-02  2.0000E-02  7.6050E-01  2.4000E-04
        1589  8.0000E-02  0.0000E+00  7.8050E-01  2.2000E-04
        1590  8.0000E-02  2.0000E-02  7.8050E-01  2.2000E-04
        1591  8.0000E-02  0.0000E+00  8.0050E-01  2.0000E-04
        1592  8.0000E-02  2.0000E-02  8.0050E-01  2.0000E-04
        1593  8.0000E-02  0.0000E+00  8.2050E-01  1.8000E-04
        1594  8.0000E-02  2.0000E-02  8.2050E-01  1.8000E-04
        1595  8.0000E-02  0.0000E+00  8.4050E-01  1.6000E-04
        1596  8.0000E-02  2.0000E-02  8.4050E-01  1.6000E-04
        1597  8.0000E-02  0.0000E+00  8.6050E-01  1.4000E-04
        1598  8.0000E-02  2.0000E-02  8.6050E-01  1.4000E-04
        1599  8.0000E-02  0.0000E+00  8.8050E-01  1.2000E-04
        1600  8.0000E-02  2.0000E-02  8.8050E-01  1.2000E-04
        1601  8.0000E-02  0.0000E+00  9.0050E-01  1.0000E-04
        1602  8.0000E-02  2.0000E-02  9.0050E-01  1.0000E-04
        1603  8.0000E-02  0.0000E+00  9.2050E-01  8.0000E-05
        1604  8.0000E-02  2.0000E-02  9.2050E-01  8.0000E-05
        1605  8.0000E-02  0.0000E+00  9.4050E-01  6.0000E-05
        1606  8.0000E-02  2.0000E-02  9.4050E-01  6.0000E-05
        1607  8.0000E-02  0.0000E+00  9.6050E-01  4.0000E-05
        1608  8.0000E-02  2.0000E-02  9.6050E-01  4.0000E-05
        1609  8.0000E-02  0.0000E+00  9.8050E-01  2.0000E-05
        1610  8.0000E-02  2.0000E-02  9.8050E-01  2.0000E-05
        1611  8.0000E-02  0.0000E+00  1.0005E+00  0.0000E+00
        1612  8.0000E-02  2.0000E-02  1.0005E+00  0.0000E+00
        1613  8.0000E-02  4.0000E-02  5.0050E-01  5.0000E-04
        1614  8.0000E-02  4.0000E-02  5.2050E-01  4.8000E-04
        1615  8.0000E-02  4.0000E-02  5.4050E-01  4.6000E-04
        1616  8.0000E-02  4.0000E-02  5.6050E-01  4.4000E-04
        1617  8.0000E-02  4.0000E-02  5.8050E-01  4.2000E-04
        1618  8.0000E-02  4.0000E-02  6.0050E-01  4.0000E-04
        1619  8.0000E-02  4.0000E-02  6.2050E-01  3.8000E-04
        1620  8.0000E-02  4.0000E-02  6.4050E-01  3.6000E-04
        1621  8.0000E-02  4.0000E-02  6.6050E-01  3.4000E-04
        1622  8.0000E-02  4.0000E-02  6.8050E-01  3.2000E-04
        1623  8.0000E-02  4.0000E-02  7.0050E-01  3.0000E-04
        1624  8.0000E-02  4.0000E-02  7.2050E-01  2.8000E-04
        1625  8.0000E-02  4.0000E-02  7.4050E-01  2.6000E-04
        1626  8.0000E-02  4.0000E-02  7.6050E-01  2.4000E-04
        1627  8.0000E-02  4.0000E-02  7.8050E-01  2.2000E-04
        1628  8.0000E-02  4.0000E-02  8.0050E-01  2.0000E-04
        1629  8.0000E-02  4.0000E-02  8.2050E-01  1.8000E-04
        1630  8.0000E-02  4.0000E-02  8.4050E-01  1.6000E-04
        1631  8.0000E-02  4.0000E-02  8.6050E-01  1.4000E-04
        1632  8.0000E-02  4.0000E-02  8.8050E-01  1.2000E-04
        1633  8.0000E-02  4.0000E-02  9.0050E-01  1.0000E-04
        1634  8.0000E-02  4.0000E-02  9.2050E-01  8.0000E-05
        1635  8.0000E-02  4.0000E-02  9.4050E-01  6.0000E-05
        1636  8.0000E-02  4.0000E-02  9.6050E-01  4.0000E-05
        1637  8.0000E-02  4.0000E-02  9.8050E-01  2.0000E-05
        1638  8.0000E-02  4.0000E-02  1.0005E+00  0.0000E+00
        1639  8.0000E-02  6.0000E-02  5.0050E-01  5.0000E-04
        1640  8.0000E-02  6.0000E-02  5.2050E-01  4.8000E-04
        1641  8.0000E-02  6.0000E-02  5.4050E-01  4.6000E-04
        1642  8.0000E-02  6.0000E-02  5.6050E-01  4.4000E-04
        1643  8.0000E-02  6.0000E-02  5.8050E-01  4.2000E-04
        1644  8.0000E-02  6.0000E-02  6.0050E-01  4.0000E-04
        1645  8.0000E-02  6.0000E-02  6.2050E-01  3.8000E-04
        1646  8.0000E-02  6.0000E-02  6.4050E-01  3.6000E-04
        1647  8.0000E-02  6.0000E-02  6.6050E-01  3.4000E-04
        1648  8.0000E-02  6.0000E-02  6.8050E-01  3.2000E-04
        1649  8.0000E-02  6.0000E-02  7.0050E-01  3.0000E-04
        1650  8.0000E-02  6.0000E-02  7.2050E-01  2.8000E-04
        1651  8.0000E-02  6.0000E-02  7.4050E-01  2.6000E-04
        1652  8.0000E-02  6.0000E-02  7.6050E-01  2.4000E-04
        1653  8.0000E-02  6.0000E-02  7.8050E-01  2.2000E-04
        1654  8.0000E-02  6.0000E-02  8.0050E-01  2.0000E-04
        1655  8.0000E-02  6.0000E-02  8.2050E-01  1.8000E-04
        1656  8.0000E-02  6.0000E-02  8.4050E-01  1.6000E-04
        1657  8.0000E-02  6.0000E-02  8.6050E-01  1.4000E-04
        1658  8.0000E-02  6.0000E-02  8.8050E-01  1.2000E-04
        1659  8.0000E-02  6.0000E-02  9.0050E-01  1.0000E-04
        1660  8.0000E-02  6.0000E-02  9.2050E-01  8.0000E-05
        1661  8.0000E-02  6.0000E-02  9.4050E-01  6.0000E-05
        1662  8.0000E-02  6.0000E-02  9.6050E-01  4.0000E-05
        1663  8.0000E-02  6.0000E-02  9.8050E-01  2.0000E-05
        1664  8.0000E-02  6.0000E-02  1.0005E+00  0.0000E+00
        1665  8.0000E-02  8.0000E-02  5.0050E-01  5.0000E-04
        1666  8.0000E-02  8.0000E-02  5.2050E-01  4.8000E-04
        1667  8.0000E-02  8.0000E-02  5.4050E-01  4.6000E-04
        1668  8.0000E-02  8.0000E-02  5.6050E-01  4.4000E-04
        1669  8.0000E-02  8.0000E-02  5.8050E-01  4.2000E-04
        1670  8.0000E-02  8.0000E-02  6.0050E-01  4.0000E-04
        1671  8.0000E-02  8.0000E-02  6.2050E-01  3.8000E-04
        1672  8.0000E-02  8.0000E-02  6.4050E-01  3.6000E-04
        1673  8.0000E-02  8.0000E-02  6.6050E-01  3.4000E-04
        1674  8.0000E-02  8.0000E-02  6.8050E-01  3.2000E-04
        1675  8.0000E-02  8.0000E-02  7.0050E-01  3.0000E-04
        1676  8.0000E-02  8.0000E-02  7.2050E-01  2.8000E-04
        1677  8.0000E-02  8.0000E-02  7.4050E-01  2.6000E-04
        1678  8.0000E-02  8.0000E-02  7.6050E-01  2.4000E-04
        1679  8.0000E-02  8.0000E-02  7.8050E-01  2.2000E-04
        1680  8.0000E-02  8.0000E-02  8.0050E-01  2.0000E-04
        1681  8.0000E-02  8.0000E-02  8.2050E-01  1.8000E-04
        1682  8.0000E-02  8.0000E-02  8.4050E-01  1.6000E-04
        1683  8.0000E-02  8.0000E-02  8.6050E-01  1.4000E-04
        1684  8.0000E-02  8.0000E-02  8.8050E-01  1.2000E-04
        1685  8.0000E-02  8.0000E-02  9.0050E-01  1.0000E-04
        1686  8.0000E-02  8.0000E-02  9.2050E-01  8.0000E-05
        1687  8.0000E-02  8.0000E-02  9.4050E-01  6.0000E-05
        1688  8.0000E-02  8.0000E-02  9.6050E-01  4.0000E-05
        1689  8.0000E-02  8.0000E-02  9.8050E-01  2.0000E-05
        1690  8.0000E-02  8.0000E-02  1.0005E+00  0.0000E+00
        1691  8.0000E-02  1.0000E-01  5.0050E-01  5.0000E-04
        1692  8.0000E-02  1.0000E-01  5.2050E-01  4.8000E-04
        1693  8.0000E-02  1.0000E-01  5.4050E-01  4.6000E-04
        1694  8.0000E-02  1.0000E-01  5.6050E-01  4.4000E-04
        1695  8.0000E-02  1.0000E-01  5.8050E-01  4.2000E-04
        1696  8.0000E-02  1.0000E-01  6.0050E-01  4.0000E-04
        1697  8.0000E-02  1.0000E-01  6.2050E-01  3.8000E-04
        1698  8.0000E-02  1.0000E-01  6.4050E-01  3.6000E-04
        1699  8.0000E-02  1.0000E-01  6.6050E-01  3.4000E-04
        1700  8.0000E-02  1.0000E-01  6.8050E-01  3.2000E-04
        1701  8.0000E-02  1.0000E-01  7.0050E-01  3.0000E-04
        1702  8.0000E-02  1.0000E-01  7.2050E-01  2.8000E-04
        1703  8.0000E-02  1.0000E-01  7.4050E-01  2.6000E-04
        1704  8.0000E-02  1.0000E-01  7.6050E-01  2.4000E-04
        1705  8.0000E-02  1.0000E-01  7.8050E-01  2.2000E-04
        1706  8.0000E-02  1.0000E-01  8.0050E-01  2.0000E-04
        1707  8.0000E-02  1.0000E-01  8.2050E-01  1.8000E-04
        1708  8.0000E-02  1.0000E-01  8.4050E-01  1.6000E-04
        1709  8.0000E-02  1.0000E-01  8.6050E-01  1.4000E-04
        1710  8.0000E-02  1.0000E-01  8.8050E-01  1.2000E-04
        1711  8.0000E-02  1.0000E-01  9.0050E-01  1.0000E-04
        1712  8.0000E-02  1.0000E-01  9.2050E-01  8.0000E-05
        1713  8.0000E-02  1.0000E-01  9.4050E-01  6.0000E-05
        1714  8.0000E-02  1.0000E-01  9.6050E-01  4.0000E-05
        1715  8.0000E-02  1.0000E-01  9.8050E-01  2.0000E-05
        1716  8.0000E-02  1.0000E-01  1.0005E+00  0.0000E+00
        1717  1.0000E-01  0.0000E+00  5.0050E-01  5.0000E-04
        1718  1.0000E-01  2.0000E-02  5.0050E-01  5.0000E-04
        1719  1.0000E-01  0.0000E+00  5.2050E-01  4.8000E-04
        1720  1.0000E-01  2.0000E-02  5.2050E-01  4.8000E-04
        1721  1.0000E-01  0.0000E+00  5.4050E-01  4.6000E-04
        1722  1.0000E-01  2.0000E-02  5.4050E-01  4.6000E-04
        1723  1.0000E-01  0.0000E+00  5.6050E-01  4.4000E-04
        1724  1.0000E-01  2.0000E-02  5.6050E-01  4.4000E-04
        1725  1.0000E-01  0.0000E+00  5.8050E-01  4.2000E-04
        1726  1.0000E-01  2.0000E-02  5.8050E-01  4.2000E-04
        1727  1.0000E-01  0.0000E+00  6.0050E-01  4.0000E-04
        1728  1.0000E-01  2.0000E-02  6.0050E-01  4.0000E-04
        1729  1.0000E-01  0.0000E+00  6.2050E-01  3.8000E-04
        1730  1.0000E-01  2.0000E-02  6.2050E-01  3.8000E-04
        1731  1.0000E-01  0.0000E+00  6.4050E-01  3.6000E-04
        1732  1.0000E-01  2.0000E-02  6.4050E-01  3.6000E-04
        1733  1.0000E-01  0.0000E+00  6.6050E-01  3.4000E-04
        1734  1.0000E-01  2.0000E-02  6.6050E-01  3.4000E-04
        1735  1.0000E-01  0.0000E+00  6.8050E-01  3.2000E-04
        1736  1.0000E-01  2.0000E-02  6.8050E-01  3.2000E-04
        1737  1.0000E-01  0.0000E+00  7.0050E-01  3.0000E-04
        1738  1.0000E-01  2.0000E-02  7.0050E-01  3.0000E-04
        1739  1.0000E-01  0.0000E+00  7.2050E-01  2.8000E-04
        1740  1.0000E-01  2.0000E-02  7.2050E-01  2.8000E-04
        1741  1.0000E-01  0.0000E+00  7.4050E-01  2.6000E-04
        1742  1.0000E-01  2.0000E-02  7.4050E-01  2.6000E-04
        1743  1.0000E-01  0.0000E+00  7.6050E-01  2.4000E-04
        1744  1.0000E-01  2.0000E-02  7.6050E-01  2.4000E-04
        1745  1.0000E-01  0.0000E+00  7.8050E-01  2.2000E-04
        1746  1.0000E-01  2.0000E-02  7.8050E-01  2.2000E-04
        1747  1.0000E-01  0.0000E+00  8.0050E-01  2.0000E-04
        1748  1.0000E-01  2.0000E-02  8.0050E-01  2.0000E-04
        1749  1.0000E-01  0.0000E+00  8.2050E-01  1.8000E-04
        1750  1.0000E-01  2.0000E-02  8.2050E-01  1.8000E-04
        1751  1.0000E-01  0.0000E+00  8.4050E-01  1.6000E-04
        1752  1.0000E-01  2.0000E-02  8.4050E-01  1.6000E-04
        1753  1.0000E-01  0.0000E+00  8.6050E-01  1.4000E-04
        1754  1.0000E-01  2.0000E-02  8.6050E-01  1.4000E-04
        1755  1.0000E-01  0.0000E+00  8.8050E-01  1.2000E-04
        1756  1.0000E-01  2.0000E-02  8.8050E-01  1.2000E-04
        1757  1.0000E-01  0.0000E+00  9.0050E-01  1.0000E-04
        1758  1.0000E-01  2.0000E-02  9.0050E-01  1.0000E-04
        1759  1.0000E-01  0.0000E+00  9.2050E-01  8.0000E-05
        1760  1.0000E-01  2.0000E-02  9.2050E-01  8.0000E-05
        1761  1.0000E-01  0.0000E+00  9.4050E-01  6.0000E-05
        1762  1.0000E-01  2.0000E-02  9.4050E-01  6.0000E-05
        1763  1.0000E-01  0.0000E+00  9.6050E-01  4.0000E-05
        1764  1.0000E-01  2.0000E-02  9.6050E-01  4.0000E-05
        1765  1.0000E-01  0.0000E+00  9.8050E-01  2.0000E-05
        1766  1.0000E-01  2.0000E-02  9.8050E-01  2.0000E-05
        1767  1.0000E-01  0.0000E+00  1.0005E+00  0.0000E+00
        1768  1.0000E-01  2.0000E-02  1.0005E+00  0.0000E+00
        1769  1.0000E-01  4.0000E-02  5.0050E-01  5.0000E-04
        1770  1.0000E-01  4.0000E-02  5.2050E-01  4.8000E-04
        1771  1.0000E-01  4.0000E-02  5.4050E-01  4.6000E-04
        1772  1.0000E-01  4.0000E-02  5.6050E-01  4.4000E-04
        1773  1.0000E-01  4.0000E-02  5.8050E-01  4.2000E-04
        1774  1.0000E-01  4.0000E-02  6.0050E-01  4.0000E-04
        1775  1.0000E-01  4.0000E-02  6.2050E-01  3.8000E-04
        1776  1.0000E-01  4.0000E-02  6.4050E-01  3.6000E-04
        1777  1.0000E-01  4.0000E-02  6.6050E-01  3.4000E-04
        1778  1.0000E-01  4.0000E-02  6.8050E-01  3.2000E-04
        1779  1.0000E-01  4.0000E-02  7.0050E-01  3.0000E-04
        1780  1.0000E-01  4.0000E-02  7.2050E-01  2.8000E-04
        1781  1.0000E-01  4.0000E-02  7.4050E-01  2.6000E-04
        1782  1.0000E-01  4.0000E-02  7.6050E-01  2.4000E-04
        1783  1.0000E-01  4.0000E-02  7.8050E-01  2.2000E-04
        1784  1.0000E-01  4.0000E-02  8.0050E-01  2.0000E-04
        1785  1.0000E-01  4.0000E-02  8.2050E-01  1.8000E-04
        1786  1.0000E-01  4.0000E-02  8.4050E-01  1.6000E-04
        1787  1.0000E-01  4.0000E-02  8.6050E-01  1.4000E-04
        1788  1.0000E-01  4.0000E-02  8.8050E-01  1.2000E-04
        1789  1.0000E-01  4.0000E-02  9.0050E-01  1.0000E-04
        1790  1.0000E-01  4.0000E-02  9.2050E-01  8.0000E-05
        1791  1.0000E-01  4.0000E-02  9.4050E-01  6.0000E-05
        1792  1.0000E-01  4.0000E-02  9.6050E-01  4.0000E-05
        1793  1.0000E-01  4.0000E-02  9.8050E-01  2.0000E-05
        1794  1.0000E-01  4.0000E-02  1.0005E+00  0.0000E+00
        1795  1.0000E-01  6.0000E-02  5.0050E-01  5.0000E-04
        1796  1.0000E-01  6.0000E-02  5.2050E-01  4.8000E-04
        1797  1.0000E-01  6.0000E-02  5.4050E-01  4.6000E-04
        1798  1.0000E-01  6.0000E-02  5.6050E-01  4.4000E-04
        1799  1.0000E-01  6.0000E-02  5.8050E-01  4.2000E-04
        1800  1.0000E-01  6.0000E-02  6.0050E-01  4.0000E-04
        1801  1.0000E-01  6.0000E-02  6.2050E-01  3.8000E-04
        1802  1.0000E-01  6.0000E-02  6.4050E-01  3.6000E-04
        1803  1.0000E-01  6.0000E-02  6.6050E-01  3.4000E-04
        1804  1.0000E-01  6.0000E-02  6.8050E-01  3.2000E-04
        1805  1.0000E-01  6.0000E-02  7.0050E-01  3.0000E-04
        1806  1.0000E-01  6.0000E-02  7.2050E-01  2.8000E-04
        1807  1.0000E-01  6.0000E-02  7.4050E-01  2.6000E-04
        1808  1.0000E-01  6.0000E-02  7.6050E-01  2.4000E-04
        1809  1.0000E-01  6.0000E-02  7.8050E-01  2.2000E-04
        1810  1.0000E-01  6.0000E-02  8.0050E-01  2.0000E-04
        1811  1.0000E-01  6.0000E-02  8.2050E-01  1.8000E-04
        1812  1.0000E-01  6.0000E-02  8.4050E-01  1.6000E-04
        1813  1.0000E-01  6.0000E-02  8.6050E-01  1.4000E-04
        1814  1.0000E-01  6.0000E-02  8.8050E-01  1.2000E-04
        1815  1.0000E-01  6.0000E-02  9.0050E-01  1.0000E-04
        1816  1.0000E-01  6.0000E-02  9.2050E-01  8.0000E-05
        1817  1.0000E-01  6.0000E-02  9.4050E-01  6.0000E-05
        1818  1.0000E-01  6.0000E-02  9.6050E-01  4.0000E-05
        1819  1.0000E-01  6.0000E-02  9.8050E-01  2.0000E-05
        1820  1.0000E-01  6.0000E-02  1.0005E+00  0.0000E+00
        1821  1.0000E-01  8.0000E-02  5.0050E-01  5.0000E-04
        1822  1.0000E-01  8.0000E-02  5.2050E-01  4.8000E-04
        1823  1.0000E-01  8.0000E-02  5.4050E-01  4.6000E-04
        1824  1.0000E-01  8.0000E-02  5.6050E-01  4.4000E-04
        1825  1.0000E-01  8.0000E-02  5.8050E-01  4.2000E-04
        1826  1.0000E-01  8.0000E-02  6.0050E-01  4.0000E-04
        1827  1.0000E-01  8.0000E-02  6.2050E-01  3.8000E-04
        1828  1.0000E-01  8.0000E-02  6.4050E-01  3.6000E-04
        1829  1.0000E-01  8.0000E-02  6.6050E-01  3.4000E-04
        1830  1.0000E-01  8.0000E-02  6.8050E-01  3.2000E-04
        1831  1.0000E-01  8.0000E-02  7.0050E-01  3.0000E-04
        1832  1.0000E-01  8.0000E-02  7.2050E-01  2.8000E-04
        1833  1.0000E-01  8.0000E-02  7.4050E-01  2.6000E-04
        1834  1.0000E-01  8.0000E-02  7.6050E-01  2.4000E-04
        1835  1.0000E-01  8.0000E-02  7.8050E-01  2.2000E-04
        1836  1.0000E-01  8.0000E-02  8.0050E-01  2.0000E-04
        1837  1.0000E-01  8.0000E-02  8.2050E-01  1.8000E-04
        1838  1.0000E-01  8.0000E-02  8.4050E-01  1.6000E-04
        1839  1.0000E-01  8.0000E-02  8.6050E-01  1.4000E-04
        1840  1.0000E-01  8.0000E-02  8.8050E-01  1.2000E-04
        1841  1.0000E-01  8.0000E-02  9.0050E-01  1.0000E-04
        1842  1.0000E-01  8.0000E-02  9.2050E-01  8.0000E-05
        1843  1.0000E-01  8.0000E-02  9.4050E-01  6.0000E-05
        1844  1.0000E-01  8.0000E-02  9.6050E-01  4.0000E-05
        1845  1.0000E-01  8.0000E-02  9.8050E-01  2.0000E-05
        1846  1.0000E-01  8.0000E-02  1.0005E+00  0.0000E+00
        1847  1.0000E-01  1.0000E-01  5.0050E-01  5.0000E-04
        1848  1.0000E-01  1.0000E-01  5.2050E-01  4.8000E-04
        1849  1.0000E-01  1.0000E-01  5.4050E-01  4.6000E-04
        1850  1.0000E-01  1.0000E-01  5.6050E-01  4.4000E-04
        1851  1.0000E-01  1.0000E-01  5.8050E-01  4.2000E-04
        1852  1.0000E-01  1.0000E-01  6.0050E-01  4.0000E-04
        1853  1.0000E-01  1.0000E-01  6.2050E-01  3.8000E-04
        1854  1.0000E-01  1.0000E-01  6.4050E-01  3.6000E-04
        1855  1.0000E-01  1.0000E-01  6.6050E-01  3.4000E-04
        1856  1.0000E-01  1.0000E-01  6.8050E-01  3.2000E-04
        1857  1.0000E-01  1.0000E-01  7.0050E-01  3.0000E-04
        1858  1.0000E-01  1.0000E-01  7.2050E-01  2.8000E-04
        1859  1.0000E-01  1.0000E-01  7.4050E-01  2.6000E-04
        1860  1.0000E-01  1.0000E-01  7.6050E-01  2.4000E-04
        1861  1.0000E-01  1.0000E-01  7.8050E-01  2.2000E-04
        1862  1.0000E-01  1.0000E-01  8.0050E-01  2.0000E-04
        1863  1.0000E-01  1.0000E-01  8.2050E-01  1.8000E-04
        1864  1.0000E-01  1.0000E-01  8.4050E-01  1.6000E-04
        1865  1.0000E-01  1.0000E-01  8.6050E-01  1.4000E-04
        1866  1.0000E-01  1.0000E-01  8.8050E-01  1.2000E-04
        1867  1.0000E-01  1.0000E-01  9.0050E-01  1.0000E-04
        1868  1.0000E-01  1.0000E-01  9.2050E-01  8.0000E-05
        1869  1.0000E-01  1.0000E-01  9.4050E-01  6.0000E-05
        1870  1.0000E-01  1.0000E-01  9.6050E-01  4.0000E-05
        1871  1.0000E-01  1.0000E-01  9.8050E-01  2.0000E-05
        1872  1.0000E-01  1.0000E-01  1.0005E+00  0.0000E+00
