Scalar DX under Static for nodeset
1872
   0.0000E+00
  0.0000E+00
  0.0000E+00
  0.0000E+00
  0.0000E+00
  4.8968E-13
  4.9168E-13
  4.8911E-13
  4.9017E-13
  1.8818E-12
  1.8829E-12
  1.8814E-12
  1.8794E-12
  4.1464E-12
  4.1497E-12
  4.1466E-12
  4.1418E-12
  7.2438E-12
  7.2545E-12
  7.2444E-12
  7.2369E-12
  1.1106E-11
  1.1134E-11
  1.1102E-11
  1.1096E-11
  1.5628E-11
  1.5702E-11
  1.5607E-11
  1.5615E-11
  2.0744E-11
  2.0867E-11
  2.0612E-11
  2.0699E-11
  2.6462E-11
  2.6951E-11
  2.6208E-11
  2.6310E-11
  3.5383E-11
  3.4140E-11
  3.2664E-11
  3.3414E-11
  4.5585E-11
  5.1295E-11
  4.7884E-11
  4.2831E-11
  1.0727E-10
  3.3011E-11
  9.0774E-11
  6.5605E-11
 -5.6580E-11
  8.5152E-11
 -1.1593E-11
  4.6402E-11
  1.1579E-10
  3.7918E-11
  9.2500E-11
  6.8174E-11
  4.7887E-11
  5.3756E-11
  4.8331E-11
  4.2854E-11
  3.6394E-11
  3.5017E-11
  3.2620E-11
  3.3459E-11
  2.7213E-11
  2.7705E-11
  2.6574E-11
  2.6718E-11
  2.1702E-11
  2.1818E-11
  2.1416E-11
  2.1533E-11
  1.6831E-11
  1.6902E-11
  1.6754E-11
  1.6774E-11
  1.2489E-11
  1.2514E-11
  1.2465E-11
  1.2463E-11
  8.7024E-12
  8.7102E-12
  8.6952E-12
  8.6887E-12
  5.5545E-12
  5.5561E-12
  5.5520E-12
  5.5471E-12
  3.0966E-12
  3.0965E-12
  3.0954E-12
  3.0928E-12
  1.3511E-12
  1.3504E-12
  1.3503E-12
  1.3488E-12
  3.2262E-13
  3.2079E-13
  3.2216E-13
  3.2019E-13
  0.0000E+00
  0.0000E+00
  0.0000E+00
  0.0000E+00
  0.0000E+00
  0.0000E+00
  4.9154E-13
  4.9271E-13
  1.8935E-12
  1.8920E-12
  4.1816E-12
  4.1782E-12
  7.3259E-12
  7.3219E-12
  1.1268E-11
  1.1269E-11
  1.5899E-11
  1.5928E-11
  2.1085E-11
  2.1171E-11
  2.6783E-11
  2.7032E-11
  3.4086E-11
  3.4325E-11
  4.8634E-11
  4.6333E-11
  6.4609E-11
  5.8592E-11
  3.8035E-11
  5.3660E-11
  6.4528E-11
  5.8171E-11
  4.7286E-11
  4.4998E-11
  3.3360E-11
  3.3663E-11
  2.6820E-11
  2.7118E-11
  2.1732E-11
  2.1844E-11
  1.6967E-11
  1.7007E-11
  1.2593E-11
  1.2597E-11
  8.7592E-12
  8.7557E-12
  5.5796E-12
  5.5759E-12
  3.1051E-12
  3.1028E-12
  1.3524E-12
  1.3510E-12
  3.2193E-13
  3.1990E-13
  0.0000E+00
  0.0000E+00
  0.0000E+00
  0.0000E+00
  4.9660E-13
  4.9818E-13
  1.9147E-12
  1.9142E-12
  4.2399E-12
  4.2387E-12
  7.4606E-12
  7.4612E-12
  1.1544E-11
  1.1555E-11
  1.6412E-11
  1.6453E-11
  2.1922E-11
  2.2040E-11
  2.8074E-11
  2.8258E-11
  3.5428E-11
  3.5634E-11
  4.3337E-11
  4.4122E-11
  5.9559E-11
  4.9488E-11
  5.2105E-11
  6.8707E-11
  5.7917E-11
  4.8482E-11
  4.1768E-11
  4.2610E-11
  3.4545E-11
  3.4836E-11
  2.7974E-11
  2.8203E-11
  2.2462E-11
  2.2601E-11
  1.7410E-11
  1.7458E-11
  1.2828E-11
  1.2840E-11
  8.8726E-12
  8.8728E-12
  5.6283E-12
  5.6265E-12
  3.1229E-12
  3.1215E-12
  1.3571E-12
  1.3560E-12
  3.2223E-13
  3.2023E-13
  0.0000E+00
  0.0000E+00
  0.0000E+00
  0.0000E+00
  4.9955E-13
  5.0128E-13
  1.9285E-12
  1.9285E-12
  4.2792E-12
  4.2795E-12
  7.5533E-12
  7.5577E-12
  1.1740E-11
  1.1759E-11
  1.6793E-11
  1.6849E-11
  2.2591E-11
  2.2728E-11
  2.8918E-11
  2.9159E-11
  3.5138E-11
  3.5822E-11
  4.3100E-11
  4.1991E-11
  5.0069E-11
  4.9726E-11
  6.5826E-11
  6.4711E-11
  4.9450E-11
  5.0592E-11
  4.2275E-11
  4.1197E-11
  3.4431E-11
  3.5253E-11
  2.8825E-11
  2.9121E-11
  2.3095E-11
  2.3256E-11
  1.7756E-11
  1.7819E-11
  1.3001E-11
  1.3020E-11
  8.9524E-12
  8.9562E-12
  5.6617E-12
  5.6612E-12
  3.1348E-12
  3.1338E-12
  1.3600E-12
  1.3590E-12
  3.2223E-13
  3.2020E-13
  0.0000E+00
  0.0000E+00
  0.0000E+00
  0.0000E+00
  4.9965E-13
  5.0036E-13
  1.9302E-12
  1.9268E-12
  4.2850E-12
  4.2766E-12
  7.5683E-12
  7.5532E-12
  1.1774E-11
  1.1754E-11
  1.6866E-11
  1.6849E-11
  2.2737E-11
  2.2753E-11
  2.9034E-11
  2.9258E-11
  3.5321E-11
  3.5776E-11
  4.1350E-11
  4.2105E-11
  5.7472E-11
  5.0682E-11
  5.1291E-11
  6.1847E-11
  5.8714E-11
  5.1706E-11
  4.0664E-11
  4.1668E-11
  3.4694E-11
  3.5249E-11
  2.8952E-11
  2.9245E-11
  2.3239E-11
  2.3288E-11
  1.7824E-11
  1.7823E-11
  1.3031E-11
  1.3017E-11
  8.9655E-12
  8.9526E-12
  5.6668E-12
  5.6589E-12
  3.1363E-12
  3.1325E-12
  1.3602E-12
  1.3584E-12
  3.2207E-13
  3.1985E-13
  0.0000E+00
  0.0000E+00
  0.0000E+00
  0.0000E+00
  4.9348E-13
  4.9046E-13
  1.8826E-12
  1.8741E-12
  4.1514E-12
  4.1307E-12
  7.2688E-12
  7.2235E-12
  1.1189E-11
  1.1097E-11
  1.5855E-11
  1.5686E-11
  2.1249E-11
  2.0947E-11
  2.7423E-11
  2.7029E-11
  3.5102E-11
  3.3923E-11
  3.9787E-11
  4.0822E-11
  3.0315E-11
  3.8698E-11
  1.1292E-10
  1.0450E-10
  3.3265E-11
  3.8087E-11
  4.0948E-11
  4.0420E-11
  3.5822E-11
  3.4011E-11
  2.8154E-11
  2.7576E-11
  2.2215E-11
  2.1862E-11
  1.7057E-11
  1.6881E-11
  1.2565E-11
  1.2476E-11
  8.7195E-12
  8.6775E-12
  5.5540E-12
  5.5354E-12
  3.0932E-12
  3.0856E-12
  1.3476E-12
  1.3450E-12
  3.1769E-13
  3.1685E-13
  0.0000E+00
  0.0000E+00
  0.0000E+00
  4.9319E-13
  1.8875E-12
  4.1693E-12
  7.3143E-12
  1.1285E-11
  1.6031E-11
  2.1499E-11
  2.7656E-11
  3.4970E-11
  4.3415E-11
  5.3204E-11
  6.8936E-11
  5.0324E-11
  4.2047E-11
  3.4481E-11
  2.7890E-11
  2.2253E-11
  1.7144E-11
  1.2624E-11
  8.7496E-12
  5.5661E-12
  3.0964E-12
  1.3473E-12
  3.1650E-13
  0.0000E+00
  0.0000E+00
  4.9929E-13
  1.9111E-12
  4.2336E-12
  7.4621E-12
  1.1588E-11
  1.6588E-11
  2.2397E-11
  2.8909E-11
  3.5907E-11
  4.5669E-11
  4.8205E-11
  6.5504E-11
  4.6207E-11
  4.4469E-11
  3.5336E-11
  2.9002E-11
  2.3031E-11
  1.7621E-11
  1.2880E-11
  8.8737E-12
  5.6198E-12
  3.1163E-12
  1.3527E-12
  3.1688E-13
  0.0000E+00
  0.0000E+00
  5.0265E-13
  1.9263E-12
  4.2769E-12
  7.5648E-12
  1.1805E-11
  1.7005E-11
  2.3125E-11
  2.9985E-11
  3.7224E-11
  4.3452E-11
  4.5789E-11
  6.2688E-11
  4.6844E-11
  4.3189E-11
  3.6967E-11
  3.0128E-11
  2.3732E-11
  1.8003E-11
  1.3073E-11
  8.9627E-12
  5.6569E-12
  3.1294E-12
  1.3560E-12
  3.1681E-13
  0.0000E+00
  0.0000E+00
  5.0005E-13
  1.9193E-12
  4.2604E-12
  7.5304E-12
  1.1742E-11
  1.6901E-11
  2.2990E-11
  2.9968E-11
  3.7662E-11
  4.3942E-11
  4.2532E-11
  6.6333E-11
  4.4431E-11
  4.4234E-11
  3.7599E-11
  3.0200E-11
  2.3641E-11
  1.7923E-11
  1.3022E-11
  8.9347E-12
  5.6433E-12
  3.1236E-12
  1.3539E-12
  3.1615E-13
  0.0000E+00
  0.0000E+00
  0.0000E+00
  4.9062E-13
  4.8781E-13
  1.8754E-12
  1.8677E-12
  4.1395E-12
  4.1206E-12
  7.2580E-12
  7.2172E-12
  1.1204E-11
  1.1123E-11
  1.5956E-11
  1.5815E-11
  2.1550E-11
  2.1323E-11
  2.8033E-11
  2.7859E-11
  3.5466E-11
  3.5933E-11
  4.1298E-11
  4.4428E-11
  5.9193E-11
  5.4245E-11
  5.6593E-11
  6.3314E-11
  5.6534E-11
  5.0274E-11
  4.1120E-11
  4.3223E-11
  3.5852E-11
  3.6070E-11
  2.8805E-11
  2.8560E-11
  2.2568E-11
  2.2340E-11
  1.7186E-11
  1.7054E-11
  1.2587E-11
  1.2514E-11
  8.7081E-12
  8.6726E-12
  5.5399E-12
  5.5237E-12
  3.0842E-12
  3.0775E-12
  1.3435E-12
  1.3411E-12
  3.1634E-13
  3.1561E-13
  0.0000E+00
  0.0000E+00
  0.0000E+00
  4.9057E-13
  1.8812E-12
  4.1597E-12
  7.3102E-12
  1.1320E-11
  1.6188E-11
  2.1947E-11
  2.8604E-11
  3.5405E-11
  4.3050E-11
  5.4589E-11
  6.4891E-11
  4.9459E-11
  4.1374E-11
  3.5120E-11
  2.9037E-11
  2.2810E-11
  1.7346E-11
  1.2671E-11
  8.7471E-12
  5.5551E-12
  3.0885E-12
  1.3435E-12
  3.1527E-13
  0.0000E+00
  0.0000E+00
  4.9662E-13
  1.9048E-12
  4.2243E-12
  7.4594E-12
  1.1627E-11
  1.6760E-11
  2.2875E-11
  2.9774E-11
  3.6677E-11
  4.1798E-11
  6.9989E-11
  2.5139E-11
  6.7118E-11
  4.0767E-11
  3.6396E-11
  3.0069E-11
  2.3612E-11
  1.7834E-11
  1.2931E-11
  8.8718E-12
  5.6088E-12
  3.1083E-12
  1.3489E-12
  3.1563E-13
  0.0000E+00
  0.0000E+00
  5.0001E-13
  1.9202E-12
  4.2683E-12
  7.5641E-12
  1.1849E-11
  1.7184E-11
  2.3615E-11
  3.1080E-11
  3.8874E-11
  4.6796E-11
  5.2175E-11
  3.4470E-11
  5.3787E-11
  4.7059E-11
  3.9018E-11
  3.1458E-11
  2.4333E-11
  1.8225E-11
  1.3129E-11
  8.9631E-12
  5.6467E-12
  3.1217E-12
  1.3522E-12
  3.1558E-13
  0.0000E+00
  0.0000E+00
  4.9763E-13
  1.9138E-12
  4.2535E-12
  7.5345E-12
  1.1797E-11
  1.7109E-11
  2.3551E-11
  3.1147E-11
  4.0165E-11
  4.9382E-11
  4.2271E-11
  4.2723E-11
  4.5883E-11
  5.0877E-11
  4.0855E-11
  3.1739E-11
  2.4360E-11
  1.8190E-11
  1.3095E-11
  8.9418E-12
  5.6356E-12
  3.1169E-12
  1.3504E-12
  3.1502E-13
  0.0000E+00
  0.0000E+00
  0.0000E+00
  4.8502E-13
  4.8401E-13
  1.8656E-12
  1.8636E-12
  4.1203E-12
  4.1166E-12
  7.2266E-12
  7.2198E-12
  1.1165E-11
  1.1155E-11
  1.5940E-11
  1.5922E-11
  2.1571E-11
  2.1613E-11
  2.8461E-11
  2.8394E-11
  3.6495E-11
  3.7650E-11
  5.3867E-11
  5.2843E-11
  8.5205E-11
  5.3774E-11
 -1.9350E-11
  4.4988E-11
  7.9830E-11
  4.7214E-11
  5.2358E-11
  5.1099E-11
  3.6794E-11
  3.7817E-11
  2.9301E-11
  2.9197E-11
  2.2663E-11
  2.2692E-11
  1.7206E-11
  1.7186E-11
  1.2562E-11
  1.2552E-11
  8.6807E-12
  8.6743E-12
  5.5212E-12
  5.5179E-12
  3.0746E-12
  3.0729E-12
  1.3403E-12
  1.3395E-12
  3.1769E-13
  3.1731E-13
  0.0000E+00
  0.0000E+00
  0.0000E+00
  4.8660E-13
  1.8766E-12
  4.1543E-12
  7.3103E-12
  1.1348E-11
  1.6305E-11
  2.2253E-11
  2.9322E-11
  3.6697E-11
  3.8275E-11
  4.9797E-11
  8.0170E-11
  4.3496E-11
  3.6304E-11
  3.6579E-11
  2.9898E-11
  2.3192E-11
  1.7493E-11
  1.2707E-11
  8.7472E-12
  5.5483E-12
  3.0835E-12
  1.3418E-12
  3.1706E-13
  0.0000E+00
  0.0000E+00
  4.9195E-13
  1.8986E-12
  4.2154E-12
  7.4526E-12
  1.1645E-11
  1.6863E-11
  2.3195E-11
  3.0467E-11
  3.7346E-11
  3.9365E-11
  2.9440E-11
  1.0699E-10
  2.6675E-11
  3.8332E-11
  3.7264E-11
  3.0906E-11
  2.4006E-11
  1.7967E-11
  1.2957E-11
  8.8658E-12
  5.5990E-12
  3.1020E-12
  1.3467E-12
  3.1733E-13
  0.0000E+00
  0.0000E+00
  4.9513E-13
  1.9134E-12
  4.2579E-12
  7.5542E-12
  1.1861E-11
  1.7280E-11
  2.3919E-11
  3.1746E-11
  4.0319E-11
  4.6340E-11
  6.1191E-11
  1.0500E-11
  6.3806E-11
  4.6891E-11
  4.0755E-11
  3.2283E-11
  2.4718E-11
  1.8353E-11
  1.3151E-11
  8.9548E-12
  5.6357E-12
  3.1149E-12
  1.3499E-12
  3.1734E-13
  0.0000E+00
  0.0000E+00
  4.9470E-13
  1.9133E-12
  4.2592E-12
  7.5609E-12
  1.1884E-11
  1.7343E-11
  2.4099E-11
  3.2304E-11
  4.1927E-11
  5.5562E-11
  5.4026E-11
 -3.9042E-12
  5.8559E-11
  5.8323E-11
  4.3142E-11
  3.3166E-11
  2.5013E-11
  1.8458E-11
  1.3188E-11
  8.9668E-12
  5.6391E-12
  3.1157E-12
  1.3500E-12
  3.1722E-13
  0.0000E+00
  0.0000E+00
  0.0000E+00
  4.8210E-13
  4.8207E-13
  1.8613E-12
  1.8627E-12
  4.1114E-12
  4.1164E-12
  7.2097E-12
  7.2227E-12
  1.1138E-11
  1.1168E-11
  1.5900E-11
  1.5963E-11
  2.1557E-11
  2.1685E-11
  2.8237E-11
  2.8724E-11
  3.9498E-11
  3.7077E-11
  4.7002E-11
  6.0879E-11
  1.5767E-10
  3.5173E-11
 -1.5292E-10
  6.7957E-11
  1.4931E-10
  2.7049E-11
  4.5450E-11
  5.9032E-11
  3.9757E-11
  3.7258E-11
  2.9129E-11
  2.9554E-11
  2.2681E-11
  2.2778E-11
  1.7183E-11
  1.7231E-11
  1.2542E-11
  1.2566E-11
  8.6662E-12
  8.6763E-12
  5.5130E-12
  5.5168E-12
  3.0708E-12
  3.0718E-12
  1.3392E-12
  1.3393E-12
  3.1909E-13
  3.1888E-13
  0.0000E+00
  0.0000E+00
  0.0000E+00
  4.8457E-13
  1.8752E-12
  4.1530E-12
  7.3108E-12
  1.1357E-11
  1.6338E-11
  2.2353E-11
  2.9465E-11
  3.7974E-11
  3.3201E-11
  4.4447E-11
  9.9147E-11
  3.6711E-11
  3.1293E-11
  3.7903E-11
  3.0089E-11
  2.3314E-11
  1.7534E-11
  1.2718E-11
  8.7474E-12
  5.5464E-12
  3.0822E-12
  1.3416E-12
  3.1870E-13
  0.0000E+00
  0.0000E+00
  4.8949E-13
  1.8963E-12
  4.2119E-12
  7.4487E-12
  1.1647E-11
  1.6888E-11
  2.3278E-11
  3.0762E-11
  3.7306E-11
  4.1590E-11
 -2.4212E-11
  2.0940E-10
 -2.7413E-11
  4.0588E-11
  3.7286E-11
  3.1245E-11
  2.4111E-11
  1.8000E-11
  1.2962E-11
  8.8622E-12
  5.5952E-12
  3.0998E-12
  1.3461E-12
  3.1893E-13
  0.0000E+00
  0.0000E+00
  4.9253E-13
  1.9106E-12
  4.2531E-12
  7.5477E-12
  1.1858E-11
  1.7296E-11
  2.3994E-11
  3.1900E-11
  4.0846E-11
  4.5038E-11
  6.0557E-11
  1.3841E-11
  6.1662E-11
  4.5994E-11
  4.1319E-11
  3.2492E-11
  2.4816E-11
  1.8380E-11
  1.3150E-11
  8.9489E-12
  5.6310E-12
  3.1124E-12
  1.3493E-12
  3.1898E-13
  0.0000E+00
  0.0000E+00
  4.9318E-13
  1.9141E-12
  4.2639E-12
  7.5753E-12
  1.1923E-11
  1.7437E-11
  2.4308E-11
  3.2778E-11
  4.2570E-11
  5.7655E-11
  6.3236E-11
 -3.2992E-11
  7.0960E-11
  6.0419E-11
  4.4018E-11
  3.3706E-11
  2.5250E-11
  1.8558E-11
  1.3227E-11
  8.9796E-12
  5.6426E-12
  3.1163E-12
  1.3503E-12
  3.1908E-13
  0.0000E+00
  0.0000E+00
  0.0000E+00
  0.0000E+00
  0.0000E+00
  0.0000E+00
  0.0000E+00
  0.0000E+00
  0.0000E+00
  0.0000E+00
  0.0000E+00
  0.0000E+00
  0.0000E+00
  0.0000E+00
  0.0000E+00
  0.0000E+00
  0.0000E+00
  0.0000E+00
  0.0000E+00
  0.0000E+00
  0.0000E+00
  0.0000E+00
  0.0000E+00
  0.0000E+00
  0.0000E+00
  0.0000E+00
  0.0000E+00
  0.0000E+00
  0.0000E+00
  0.0000E+00
  0.0000E+00
  0.0000E+00
  0.0000E+00
  0.0000E+00
  0.0000E+00
  0.0000E+00
  0.0000E+00
  0.0000E+00
  0.0000E+00
  0.0000E+00
  0.0000E+00
  0.0000E+00
  0.0000E+00
  0.0000E+00
  0.0000E+00
  0.0000E+00
  0.0000E+00
  0.0000E+00
  0.0000E+00
  0.0000E+00
  0.0000E+00
  0.0000E+00
  0.0000E+00
  0.0000E+00
  0.0000E+00
  0.0000E+00
  0.0000E+00
  0.0000E+00
  0.0000E+00
  0.0000E+00
  0.0000E+00
  0.0000E+00
  0.0000E+00
  0.0000E+00
  0.0000E+00
  0.0000E+00
  0.0000E+00
  0.0000E+00
  0.0000E+00
  0.0000E+00
  0.0000E+00
  0.0000E+00
  0.0000E+00
  0.0000E+00
  0.0000E+00
  0.0000E+00
  0.0000E+00
  0.0000E+00
  0.0000E+00
  0.0000E+00
  0.0000E+00
  0.0000E+00
  0.0000E+00
  0.0000E+00
  0.0000E+00
  0.0000E+00
  0.0000E+00
  0.0000E+00
  0.0000E+00
  0.0000E+00
  0.0000E+00
  0.0000E+00
  0.0000E+00
  0.0000E+00
  0.0000E+00
  0.0000E+00
  0.0000E+00
  0.0000E+00
  0.0000E+00
  0.0000E+00
  0.0000E+00
  0.0000E+00
  0.0000E+00
  0.0000E+00
  0.0000E+00
  0.0000E+00
  0.0000E+00
  0.0000E+00
  0.0000E+00
  0.0000E+00
  0.0000E+00
  0.0000E+00
  0.0000E+00
  0.0000E+00
  0.0000E+00
  0.0000E+00
  0.0000E+00
  0.0000E+00
  0.0000E+00
  0.0000E+00
  0.0000E+00
  0.0000E+00
  0.0000E+00
  0.0000E+00
  0.0000E+00
  0.0000E+00
  0.0000E+00
  0.0000E+00
  0.0000E+00
  0.0000E+00
  0.0000E+00
  0.0000E+00
  0.0000E+00
  0.0000E+00
  0.0000E+00
  0.0000E+00
  0.0000E+00
  0.0000E+00
  0.0000E+00
  0.0000E+00
  0.0000E+00
  0.0000E+00
  0.0000E+00
  0.0000E+00
  0.0000E+00
  0.0000E+00
  0.0000E+00
  0.0000E+00
  0.0000E+00
  0.0000E+00
  0.0000E+00
  0.0000E+00
  0.0000E+00
  0.0000E+00
  0.0000E+00
  0.0000E+00
  0.0000E+00
  0.0000E+00
  0.0000E+00
  0.0000E+00
  0.0000E+00
  0.0000E+00
  0.0000E+00
  0.0000E+00
  0.0000E+00
  0.0000E+00
  0.0000E+00
  0.0000E+00
  0.0000E+00
  0.0000E+00
  0.0000E+00
  0.0000E+00
  0.0000E+00
  0.0000E+00
  0.0000E+00
  0.0000E+00
  0.0000E+00
  0.0000E+00
  0.0000E+00
  0.0000E+00
  0.0000E+00
  0.0000E+00
  0.0000E+00
  0.0000E+00
  0.0000E+00
  0.0000E+00
  0.0000E+00
  0.0000E+00
  0.0000E+00
  0.0000E+00
  0.0000E+00
  0.0000E+00
  0.0000E+00
  0.0000E+00
  0.0000E+00
  0.0000E+00
  0.0000E+00
  0.0000E+00
  0.0000E+00
  0.0000E+00
  0.0000E+00
  0.0000E+00
  0.0000E+00
  0.0000E+00
  0.0000E+00
  0.0000E+00
  0.0000E+00
  0.0000E+00
  0.0000E+00
  0.0000E+00
  0.0000E+00
  0.0000E+00
  0.0000E+00
  0.0000E+00
  0.0000E+00
  0.0000E+00
  0.0000E+00
  0.0000E+00
  0.0000E+00
  0.0000E+00
  0.0000E+00
  0.0000E+00
  0.0000E+00
  0.0000E+00
  0.0000E+00
  0.0000E+00
  0.0000E+00
  0.0000E+00
  0.0000E+00
  0.0000E+00
  0.0000E+00
  0.0000E+00
  0.0000E+00
  0.0000E+00
  0.0000E+00
  0.0000E+00
  0.0000E+00
  0.0000E+00
  0.0000E+00
  0.0000E+00
  0.0000E+00
  0.0000E+00
  0.0000E+00
  0.0000E+00
  0.0000E+00
  0.0000E+00
  0.0000E+00
  0.0000E+00
  0.0000E+00
  0.0000E+00
  0.0000E+00
  0.0000E+00
  0.0000E+00
  0.0000E+00
  0.0000E+00
  0.0000E+00
  0.0000E+00
  0.0000E+00
  0.0000E+00
  0.0000E+00
  0.0000E+00
  0.0000E+00
  0.0000E+00
  0.0000E+00
  0.0000E+00
  0.0000E+00
  0.0000E+00
  0.0000E+00
  0.0000E+00
  0.0000E+00
  0.0000E+00
  0.0000E+00
  0.0000E+00
  0.0000E+00
  0.0000E+00
  0.0000E+00
  0.0000E+00
  0.0000E+00
  0.0000E+00
  0.0000E+00
  0.0000E+00
  0.0000E+00
  0.0000E+00
  0.0000E+00
  0.0000E+00
  0.0000E+00
  0.0000E+00
  0.0000E+00
  0.0000E+00
  0.0000E+00
  0.0000E+00
  0.0000E+00
  0.0000E+00
  0.0000E+00
  0.0000E+00
  0.0000E+00
  0.0000E+00
  0.0000E+00
  0.0000E+00
  0.0000E+00
  0.0000E+00
  0.0000E+00
  0.0000E+00
  0.0000E+00
  0.0000E+00
  0.0000E+00
  0.0000E+00
  0.0000E+00
  0.0000E+00
  0.0000E+00
  0.0000E+00
  0.0000E+00
  0.0000E+00
  0.0000E+00
  0.0000E+00
  0.0000E+00
  0.0000E+00
  0.0000E+00
  0.0000E+00
  0.0000E+00
  0.0000E+00
  0.0000E+00
  0.0000E+00
  0.0000E+00
  0.0000E+00
  0.0000E+00
  0.0000E+00
  0.0000E+00
  0.0000E+00
  0.0000E+00
  0.0000E+00
  0.0000E+00
  0.0000E+00
  0.0000E+00
  0.0000E+00
  0.0000E+00
  0.0000E+00
  0.0000E+00
  0.0000E+00
  0.0000E+00
  0.0000E+00
  0.0000E+00
  0.0000E+00
  0.0000E+00
  0.0000E+00
  0.0000E+00
  0.0000E+00
  0.0000E+00
  0.0000E+00
  0.0000E+00
  0.0000E+00
  0.0000E+00
  0.0000E+00
  0.0000E+00
  0.0000E+00
  0.0000E+00
  0.0000E+00
  0.0000E+00
  0.0000E+00
  0.0000E+00
  0.0000E+00
  0.0000E+00
  0.0000E+00
  0.0000E+00
  0.0000E+00
  0.0000E+00
  0.0000E+00
  0.0000E+00
  0.0000E+00
  0.0000E+00
  0.0000E+00
  0.0000E+00
  0.0000E+00
  0.0000E+00
  0.0000E+00
  0.0000E+00
  0.0000E+00
  0.0000E+00
  0.0000E+00
  0.0000E+00
  0.0000E+00
  0.0000E+00
  0.0000E+00
  0.0000E+00
  0.0000E+00
  0.0000E+00
  0.0000E+00
  0.0000E+00
  0.0000E+00
  0.0000E+00
  0.0000E+00
  0.0000E+00
  0.0000E+00
  0.0000E+00
  0.0000E+00
  0.0000E+00
  0.0000E+00
  0.0000E+00
  0.0000E+00
  0.0000E+00
  0.0000E+00
  0.0000E+00
  0.0000E+00
  0.0000E+00
  0.0000E+00
  0.0000E+00
  0.0000E+00
  0.0000E+00
  0.0000E+00
  0.0000E+00
  0.0000E+00
  0.0000E+00
  0.0000E+00
  0.0000E+00
  0.0000E+00
  0.0000E+00
  0.0000E+00
  0.0000E+00
  0.0000E+00
  0.0000E+00
  0.0000E+00
  0.0000E+00
  0.0000E+00
  0.0000E+00
  0.0000E+00
  0.0000E+00
  0.0000E+00
  0.0000E+00
  0.0000E+00
  0.0000E+00
  0.0000E+00
  0.0000E+00
  0.0000E+00
  0.0000E+00
  0.0000E+00
  0.0000E+00
  0.0000E+00
  0.0000E+00
  0.0000E+00
  0.0000E+00
  0.0000E+00
  0.0000E+00
  0.0000E+00
  0.0000E+00
  0.0000E+00
  0.0000E+00
  0.0000E+00
  0.0000E+00
  0.0000E+00
  0.0000E+00
  0.0000E+00
  0.0000E+00
  0.0000E+00
  0.0000E+00
  0.0000E+00
  0.0000E+00
  0.0000E+00
  0.0000E+00
  0.0000E+00
  0.0000E+00
  0.0000E+00
  0.0000E+00
  0.0000E+00
  0.0000E+00
  0.0000E+00
  0.0000E+00
  0.0000E+00
  0.0000E+00
  0.0000E+00
  0.0000E+00
  0.0000E+00
  0.0000E+00
  0.0000E+00
  0.0000E+00
  0.0000E+00
  0.0000E+00
  0.0000E+00
  0.0000E+00
  0.0000E+00
  0.0000E+00
  0.0000E+00
  0.0000E+00
  0.0000E+00
  0.0000E+00
  0.0000E+00
  0.0000E+00
  0.0000E+00
  0.0000E+00
  0.0000E+00
  0.0000E+00
  0.0000E+00
  0.0000E+00
  0.0000E+00
  0.0000E+00
  0.0000E+00
  0.0000E+00
  0.0000E+00
  0.0000E+00
  0.0000E+00
  0.0000E+00
  0.0000E+00
  0.0000E+00
  0.0000E+00
  0.0000E+00
  0.0000E+00
  0.0000E+00
  0.0000E+00
  0.0000E+00
  0.0000E+00
  0.0000E+00
  0.0000E+00
  0.0000E+00
  0.0000E+00
  0.0000E+00
  0.0000E+00
  0.0000E+00
  0.0000E+00
  0.0000E+00
  0.0000E+00
  0.0000E+00
  0.0000E+00
  0.0000E+00
  0.0000E+00
  0.0000E+00
  0.0000E+00
  0.0000E+00
  0.0000E+00
  0.0000E+00
  0.0000E+00
  0.0000E+00
  0.0000E+00
  0.0000E+00
  0.0000E+00
  0.0000E+00
  0.0000E+00
  0.0000E+00
  0.0000E+00
  0.0000E+00
  0.0000E+00
  0.0000E+00
  0.0000E+00
  0.0000E+00
  0.0000E+00
  0.0000E+00
  0.0000E+00
  0.0000E+00
  0.0000E+00
  0.0000E+00
  0.0000E+00
  0.0000E+00
  0.0000E+00
  0.0000E+00
  0.0000E+00
  0.0000E+00
  0.0000E+00
  0.0000E+00
  0.0000E+00
  0.0000E+00
  0.0000E+00
  0.0000E+00
  0.0000E+00
  0.0000E+00
  0.0000E+00
  0.0000E+00
  0.0000E+00
  0.0000E+00
  0.0000E+00
  0.0000E+00
  0.0000E+00
  0.0000E+00
  0.0000E+00
  0.0000E+00
  0.0000E+00
  0.0000E+00
  0.0000E+00
  0.0000E+00
  0.0000E+00
  0.0000E+00
  0.0000E+00
  0.0000E+00
  0.0000E+00
  0.0000E+00
  0.0000E+00
  0.0000E+00
  0.0000E+00
  0.0000E+00
  0.0000E+00
  0.0000E+00
  0.0000E+00
  0.0000E+00
  0.0000E+00
  0.0000E+00
  0.0000E+00
  0.0000E+00
  0.0000E+00
  0.0000E+00
  0.0000E+00
  0.0000E+00
  0.0000E+00
  0.0000E+00
  0.0000E+00
  0.0000E+00
  0.0000E+00
  0.0000E+00
  0.0000E+00
  0.0000E+00
  0.0000E+00
  0.0000E+00
  0.0000E+00
  0.0000E+00
  0.0000E+00
  0.0000E+00
  0.0000E+00
  0.0000E+00
  0.0000E+00
  0.0000E+00
  0.0000E+00
  0.0000E+00
  0.0000E+00
  0.0000E+00
  0.0000E+00
  0.0000E+00
  0.0000E+00
  0.0000E+00
  0.0000E+00
  0.0000E+00
  0.0000E+00
  0.0000E+00
  0.0000E+00
  0.0000E+00
  0.0000E+00
  0.0000E+00
  0.0000E+00
  0.0000E+00
  0.0000E+00
  0.0000E+00
  0.0000E+00
  0.0000E+00
  0.0000E+00
  0.0000E+00
  0.0000E+00
  0.0000E+00
  0.0000E+00
  0.0000E+00
  0.0000E+00
  0.0000E+00
  0.0000E+00
  0.0000E+00
  0.0000E+00
  0.0000E+00
  0.0000E+00
  0.0000E+00
  0.0000E+00
  0.0000E+00
  0.0000E+00
  0.0000E+00
  0.0000E+00
  0.0000E+00
  0.0000E+00
  0.0000E+00
  0.0000E+00
  0.0000E+00
  0.0000E+00
  0.0000E+00
  0.0000E+00
  0.0000E+00
  0.0000E+00
  0.0000E+00
  0.0000E+00
  0.0000E+00
  0.0000E+00
  0.0000E+00
  0.0000E+00
  0.0000E+00
  0.0000E+00
  0.0000E+00
  0.0000E+00
  0.0000E+00
  0.0000E+00
  0.0000E+00
  0.0000E+00
  0.0000E+00
  0.0000E+00
  0.0000E+00
  0.0000E+00
  0.0000E+00
  0.0000E+00
  0.0000E+00
  0.0000E+00
  0.0000E+00
  0.0000E+00
  0.0000E+00
  0.0000E+00
  0.0000E+00
  0.0000E+00
  0.0000E+00
  0.0000E+00
  0.0000E+00
  0.0000E+00
  0.0000E+00
  0.0000E+00
  0.0000E+00
  0.0000E+00
  0.0000E+00
  0.0000E+00
  0.0000E+00
  0.0000E+00
  0.0000E+00
  0.0000E+00
  0.0000E+00
  0.0000E+00
  0.0000E+00
  0.0000E+00
  0.0000E+00
  0.0000E+00
  0.0000E+00
  0.0000E+00
  0.0000E+00
  0.0000E+00
  0.0000E+00
  0.0000E+00
  0.0000E+00
  0.0000E+00
  0.0000E+00
  0.0000E+00
  0.0000E+00
  0.0000E+00
  0.0000E+00
  0.0000E+00
  0.0000E+00
  0.0000E+00
  0.0000E+00
  0.0000E+00
  0.0000E+00
  0.0000E+00
  0.0000E+00
  0.0000E+00
  0.0000E+00
  0.0000E+00
  0.0000E+00
  0.0000E+00
  0.0000E+00
  0.0000E+00
  0.0000E+00
  0.0000E+00
  0.0000E+00
  0.0000E+00
  0.0000E+00
  0.0000E+00
  0.0000E+00
  0.0000E+00
  0.0000E+00
  0.0000E+00
  0.0000E+00
  0.0000E+00
  0.0000E+00
  0.0000E+00
  0.0000E+00
  0.0000E+00
  0.0000E+00
  0.0000E+00
  0.0000E+00
  0.0000E+00
  0.0000E+00
  0.0000E+00
  0.0000E+00
  0.0000E+00
  0.0000E+00
  0.0000E+00
  0.0000E+00
  0.0000E+00
  0.0000E+00
  0.0000E+00
  0.0000E+00
  0.0000E+00
  0.0000E+00
  0.0000E+00
  0.0000E+00
  0.0000E+00
  0.0000E+00
  0.0000E+00
  0.0000E+00
  0.0000E+00
  0.0000E+00
  0.0000E+00
  0.0000E+00
  0.0000E+00
  0.0000E+00
  0.0000E+00
  0.0000E+00
  0.0000E+00
  0.0000E+00
  0.0000E+00
  0.0000E+00
  0.0000E+00
  0.0000E+00
  0.0000E+00
  0.0000E+00
  0.0000E+00
  0.0000E+00
  0.0000E+00
  0.0000E+00
  0.0000E+00
  0.0000E+00
  0.0000E+00
  0.0000E+00
  0.0000E+00
  0.0000E+00
  0.0000E+00
  0.0000E+00
  0.0000E+00
  0.0000E+00
  0.0000E+00
  0.0000E+00
  0.0000E+00
  0.0000E+00
  0.0000E+00
  0.0000E+00
  0.0000E+00
  0.0000E+00
  0.0000E+00
  0.0000E+00
  0.0000E+00
  0.0000E+00
  0.0000E+00
  0.0000E+00
  0.0000E+00
  0.0000E+00
  0.0000E+00
  0.0000E+00
  0.0000E+00
  0.0000E+00
  0.0000E+00
  0.0000E+00
  0.0000E+00
  0.0000E+00
  0.0000E+00
  0.0000E+00
  0.0000E+00
  0.0000E+00
  0.0000E+00
  0.0000E+00
  0.0000E+00
  0.0000E+00
  0.0000E+00
  0.0000E+00
  0.0000E+00
  0.0000E+00
  0.0000E+00
  0.0000E+00
  0.0000E+00
  0.0000E+00
  0.0000E+00
  0.0000E+00
  0.0000E+00
  0.0000E+00
  0.0000E+00
  0.0000E+00
  0.0000E+00
  0.0000E+00
  0.0000E+00
  0.0000E+00
  0.0000E+00
  0.0000E+00
  0.0000E+00
  0.0000E+00
  0.0000E+00
  0.0000E+00
  0.0000E+00
  0.0000E+00
  0.0000E+00
  0.0000E+00
  0.0000E+00
  0.0000E+00
  0.0000E+00
  0.0000E+00
  0.0000E+00
  0.0000E+00
  0.0000E+00
  0.0000E+00
  0.0000E+00
  0.0000E+00
  0.0000E+00
  0.0000E+00
  0.0000E+00
  0.0000E+00
  0.0000E+00
  0.0000E+00
  0.0000E+00
  0.0000E+00
  0.0000E+00
  0.0000E+00
  0.0000E+00
  0.0000E+00
  0.0000E+00
  0.0000E+00
  0.0000E+00
  0.0000E+00
  0.0000E+00
  0.0000E+00
  0.0000E+00
  0.0000E+00
  0.0000E+00
  0.0000E+00
  0.0000E+00
  0.0000E+00
  0.0000E+00
  0.0000E+00
  0.0000E+00
  0.0000E+00
  0.0000E+00
  0.0000E+00
  0.0000E+00
  0.0000E+00
  0.0000E+00
  0.0000E+00
  0.0000E+00
  0.0000E+00
  0.0000E+00
  0.0000E+00
  0.0000E+00
  0.0000E+00
  0.0000E+00
  0.0000E+00
  0.0000E+00
  0.0000E+00
  0.0000E+00
  0.0000E+00
  0.0000E+00
  0.0000E+00
  0.0000E+00
  0.0000E+00
  0.0000E+00
  0.0000E+00
  0.0000E+00
  0.0000E+00
  0.0000E+00
