Scalar SIGMAZZ under Static for NODALGROUP 2: NODENUMBER X0  Y0  Z0  RESULT-1 RESULT-2 ... RESULT-N
936
   0.0000E+00
 937  0.0000E+00  0.0000E+00  5.0050E-01  0.0000E+00
 938  2.0000E-02  0.0000E+00  5.0050E-01  0.0000E+00
 939  0.0000E+00  2.0000E-02  5.0050E-01  0.0000E+00
 940  2.0000E-02  2.0000E-02  5.0050E-01  0.0000E+00
 941  0.0000E+00  0.0000E+00  5.2050E-01  0.0000E+00
 942  2.0000E-02  0.0000E+00  5.2050E-01  0.0000E+00
 943  0.0000E+00  2.0000E-02  5.2050E-01  0.0000E+00
 944  2.0000E-02  2.0000E-02  5.2050E-01  0.0000E+00
 945  0.0000E+00  0.0000E+00  5.4050E-01  0.0000E+00
 946  2.0000E-02  0.0000E+00  5.4050E-01  0.0000E+00
 947  0.0000E+00  2.0000E-02  5.4050E-01  0.0000E+00
 948  2.0000E-02  2.0000E-02  5.4050E-01  0.0000E+00
 949  0.0000E+00  0.0000E+00  5.6050E-01  0.0000E+00
 950  2.0000E-02  0.0000E+00  5.6050E-01  0.0000E+00
 951  0.0000E+00  2.0000E-02  5.6050E-01  0.0000E+00
 952  2.0000E-02  2.0000E-02  5.6050E-01  0.0000E+00
 953  0.0000E+00  0.0000E+00  5.8050E-01  0.0000E+00
 954  2.0000E-02  0.0000E+00  5.8050E-01  0.0000E+00
 955  0.0000E+00  2.0000E-02  5.8050E-01  0.0000E+00
 956  2.0000E-02  2.0000E-02  5.8050E-01  0.0000E+00
 957  0.0000E+00  0.0000E+00  6.0050E-01  0.0000E+00
 958  2.0000E-02  0.0000E+00  6.0050E-01  0.0000E+00
 959  0.0000E+00  2.0000E-02  6.0050E-01  0.0000E+00
 960  2.0000E-02  2.0000E-02  6.0050E-01  0.0000E+00
 961  0.0000E+00  0.0000E+00  6.2050E-01  0.0000E+00
 962  2.0000E-02  0.0000E+00  6.2050E-01  0.0000E+00
 963  0.0000E+00  2.0000E-02  6.2050E-01  0.0000E+00
 964  2.0000E-02  2.0000E-02  6.2050E-01  0.0000E+00
 965  0.0000E+00  0.0000E+00  6.4050E-01  0.0000E+00
 966  2.0000E-02  0.0000E+00  6.4050E-01  0.0000E+00
 967  0.0000E+00  2.0000E-02  6.4050E-01  0.0000E+00
 968  2.0000E-02  2.0000E-02  6.4050E-01  0.0000E+00
 969  0.0000E+00  0.0000E+00  6.6050E-01  0.0000E+00
 970  2.0000E-02  0.0000E+00  6.6050E-01  0.0000E+00
 971  0.0000E+00  2.0000E-02  6.6050E-01  0.0000E+00
 972  2.0000E-02  2.0000E-02  6.6050E-01  0.0000E+00
 973  0.0000E+00  0.0000E+00  6.8050E-01  0.0000E+00
 974  2.0000E-02  0.0000E+00  6.8050E-01  0.0000E+00
 975  0.0000E+00  2.0000E-02  6.8050E-01  0.0000E+00
 976  2.0000E-02  2.0000E-02  6.8050E-01  0.0000E+00
 977  0.0000E+00  0.0000E+00  7.0050E-01  0.0000E+00
 978  2.0000E-02  0.0000E+00  7.0050E-01  0.0000E+00
 979  0.0000E+00  2.0000E-02  7.0050E-01  0.0000E+00
 980  2.0000E-02  2.0000E-02  7.0050E-01  0.0000E+00
 981  0.0000E+00  0.0000E+00  7.2050E-01  0.0000E+00
 982  2.0000E-02  0.0000E+00  7.2050E-01  0.0000E+00
 983  0.0000E+00  2.0000E-02  7.2050E-01  0.0000E+00
 984  2.0000E-02  2.0000E-02  7.2050E-01  0.0000E+00
 985  0.0000E+00  0.0000E+00  7.4050E-01  0.0000E+00
 986  2.0000E-02  0.0000E+00  7.4050E-01  0.0000E+00
 987  0.0000E+00  2.0000E-02  7.4050E-01  0.0000E+00
 988  2.0000E-02  2.0000E-02  7.4050E-01  0.0000E+00
 989  0.0000E+00  0.0000E+00  7.6050E-01  0.0000E+00
 990  2.0000E-02  0.0000E+00  7.6050E-01  0.0000E+00
 991  0.0000E+00  2.0000E-02  7.6050E-01  0.0000E+00
 992  2.0000E-02  2.0000E-02  7.6050E-01  0.0000E+00
 993  0.0000E+00  0.0000E+00  7.8050E-01  0.0000E+00
 994  2.0000E-02  0.0000E+00  7.8050E-01  0.0000E+00
 995  0.0000E+00  2.0000E-02  7.8050E-01  0.0000E+00
 996  2.0000E-02  2.0000E-02  7.8050E-01  0.0000E+00
 997  0.0000E+00  0.0000E+00  8.0050E-01  0.0000E+00
 998  2.0000E-02  0.0000E+00  8.0050E-01  0.0000E+00
 999  0.0000E+00  2.0000E-02  8.0050E-01  0.0000E+00
 1000  2.0000E-02  2.0000E-02  8.0050E-01  0.0000E+00
 1001  0.0000E+00  0.0000E+00  8.2050E-01  0.0000E+00
 1002  2.0000E-02  0.0000E+00  8.2050E-01  0.0000E+00
 1003  0.0000E+00  2.0000E-02  8.2050E-01  0.0000E+00
 1004  2.0000E-02  2.0000E-02  8.2050E-01  0.0000E+00
 1005  0.0000E+00  0.0000E+00  8.4050E-01  0.0000E+00
 1006  2.0000E-02  0.0000E+00  8.4050E-01  0.0000E+00
 1007  0.0000E+00  2.0000E-02  8.4050E-01  0.0000E+00
 1008  2.0000E-02  2.0000E-02  8.4050E-01  0.0000E+00
 1009  0.0000E+00  0.0000E+00  8.6050E-01  0.0000E+00
 1010  2.0000E-02  0.0000E+00  8.6050E-01  0.0000E+00
 1011  0.0000E+00  2.0000E-02  8.6050E-01  0.0000E+00
 1012  2.0000E-02  2.0000E-02  8.6050E-01  0.0000E+00
 1013  0.0000E+00  0.0000E+00  8.8050E-01  0.0000E+00
 1014  2.0000E-02  0.0000E+00  8.8050E-01  0.0000E+00
 1015  0.0000E+00  2.0000E-02  8.8050E-01  0.0000E+00
 1016  2.0000E-02  2.0000E-02  8.8050E-01  0.0000E+00
 1017  0.0000E+00  0.0000E+00  9.0050E-01  0.0000E+00
 1018  2.0000E-02  0.0000E+00  9.0050E-01  0.0000E+00
 1019  0.0000E+00  2.0000E-02  9.0050E-01  0.0000E+00
 1020  2.0000E-02  2.0000E-02  9.0050E-01  0.0000E+00
 1021  0.0000E+00  0.0000E+00  9.2050E-01  0.0000E+00
 1022  2.0000E-02  0.0000E+00  9.2050E-01  0.0000E+00
 1023  0.0000E+00  2.0000E-02  9.2050E-01  0.0000E+00
 1024  2.0000E-02  2.0000E-02  9.2050E-01  0.0000E+00
 1025  0.0000E+00  0.0000E+00  9.4050E-01  0.0000E+00
 1026  2.0000E-02  0.0000E+00  9.4050E-01  0.0000E+00
 1027  0.0000E+00  2.0000E-02  9.4050E-01  0.0000E+00
 1028  2.0000E-02  2.0000E-02  9.4050E-01  0.0000E+00
 1029  0.0000E+00  0.0000E+00  9.6050E-01  0.0000E+00
 1030  2.0000E-02  0.0000E+00  9.6050E-01  0.0000E+00
 1031  0.0000E+00  2.0000E-02  9.6050E-01  0.0000E+00
 1032  2.0000E-02  2.0000E-02  9.6050E-01  0.0000E+00
 1033  0.0000E+00  0.0000E+00  9.8050E-01  0.0000E+00
 1034  2.0000E-02  0.0000E+00  9.8050E-01  0.0000E+00
 1035  0.0000E+00  2.0000E-02  9.8050E-01  0.0000E+00
 1036  2.0000E-02  2.0000E-02  9.8050E-01  0.0000E+00
 1037  0.0000E+00  0.0000E+00  1.0005E+00  0.0000E+00
 1038  2.0000E-02  0.0000E+00  1.0005E+00  0.0000E+00
 1039  0.0000E+00  2.0000E-02  1.0005E+00  0.0000E+00
 1040  2.0000E-02  2.0000E-02  1.0005E+00  0.0000E+00
 1041  0.0000E+00  4.0000E-02  5.0050E-01  0.0000E+00
 1042  2.0000E-02  4.0000E-02  5.0050E-01  0.0000E+00
 1043  0.0000E+00  4.0000E-02  5.2050E-01  0.0000E+00
 1044  2.0000E-02  4.0000E-02  5.2050E-01  0.0000E+00
 1045  0.0000E+00  4.0000E-02  5.4050E-01  0.0000E+00
 1046  2.0000E-02  4.0000E-02  5.4050E-01  0.0000E+00
 1047  0.0000E+00  4.0000E-02  5.6050E-01  0.0000E+00
 1048  2.0000E-02  4.0000E-02  5.6050E-01  0.0000E+00
 1049  0.0000E+00  4.0000E-02  5.8050E-01  0.0000E+00
 1050  2.0000E-02  4.0000E-02  5.8050E-01  0.0000E+00
 1051  0.0000E+00  4.0000E-02  6.0050E-01  0.0000E+00
 1052  2.0000E-02  4.0000E-02  6.0050E-01  0.0000E+00
 1053  0.0000E+00  4.0000E-02  6.2050E-01  0.0000E+00
 1054  2.0000E-02  4.0000E-02  6.2050E-01  0.0000E+00
 1055  0.0000E+00  4.0000E-02  6.4050E-01  0.0000E+00
 1056  2.0000E-02  4.0000E-02  6.4050E-01  0.0000E+00
 1057  0.0000E+00  4.0000E-02  6.6050E-01  0.0000E+00
 1058  2.0000E-02  4.0000E-02  6.6050E-01  0.0000E+00
 1059  0.0000E+00  4.0000E-02  6.8050E-01  0.0000E+00
 1060  2.0000E-02  4.0000E-02  6.8050E-01  0.0000E+00
 1061  0.0000E+00  4.0000E-02  7.0050E-01  0.0000E+00
 1062  2.0000E-02  4.0000E-02  7.0050E-01  0.0000E+00
 1063  0.0000E+00  4.0000E-02  7.2050E-01  0.0000E+00
 1064  2.0000E-02  4.0000E-02  7.2050E-01  0.0000E+00
 1065  0.0000E+00  4.0000E-02  7.4050E-01  0.0000E+00
 1066  2.0000E-02  4.0000E-02  7.4050E-01  0.0000E+00
 1067  0.0000E+00  4.0000E-02  7.6050E-01  0.0000E+00
 1068  2.0000E-02  4.0000E-02  7.6050E-01  0.0000E+00
 1069  0.0000E+00  4.0000E-02  7.8050E-01  0.0000E+00
 1070  2.0000E-02  4.0000E-02  7.8050E-01  0.0000E+00
 1071  0.0000E+00  4.0000E-02  8.0050E-01  0.0000E+00
 1072  2.0000E-02  4.0000E-02  8.0050E-01  0.0000E+00
 1073  0.0000E+00  4.0000E-02  8.2050E-01  0.0000E+00
 1074  2.0000E-02  4.0000E-02  8.2050E-01  0.0000E+00
 1075  0.0000E+00  4.0000E-02  8.4050E-01  0.0000E+00
 1076  2.0000E-02  4.0000E-02  8.4050E-01  0.0000E+00
 1077  0.0000E+00  4.0000E-02  8.6050E-01  0.0000E+00
 1078  2.0000E-02  4.0000E-02  8.6050E-01  0.0000E+00
 1079  0.0000E+00  4.0000E-02  8.8050E-01  0.0000E+00
 1080  2.0000E-02  4.0000E-02  8.8050E-01  0.0000E+00
 1081  0.0000E+00  4.0000E-02  9.0050E-01  0.0000E+00
 1082  2.0000E-02  4.0000E-02  9.0050E-01  0.0000E+00
 1083  0.0000E+00  4.0000E-02  9.2050E-01  0.0000E+00
 1084  2.0000E-02  4.0000E-02  9.2050E-01  0.0000E+00
 1085  0.0000E+00  4.0000E-02  9.4050E-01  0.0000E+00
 1086  2.0000E-02  4.0000E-02  9.4050E-01  0.0000E+00
 1087  0.0000E+00  4.0000E-02  9.6050E-01  0.0000E+00
 1088  2.0000E-02  4.0000E-02  9.6050E-01  0.0000E+00
 1089  0.0000E+00  4.0000E-02  9.8050E-01  0.0000E+00
 1090  2.0000E-02  4.0000E-02  9.8050E-01  0.0000E+00
 1091  0.0000E+00  4.0000E-02  1.0005E+00  0.0000E+00
 1092  2.0000E-02  4.0000E-02  1.0005E+00  0.0000E+00
 1093  0.0000E+00  6.0000E-02  5.0050E-01  0.0000E+00
 1094  2.0000E-02  6.0000E-02  5.0050E-01  0.0000E+00
 1095  0.0000E+00  6.0000E-02  5.2050E-01  0.0000E+00
 1096  2.0000E-02  6.0000E-02  5.2050E-01  0.0000E+00
 1097  0.0000E+00  6.0000E-02  5.4050E-01  0.0000E+00
 1098  2.0000E-02  6.0000E-02  5.4050E-01  0.0000E+00
 1099  0.0000E+00  6.0000E-02  5.6050E-01  0.0000E+00
 1100  2.0000E-02  6.0000E-02  5.6050E-01  0.0000E+00
 1101  0.0000E+00  6.0000E-02  5.8050E-01  0.0000E+00
 1102  2.0000E-02  6.0000E-02  5.8050E-01  0.0000E+00
 1103  0.0000E+00  6.0000E-02  6.0050E-01  0.0000E+00
 1104  2.0000E-02  6.0000E-02  6.0050E-01  0.0000E+00
 1105  0.0000E+00  6.0000E-02  6.2050E-01  0.0000E+00
 1106  2.0000E-02  6.0000E-02  6.2050E-01  0.0000E+00
 1107  0.0000E+00  6.0000E-02  6.4050E-01  0.0000E+00
 1108  2.0000E-02  6.0000E-02  6.4050E-01  0.0000E+00
 1109  0.0000E+00  6.0000E-02  6.6050E-01  0.0000E+00
 1110  2.0000E-02  6.0000E-02  6.6050E-01  0.0000E+00
 1111  0.0000E+00  6.0000E-02  6.8050E-01  0.0000E+00
 1112  2.0000E-02  6.0000E-02  6.8050E-01  0.0000E+00
 1113  0.0000E+00  6.0000E-02  7.0050E-01  0.0000E+00
 1114  2.0000E-02  6.0000E-02  7.0050E-01  0.0000E+00
 1115  0.0000E+00  6.0000E-02  7.2050E-01  0.0000E+00
 1116  2.0000E-02  6.0000E-02  7.2050E-01  0.0000E+00
 1117  0.0000E+00  6.0000E-02  7.4050E-01  0.0000E+00
 1118  2.0000E-02  6.0000E-02  7.4050E-01  0.0000E+00
 1119  0.0000E+00  6.0000E-02  7.6050E-01  0.0000E+00
 1120  2.0000E-02  6.0000E-02  7.6050E-01  0.0000E+00
 1121  0.0000E+00  6.0000E-02  7.8050E-01  0.0000E+00
 1122  2.0000E-02  6.0000E-02  7.8050E-01  0.0000E+00
 1123  0.0000E+00  6.0000E-02  8.0050E-01  0.0000E+00
 1124  2.0000E-02  6.0000E-02  8.0050E-01  0.0000E+00
 1125  0.0000E+00  6.0000E-02  8.2050E-01  0.0000E+00
 1126  2.0000E-02  6.0000E-02  8.2050E-01  0.0000E+00
 1127  0.0000E+00  6.0000E-02  8.4050E-01  0.0000E+00
 1128  2.0000E-02  6.0000E-02  8.4050E-01  0.0000E+00
 1129  0.0000E+00  6.0000E-02  8.6050E-01  0.0000E+00
 1130  2.0000E-02  6.0000E-02  8.6050E-01  0.0000E+00
 1131  0.0000E+00  6.0000E-02  8.8050E-01  0.0000E+00
 1132  2.0000E-02  6.0000E-02  8.8050E-01  0.0000E+00
 1133  0.0000E+00  6.0000E-02  9.0050E-01  0.0000E+00
 1134  2.0000E-02  6.0000E-02  9.0050E-01  0.0000E+00
 1135  0.0000E+00  6.0000E-02  9.2050E-01  0.0000E+00
 1136  2.0000E-02  6.0000E-02  9.2050E-01  0.0000E+00
 1137  0.0000E+00  6.0000E-02  9.4050E-01  0.0000E+00
 1138  2.0000E-02  6.0000E-02  9.4050E-01  0.0000E+00
 1139  0.0000E+00  6.0000E-02  9.6050E-01  0.0000E+00
 1140  2.0000E-02  6.0000E-02  9.6050E-01  0.0000E+00
 1141  0.0000E+00  6.0000E-02  9.8050E-01  0.0000E+00
 1142  2.0000E-02  6.0000E-02  9.8050E-01  0.0000E+00
 1143  0.0000E+00  6.0000E-02  1.0005E+00  0.0000E+00
 1144  2.0000E-02  6.0000E-02  1.0005E+00  0.0000E+00
 1145  0.0000E+00  8.0000E-02  5.0050E-01  0.0000E+00
 1146  2.0000E-02  8.0000E-02  5.0050E-01  0.0000E+00
 1147  0.0000E+00  8.0000E-02  5.2050E-01  0.0000E+00
 1148  2.0000E-02  8.0000E-02  5.2050E-01  0.0000E+00
 1149  0.0000E+00  8.0000E-02  5.4050E-01  0.0000E+00
 1150  2.0000E-02  8.0000E-02  5.4050E-01  0.0000E+00
 1151  0.0000E+00  8.0000E-02  5.6050E-01  0.0000E+00
 1152  2.0000E-02  8.0000E-02  5.6050E-01  0.0000E+00
 1153  0.0000E+00  8.0000E-02  5.8050E-01  0.0000E+00
 1154  2.0000E-02  8.0000E-02  5.8050E-01  0.0000E+00
 1155  0.0000E+00  8.0000E-02  6.0050E-01  0.0000E+00
 1156  2.0000E-02  8.0000E-02  6.0050E-01  0.0000E+00
 1157  0.0000E+00  8.0000E-02  6.2050E-01  0.0000E+00
 1158  2.0000E-02  8.0000E-02  6.2050E-01  0.0000E+00
 1159  0.0000E+00  8.0000E-02  6.4050E-01  0.0000E+00
 1160  2.0000E-02  8.0000E-02  6.4050E-01  0.0000E+00
 1161  0.0000E+00  8.0000E-02  6.6050E-01  0.0000E+00
 1162  2.0000E-02  8.0000E-02  6.6050E-01  0.0000E+00
 1163  0.0000E+00  8.0000E-02  6.8050E-01  0.0000E+00
 1164  2.0000E-02  8.0000E-02  6.8050E-01  0.0000E+00
 1165  0.0000E+00  8.0000E-02  7.0050E-01  0.0000E+00
 1166  2.0000E-02  8.0000E-02  7.0050E-01  0.0000E+00
 1167  0.0000E+00  8.0000E-02  7.2050E-01  0.0000E+00
 1168  2.0000E-02  8.0000E-02  7.2050E-01  0.0000E+00
 1169  0.0000E+00  8.0000E-02  7.4050E-01  0.0000E+00
 1170  2.0000E-02  8.0000E-02  7.4050E-01  0.0000E+00
 1171  0.0000E+00  8.0000E-02  7.6050E-01  0.0000E+00
 1172  2.0000E-02  8.0000E-02  7.6050E-01  0.0000E+00
 1173  0.0000E+00  8.0000E-02  7.8050E-01  0.0000E+00
 1174  2.0000E-02  8.0000E-02  7.8050E-01  0.0000E+00
 1175  0.0000E+00  8.0000E-02  8.0050E-01  0.0000E+00
 1176  2.0000E-02  8.0000E-02  8.0050E-01  0.0000E+00
 1177  0.0000E+00  8.0000E-02  8.2050E-01  0.0000E+00
 1178  2.0000E-02  8.0000E-02  8.2050E-01  0.0000E+00
 1179  0.0000E+00  8.0000E-02  8.4050E-01  0.0000E+00
 1180  2.0000E-02  8.0000E-02  8.4050E-01  0.0000E+00
 1181  0.0000E+00  8.0000E-02  8.6050E-01  0.0000E+00
 1182  2.0000E-02  8.0000E-02  8.6050E-01  0.0000E+00
 1183  0.0000E+00  8.0000E-02  8.8050E-01  0.0000E+00
 1184  2.0000E-02  8.0000E-02  8.8050E-01  0.0000E+00
 1185  0.0000E+00  8.0000E-02  9.0050E-01  0.0000E+00
 1186  2.0000E-02  8.0000E-02  9.0050E-01  0.0000E+00
 1187  0.0000E+00  8.0000E-02  9.2050E-01  0.0000E+00
 1188  2.0000E-02  8.0000E-02  9.2050E-01  0.0000E+00
 1189  0.0000E+00  8.0000E-02  9.4050E-01  0.0000E+00
 1190  2.0000E-02  8.0000E-02  9.4050E-01  0.0000E+00
 1191  0.0000E+00  8.0000E-02  9.6050E-01  0.0000E+00
 1192  2.0000E-02  8.0000E-02  9.6050E-01  0.0000E+00
 1193  0.0000E+00  8.0000E-02  9.8050E-01  0.0000E+00
 1194  2.0000E-02  8.0000E-02  9.8050E-01  0.0000E+00
 1195  0.0000E+00  8.0000E-02  1.0005E+00  0.0000E+00
 1196  2.0000E-02  8.0000E-02  1.0005E+00  0.0000E+00
 1197  0.0000E+00  1.0000E-01  5.0050E-01  0.0000E+00
 1198  2.0000E-02  1.0000E-01  5.0050E-01  0.0000E+00
 1199  0.0000E+00  1.0000E-01  5.2050E-01  0.0000E+00
 1200  2.0000E-02  1.0000E-01  5.2050E-01  0.0000E+00
 1201  0.0000E+00  1.0000E-01  5.4050E-01  0.0000E+00
 1202  2.0000E-02  1.0000E-01  5.4050E-01  0.0000E+00
 1203  0.0000E+00  1.0000E-01  5.6050E-01  0.0000E+00
 1204  2.0000E-02  1.0000E-01  5.6050E-01  0.0000E+00
 1205  0.0000E+00  1.0000E-01  5.8050E-01  0.0000E+00
 1206  2.0000E-02  1.0000E-01  5.8050E-01  0.0000E+00
 1207  0.0000E+00  1.0000E-01  6.0050E-01  0.0000E+00
 1208  2.0000E-02  1.0000E-01  6.0050E-01  0.0000E+00
 1209  0.0000E+00  1.0000E-01  6.2050E-01  0.0000E+00
 1210  2.0000E-02  1.0000E-01  6.2050E-01  0.0000E+00
 1211  0.0000E+00  1.0000E-01  6.4050E-01  0.0000E+00
 1212  2.0000E-02  1.0000E-01  6.4050E-01  0.0000E+00
 1213  0.0000E+00  1.0000E-01  6.6050E-01  0.0000E+00
 1214  2.0000E-02  1.0000E-01  6.6050E-01  0.0000E+00
 1215  0.0000E+00  1.0000E-01  6.8050E-01  0.0000E+00
 1216  2.0000E-02  1.0000E-01  6.8050E-01  0.0000E+00
 1217  0.0000E+00  1.0000E-01  7.0050E-01  0.0000E+00
 1218  2.0000E-02  1.0000E-01  7.0050E-01  0.0000E+00
 1219  0.0000E+00  1.0000E-01  7.2050E-01  0.0000E+00
 1220  2.0000E-02  1.0000E-01  7.2050E-01  0.0000E+00
 1221  0.0000E+00  1.0000E-01  7.4050E-01  0.0000E+00
 1222  2.0000E-02  1.0000E-01  7.4050E-01  0.0000E+00
 1223  0.0000E+00  1.0000E-01  7.6050E-01  0.0000E+00
 1224  2.0000E-02  1.0000E-01  7.6050E-01  0.0000E+00
 1225  0.0000E+00  1.0000E-01  7.8050E-01  0.0000E+00
 1226  2.0000E-02  1.0000E-01  7.8050E-01  0.0000E+00
 1227  0.0000E+00  1.0000E-01  8.0050E-01  0.0000E+00
 1228  2.0000E-02  1.0000E-01  8.0050E-01  0.0000E+00
 1229  0.0000E+00  1.0000E-01  8.2050E-01  0.0000E+00
 1230  2.0000E-02  1.0000E-01  8.2050E-01  0.0000E+00
 1231  0.0000E+00  1.0000E-01  8.4050E-01  0.0000E+00
 1232  2.0000E-02  1.0000E-01  8.4050E-01  0.0000E+00
 1233  0.0000E+00  1.0000E-01  8.6050E-01  0.0000E+00
 1234  2.0000E-02  1.0000E-01  8.6050E-01  0.0000E+00
 1235  0.0000E+00  1.0000E-01  8.8050E-01  0.0000E+00
 1236  2.0000E-02  1.0000E-01  8.8050E-01  0.0000E+00
 1237  0.0000E+00  1.0000E-01  9.0050E-01  0.0000E+00
 1238  2.0000E-02  1.0000E-01  9.0050E-01  0.0000E+00
 1239  0.0000E+00  1.0000E-01  9.2050E-01  0.0000E+00
 1240  2.0000E-02  1.0000E-01  9.2050E-01  0.0000E+00
 1241  0.0000E+00  1.0000E-01  9.4050E-01  0.0000E+00
 1242  2.0000E-02  1.0000E-01  9.4050E-01  0.0000E+00
 1243  0.0000E+00  1.0000E-01  9.6050E-01  0.0000E+00
 1244  2.0000E-02  1.0000E-01  9.6050E-01  0.0000E+00
 1245  0.0000E+00  1.0000E-01  9.8050E-01  0.0000E+00
 1246  2.0000E-02  1.0000E-01  9.8050E-01  0.0000E+00
 1247  0.0000E+00  1.0000E-01  1.0005E+00  0.0000E+00
 1248  2.0000E-02  1.0000E-01  1.0005E+00  0.0000E+00
 1249  4.0000E-02  0.0000E+00  5.0050E-01  0.0000E+00
 1250  4.0000E-02  2.0000E-02  5.0050E-01  0.0000E+00
 1251  4.0000E-02  0.0000E+00  5.2050E-01  0.0000E+00
 1252  4.0000E-02  2.0000E-02  5.2050E-01  0.0000E+00
 1253  4.0000E-02  0.0000E+00  5.4050E-01  0.0000E+00
 1254  4.0000E-02  2.0000E-02  5.4050E-01  0.0000E+00
 1255  4.0000E-02  0.0000E+00  5.6050E-01  0.0000E+00
 1256  4.0000E-02  2.0000E-02  5.6050E-01  0.0000E+00
 1257  4.0000E-02  0.0000E+00  5.8050E-01  0.0000E+00
 1258  4.0000E-02  2.0000E-02  5.8050E-01  0.0000E+00
 1259  4.0000E-02  0.0000E+00  6.0050E-01  0.0000E+00
 1260  4.0000E-02  2.0000E-02  6.0050E-01  0.0000E+00
 1261  4.0000E-02  0.0000E+00  6.2050E-01  0.0000E+00
 1262  4.0000E-02  2.0000E-02  6.2050E-01  0.0000E+00
 1263  4.0000E-02  0.0000E+00  6.4050E-01  0.0000E+00
 1264  4.0000E-02  2.0000E-02  6.4050E-01  0.0000E+00
 1265  4.0000E-02  0.0000E+00  6.6050E-01  0.0000E+00
 1266  4.0000E-02  2.0000E-02  6.6050E-01  0.0000E+00
 1267  4.0000E-02  0.0000E+00  6.8050E-01  0.0000E+00
 1268  4.0000E-02  2.0000E-02  6.8050E-01  0.0000E+00
 1269  4.0000E-02  0.0000E+00  7.0050E-01  0.0000E+00
 1270  4.0000E-02  2.0000E-02  7.0050E-01  0.0000E+00
 1271  4.0000E-02  0.0000E+00  7.2050E-01  0.0000E+00
 1272  4.0000E-02  2.0000E-02  7.2050E-01  0.0000E+00
 1273  4.0000E-02  0.0000E+00  7.4050E-01  0.0000E+00
 1274  4.0000E-02  2.0000E-02  7.4050E-01  0.0000E+00
 1275  4.0000E-02  0.0000E+00  7.6050E-01  0.0000E+00
 1276  4.0000E-02  2.0000E-02  7.6050E-01  0.0000E+00
 1277  4.0000E-02  0.0000E+00  7.8050E-01  0.0000E+00
 1278  4.0000E-02  2.0000E-02  7.8050E-01  0.0000E+00
 1279  4.0000E-02  0.0000E+00  8.0050E-01  0.0000E+00
 1280  4.0000E-02  2.0000E-02  8.0050E-01  0.0000E+00
 1281  4.0000E-02  0.0000E+00  8.2050E-01  0.0000E+00
 1282  4.0000E-02  2.0000E-02  8.2050E-01  0.0000E+00
 1283  4.0000E-02  0.0000E+00  8.4050E-01  0.0000E+00
 1284  4.0000E-02  2.0000E-02  8.4050E-01  0.0000E+00
 1285  4.0000E-02  0.0000E+00  8.6050E-01  0.0000E+00
 1286  4.0000E-02  2.0000E-02  8.6050E-01  0.0000E+00
 1287  4.0000E-02  0.0000E+00  8.8050E-01  0.0000E+00
 1288  4.0000E-02  2.0000E-02  8.8050E-01  0.0000E+00
 1289  4.0000E-02  0.0000E+00  9.0050E-01  0.0000E+00
 1290  4.0000E-02  2.0000E-02  9.0050E-01  0.0000E+00
 1291  4.0000E-02  0.0000E+00  9.2050E-01  0.0000E+00
 1292  4.0000E-02  2.0000E-02  9.2050E-01  0.0000E+00
 1293  4.0000E-02  0.0000E+00  9.4050E-01  0.0000E+00
 1294  4.0000E-02  2.0000E-02  9.4050E-01  0.0000E+00
 1295  4.0000E-02  0.0000E+00  9.6050E-01  0.0000E+00
 1296  4.0000E-02  2.0000E-02  9.6050E-01  0.0000E+00
 1297  4.0000E-02  0.0000E+00  9.8050E-01  0.0000E+00
 1298  4.0000E-02  2.0000E-02  9.8050E-01  0.0000E+00
 1299  4.0000E-02  0.0000E+00  1.0005E+00  0.0000E+00
 1300  4.0000E-02  2.0000E-02  1.0005E+00  0.0000E+00
 1301  4.0000E-02  4.0000E-02  5.0050E-01  0.0000E+00
 1302  4.0000E-02  4.0000E-02  5.2050E-01  0.0000E+00
 1303  4.0000E-02  4.0000E-02  5.4050E-01  0.0000E+00
 1304  4.0000E-02  4.0000E-02  5.6050E-01  0.0000E+00
 1305  4.0000E-02  4.0000E-02  5.8050E-01  0.0000E+00
 1306  4.0000E-02  4.0000E-02  6.0050E-01  0.0000E+00
 1307  4.0000E-02  4.0000E-02  6.2050E-01  0.0000E+00
 1308  4.0000E-02  4.0000E-02  6.4050E-01  0.0000E+00
 1309  4.0000E-02  4.0000E-02  6.6050E-01  0.0000E+00
 1310  4.0000E-02  4.0000E-02  6.8050E-01  0.0000E+00
 1311  4.0000E-02  4.0000E-02  7.0050E-01  0.0000E+00
 1312  4.0000E-02  4.0000E-02  7.2050E-01  0.0000E+00
 1313  4.0000E-02  4.0000E-02  7.4050E-01  0.0000E+00
 1314  4.0000E-02  4.0000E-02  7.6050E-01  0.0000E+00
 1315  4.0000E-02  4.0000E-02  7.8050E-01  0.0000E+00
 1316  4.0000E-02  4.0000E-02  8.0050E-01  0.0000E+00
 1317  4.0000E-02  4.0000E-02  8.2050E-01  0.0000E+00
 1318  4.0000E-02  4.0000E-02  8.4050E-01  0.0000E+00
 1319  4.0000E-02  4.0000E-02  8.6050E-01  0.0000E+00
 1320  4.0000E-02  4.0000E-02  8.8050E-01  0.0000E+00
 1321  4.0000E-02  4.0000E-02  9.0050E-01  0.0000E+00
 1322  4.0000E-02  4.0000E-02  9.2050E-01  0.0000E+00
 1323  4.0000E-02  4.0000E-02  9.4050E-01  0.0000E+00
 1324  4.0000E-02  4.0000E-02  9.6050E-01  0.0000E+00
 1325  4.0000E-02  4.0000E-02  9.8050E-01  0.0000E+00
 1326  4.0000E-02  4.0000E-02  1.0005E+00  0.0000E+00
 1327  4.0000E-02  6.0000E-02  5.0050E-01  0.0000E+00
 1328  4.0000E-02  6.0000E-02  5.2050E-01  0.0000E+00
 1329  4.0000E-02  6.0000E-02  5.4050E-01  0.0000E+00
 1330  4.0000E-02  6.0000E-02  5.6050E-01  0.0000E+00
 1331  4.0000E-02  6.0000E-02  5.8050E-01  0.0000E+00
 1332  4.0000E-02  6.0000E-02  6.0050E-01  0.0000E+00
 1333  4.0000E-02  6.0000E-02  6.2050E-01  0.0000E+00
 1334  4.0000E-02  6.0000E-02  6.4050E-01  0.0000E+00
 1335  4.0000E-02  6.0000E-02  6.6050E-01  0.0000E+00
 1336  4.0000E-02  6.0000E-02  6.8050E-01  0.0000E+00
 1337  4.0000E-02  6.0000E-02  7.0050E-01  0.0000E+00
 1338  4.0000E-02  6.0000E-02  7.2050E-01  0.0000E+00
 1339  4.0000E-02  6.0000E-02  7.4050E-01  0.0000E+00
 1340  4.0000E-02  6.0000E-02  7.6050E-01  0.0000E+00
 1341  4.0000E-02  6.0000E-02  7.8050E-01  0.0000E+00
 1342  4.0000E-02  6.0000E-02  8.0050E-01  0.0000E+00
 1343  4.0000E-02  6.0000E-02  8.2050E-01  0.0000E+00
 1344  4.0000E-02  6.0000E-02  8.4050E-01  0.0000E+00
 1345  4.0000E-02  6.0000E-02  8.6050E-01  0.0000E+00
 1346  4.0000E-02  6.0000E-02  8.8050E-01  0.0000E+00
 1347  4.0000E-02  6.0000E-02  9.0050E-01  0.0000E+00
 1348  4.0000E-02  6.0000E-02  9.2050E-01  0.0000E+00
 1349  4.0000E-02  6.0000E-02  9.4050E-01  0.0000E+00
 1350  4.0000E-02  6.0000E-02  9.6050E-01  0.0000E+00
 1351  4.0000E-02  6.0000E-02  9.8050E-01  0.0000E+00
 1352  4.0000E-02  6.0000E-02  1.0005E+00  0.0000E+00
 1353  4.0000E-02  8.0000E-02  5.0050E-01  0.0000E+00
 1354  4.0000E-02  8.0000E-02  5.2050E-01  0.0000E+00
 1355  4.0000E-02  8.0000E-02  5.4050E-01  0.0000E+00
 1356  4.0000E-02  8.0000E-02  5.6050E-01  0.0000E+00
 1357  4.0000E-02  8.0000E-02  5.8050E-01  0.0000E+00
 1358  4.0000E-02  8.0000E-02  6.0050E-01  0.0000E+00
 1359  4.0000E-02  8.0000E-02  6.2050E-01  0.0000E+00
 1360  4.0000E-02  8.0000E-02  6.4050E-01  0.0000E+00
 1361  4.0000E-02  8.0000E-02  6.6050E-01  0.0000E+00
 1362  4.0000E-02  8.0000E-02  6.8050E-01  0.0000E+00
 1363  4.0000E-02  8.0000E-02  7.0050E-01  0.0000E+00
 1364  4.0000E-02  8.0000E-02  7.2050E-01  0.0000E+00
 1365  4.0000E-02  8.0000E-02  7.4050E-01  0.0000E+00
 1366  4.0000E-02  8.0000E-02  7.6050E-01  0.0000E+00
 1367  4.0000E-02  8.0000E-02  7.8050E-01  0.0000E+00
 1368  4.0000E-02  8.0000E-02  8.0050E-01  0.0000E+00
 1369  4.0000E-02  8.0000E-02  8.2050E-01  0.0000E+00
 1370  4.0000E-02  8.0000E-02  8.4050E-01  0.0000E+00
 1371  4.0000E-02  8.0000E-02  8.6050E-01  0.0000E+00
 1372  4.0000E-02  8.0000E-02  8.8050E-01  0.0000E+00
 1373  4.0000E-02  8.0000E-02  9.0050E-01  0.0000E+00
 1374  4.0000E-02  8.0000E-02  9.2050E-01  0.0000E+00
 1375  4.0000E-02  8.0000E-02  9.4050E-01  0.0000E+00
 1376  4.0000E-02  8.0000E-02  9.6050E-01  0.0000E+00
 1377  4.0000E-02  8.0000E-02  9.8050E-01  0.0000E+00
 1378  4.0000E-02  8.0000E-02  1.0005E+00  0.0000E+00
 1379  4.0000E-02  1.0000E-01  5.0050E-01  0.0000E+00
 1380  4.0000E-02  1.0000E-01  5.2050E-01  0.0000E+00
 1381  4.0000E-02  1.0000E-01  5.4050E-01  0.0000E+00
 1382  4.0000E-02  1.0000E-01  5.6050E-01  0.0000E+00
 1383  4.0000E-02  1.0000E-01  5.8050E-01  0.0000E+00
 1384  4.0000E-02  1.0000E-01  6.0050E-01  0.0000E+00
 1385  4.0000E-02  1.0000E-01  6.2050E-01  0.0000E+00
 1386  4.0000E-02  1.0000E-01  6.4050E-01  0.0000E+00
 1387  4.0000E-02  1.0000E-01  6.6050E-01  0.0000E+00
 1388  4.0000E-02  1.0000E-01  6.8050E-01  0.0000E+00
 1389  4.0000E-02  1.0000E-01  7.0050E-01  0.0000E+00
 1390  4.0000E-02  1.0000E-01  7.2050E-01  0.0000E+00
 1391  4.0000E-02  1.0000E-01  7.4050E-01  0.0000E+00
 1392  4.0000E-02  1.0000E-01  7.6050E-01  0.0000E+00
 1393  4.0000E-02  1.0000E-01  7.8050E-01  0.0000E+00
 1394  4.0000E-02  1.0000E-01  8.0050E-01  0.0000E+00
 1395  4.0000E-02  1.0000E-01  8.2050E-01  0.0000E+00
 1396  4.0000E-02  1.0000E-01  8.4050E-01  0.0000E+00
 1397  4.0000E-02  1.0000E-01  8.6050E-01  0.0000E+00
 1398  4.0000E-02  1.0000E-01  8.8050E-01  0.0000E+00
 1399  4.0000E-02  1.0000E-01  9.0050E-01  0.0000E+00
 1400  4.0000E-02  1.0000E-01  9.2050E-01  0.0000E+00
 1401  4.0000E-02  1.0000E-01  9.4050E-01  0.0000E+00
 1402  4.0000E-02  1.0000E-01  9.6050E-01  0.0000E+00
 1403  4.0000E-02  1.0000E-01  9.8050E-01  0.0000E+00
 1404  4.0000E-02  1.0000E-01  1.0005E+00  0.0000E+00
 1405  6.0000E-02  0.0000E+00  5.0050E-01  0.0000E+00
 1406  6.0000E-02  2.0000E-02  5.0050E-01  0.0000E+00
 1407  6.0000E-02  0.0000E+00  5.2050E-01  0.0000E+00
 1408  6.0000E-02  2.0000E-02  5.2050E-01  0.0000E+00
 1409  6.0000E-02  0.0000E+00  5.4050E-01  0.0000E+00
 1410  6.0000E-02  2.0000E-02  5.4050E-01  0.0000E+00
 1411  6.0000E-02  0.0000E+00  5.6050E-01  0.0000E+00
 1412  6.0000E-02  2.0000E-02  5.6050E-01  0.0000E+00
 1413  6.0000E-02  0.0000E+00  5.8050E-01  0.0000E+00
 1414  6.0000E-02  2.0000E-02  5.8050E-01  0.0000E+00
 1415  6.0000E-02  0.0000E+00  6.0050E-01  0.0000E+00
 1416  6.0000E-02  2.0000E-02  6.0050E-01  0.0000E+00
 1417  6.0000E-02  0.0000E+00  6.2050E-01  0.0000E+00
 1418  6.0000E-02  2.0000E-02  6.2050E-01  0.0000E+00
 1419  6.0000E-02  0.0000E+00  6.4050E-01  0.0000E+00
 1420  6.0000E-02  2.0000E-02  6.4050E-01  0.0000E+00
 1421  6.0000E-02  0.0000E+00  6.6050E-01  0.0000E+00
 1422  6.0000E-02  2.0000E-02  6.6050E-01  0.0000E+00
 1423  6.0000E-02  0.0000E+00  6.8050E-01  0.0000E+00
 1424  6.0000E-02  2.0000E-02  6.8050E-01  0.0000E+00
 1425  6.0000E-02  0.0000E+00  7.0050E-01  0.0000E+00
 1426  6.0000E-02  2.0000E-02  7.0050E-01  0.0000E+00
 1427  6.0000E-02  0.0000E+00  7.2050E-01  0.0000E+00
 1428  6.0000E-02  2.0000E-02  7.2050E-01  0.0000E+00
 1429  6.0000E-02  0.0000E+00  7.4050E-01  0.0000E+00
 1430  6.0000E-02  2.0000E-02  7.4050E-01  0.0000E+00
 1431  6.0000E-02  0.0000E+00  7.6050E-01  0.0000E+00
 1432  6.0000E-02  2.0000E-02  7.6050E-01  0.0000E+00
 1433  6.0000E-02  0.0000E+00  7.8050E-01  0.0000E+00
 1434  6.0000E-02  2.0000E-02  7.8050E-01  0.0000E+00
 1435  6.0000E-02  0.0000E+00  8.0050E-01  0.0000E+00
 1436  6.0000E-02  2.0000E-02  8.0050E-01  0.0000E+00
 1437  6.0000E-02  0.0000E+00  8.2050E-01  0.0000E+00
 1438  6.0000E-02  2.0000E-02  8.2050E-01  0.0000E+00
 1439  6.0000E-02  0.0000E+00  8.4050E-01  0.0000E+00
 1440  6.0000E-02  2.0000E-02  8.4050E-01  0.0000E+00
 1441  6.0000E-02  0.0000E+00  8.6050E-01  0.0000E+00
 1442  6.0000E-02  2.0000E-02  8.6050E-01  0.0000E+00
 1443  6.0000E-02  0.0000E+00  8.8050E-01  0.0000E+00
 1444  6.0000E-02  2.0000E-02  8.8050E-01  0.0000E+00
 1445  6.0000E-02  0.0000E+00  9.0050E-01  0.0000E+00
 1446  6.0000E-02  2.0000E-02  9.0050E-01  0.0000E+00
 1447  6.0000E-02  0.0000E+00  9.2050E-01  0.0000E+00
 1448  6.0000E-02  2.0000E-02  9.2050E-01  0.0000E+00
 1449  6.0000E-02  0.0000E+00  9.4050E-01  0.0000E+00
 1450  6.0000E-02  2.0000E-02  9.4050E-01  0.0000E+00
 1451  6.0000E-02  0.0000E+00  9.6050E-01  0.0000E+00
 1452  6.0000E-02  2.0000E-02  9.6050E-01  0.0000E+00
 1453  6.0000E-02  0.0000E+00  9.8050E-01  0.0000E+00
 1454  6.0000E-02  2.0000E-02  9.8050E-01  0.0000E+00
 1455  6.0000E-02  0.0000E+00  1.0005E+00  0.0000E+00
 1456  6.0000E-02  2.0000E-02  1.0005E+00  0.0000E+00
 1457  6.0000E-02  4.0000E-02  5.0050E-01  0.0000E+00
 1458  6.0000E-02  4.0000E-02  5.2050E-01  0.0000E+00
 1459  6.0000E-02  4.0000E-02  5.4050E-01  0.0000E+00
 1460  6.0000E-02  4.0000E-02  5.6050E-01  0.0000E+00
 1461  6.0000E-02  4.0000E-02  5.8050E-01  0.0000E+00
 1462  6.0000E-02  4.0000E-02  6.0050E-01  0.0000E+00
 1463  6.0000E-02  4.0000E-02  6.2050E-01  0.0000E+00
 1464  6.0000E-02  4.0000E-02  6.4050E-01  0.0000E+00
 1465  6.0000E-02  4.0000E-02  6.6050E-01  0.0000E+00
 1466  6.0000E-02  4.0000E-02  6.8050E-01  0.0000E+00
 1467  6.0000E-02  4.0000E-02  7.0050E-01  0.0000E+00
 1468  6.0000E-02  4.0000E-02  7.2050E-01  0.0000E+00
 1469  6.0000E-02  4.0000E-02  7.4050E-01  0.0000E+00
 1470  6.0000E-02  4.0000E-02  7.6050E-01  0.0000E+00
 1471  6.0000E-02  4.0000E-02  7.8050E-01  0.0000E+00
 1472  6.0000E-02  4.0000E-02  8.0050E-01  0.0000E+00
 1473  6.0000E-02  4.0000E-02  8.2050E-01  0.0000E+00
 1474  6.0000E-02  4.0000E-02  8.4050E-01  0.0000E+00
 1475  6.0000E-02  4.0000E-02  8.6050E-01  0.0000E+00
 1476  6.0000E-02  4.0000E-02  8.8050E-01  0.0000E+00
 1477  6.0000E-02  4.0000E-02  9.0050E-01  0.0000E+00
 1478  6.0000E-02  4.0000E-02  9.2050E-01  0.0000E+00
 1479  6.0000E-02  4.0000E-02  9.4050E-01  0.0000E+00
 1480  6.0000E-02  4.0000E-02  9.6050E-01  0.0000E+00
 1481  6.0000E-02  4.0000E-02  9.8050E-01  0.0000E+00
 1482  6.0000E-02  4.0000E-02  1.0005E+00  0.0000E+00
 1483  6.0000E-02  6.0000E-02  5.0050E-01  0.0000E+00
 1484  6.0000E-02  6.0000E-02  5.2050E-01  0.0000E+00
 1485  6.0000E-02  6.0000E-02  5.4050E-01  0.0000E+00
 1486  6.0000E-02  6.0000E-02  5.6050E-01  0.0000E+00
 1487  6.0000E-02  6.0000E-02  5.8050E-01  0.0000E+00
 1488  6.0000E-02  6.0000E-02  6.0050E-01  0.0000E+00
 1489  6.0000E-02  6.0000E-02  6.2050E-01  0.0000E+00
 1490  6.0000E-02  6.0000E-02  6.4050E-01  0.0000E+00
 1491  6.0000E-02  6.0000E-02  6.6050E-01  0.0000E+00
 1492  6.0000E-02  6.0000E-02  6.8050E-01  0.0000E+00
 1493  6.0000E-02  6.0000E-02  7.0050E-01  0.0000E+00
 1494  6.0000E-02  6.0000E-02  7.2050E-01  0.0000E+00
 1495  6.0000E-02  6.0000E-02  7.4050E-01  0.0000E+00
 1496  6.0000E-02  6.0000E-02  7.6050E-01  0.0000E+00
 1497  6.0000E-02  6.0000E-02  7.8050E-01  0.0000E+00
 1498  6.0000E-02  6.0000E-02  8.0050E-01  0.0000E+00
 1499  6.0000E-02  6.0000E-02  8.2050E-01  0.0000E+00
 1500  6.0000E-02  6.0000E-02  8.4050E-01  0.0000E+00
 1501  6.0000E-02  6.0000E-02  8.6050E-01  0.0000E+00
 1502  6.0000E-02  6.0000E-02  8.8050E-01  0.0000E+00
 1503  6.0000E-02  6.0000E-02  9.0050E-01  0.0000E+00
 1504  6.0000E-02  6.0000E-02  9.2050E-01  0.0000E+00
 1505  6.0000E-02  6.0000E-02  9.4050E-01  0.0000E+00
 1506  6.0000E-02  6.0000E-02  9.6050E-01  0.0000E+00
 1507  6.0000E-02  6.0000E-02  9.8050E-01  0.0000E+00
 1508  6.0000E-02  6.0000E-02  1.0005E+00  0.0000E+00
 1509  6.0000E-02  8.0000E-02  5.0050E-01  0.0000E+00
 1510  6.0000E-02  8.0000E-02  5.2050E-01  0.0000E+00
 1511  6.0000E-02  8.0000E-02  5.4050E-01  0.0000E+00
 1512  6.0000E-02  8.0000E-02  5.6050E-01  0.0000E+00
 1513  6.0000E-02  8.0000E-02  5.8050E-01  0.0000E+00
 1514  6.0000E-02  8.0000E-02  6.0050E-01  0.0000E+00
 1515  6.0000E-02  8.0000E-02  6.2050E-01  0.0000E+00
 1516  6.0000E-02  8.0000E-02  6.4050E-01  0.0000E+00
 1517  6.0000E-02  8.0000E-02  6.6050E-01  0.0000E+00
 1518  6.0000E-02  8.0000E-02  6.8050E-01  0.0000E+00
 1519  6.0000E-02  8.0000E-02  7.0050E-01  0.0000E+00
 1520  6.0000E-02  8.0000E-02  7.2050E-01  0.0000E+00
 1521  6.0000E-02  8.0000E-02  7.4050E-01  0.0000E+00
 1522  6.0000E-02  8.0000E-02  7.6050E-01  0.0000E+00
 1523  6.0000E-02  8.0000E-02  7.8050E-01  0.0000E+00
 1524  6.0000E-02  8.0000E-02  8.0050E-01  0.0000E+00
 1525  6.0000E-02  8.0000E-02  8.2050E-01  0.0000E+00
 1526  6.0000E-02  8.0000E-02  8.4050E-01  0.0000E+00
 1527  6.0000E-02  8.0000E-02  8.6050E-01  0.0000E+00
 1528  6.0000E-02  8.0000E-02  8.8050E-01  0.0000E+00
 1529  6.0000E-02  8.0000E-02  9.0050E-01  0.0000E+00
 1530  6.0000E-02  8.0000E-02  9.2050E-01  0.0000E+00
 1531  6.0000E-02  8.0000E-02  9.4050E-01  0.0000E+00
 1532  6.0000E-02  8.0000E-02  9.6050E-01  0.0000E+00
 1533  6.0000E-02  8.0000E-02  9.8050E-01  0.0000E+00
 1534  6.0000E-02  8.0000E-02  1.0005E+00  0.0000E+00
 1535  6.0000E-02  1.0000E-01  5.0050E-01  0.0000E+00
 1536  6.0000E-02  1.0000E-01  5.2050E-01  0.0000E+00
 1537  6.0000E-02  1.0000E-01  5.4050E-01  0.0000E+00
 1538  6.0000E-02  1.0000E-01  5.6050E-01  0.0000E+00
 1539  6.0000E-02  1.0000E-01  5.8050E-01  0.0000E+00
 1540  6.0000E-02  1.0000E-01  6.0050E-01  0.0000E+00
 1541  6.0000E-02  1.0000E-01  6.2050E-01  0.0000E+00
 1542  6.0000E-02  1.0000E-01  6.4050E-01  0.0000E+00
 1543  6.0000E-02  1.0000E-01  6.6050E-01  0.0000E+00
 1544  6.0000E-02  1.0000E-01  6.8050E-01  0.0000E+00
 1545  6.0000E-02  1.0000E-01  7.0050E-01  0.0000E+00
 1546  6.0000E-02  1.0000E-01  7.2050E-01  0.0000E+00
 1547  6.0000E-02  1.0000E-01  7.4050E-01  0.0000E+00
 1548  6.0000E-02  1.0000E-01  7.6050E-01  0.0000E+00
 1549  6.0000E-02  1.0000E-01  7.8050E-01  0.0000E+00
 1550  6.0000E-02  1.0000E-01  8.0050E-01  0.0000E+00
 1551  6.0000E-02  1.0000E-01  8.2050E-01  0.0000E+00
 1552  6.0000E-02  1.0000E-01  8.4050E-01  0.0000E+00
 1553  6.0000E-02  1.0000E-01  8.6050E-01  0.0000E+00
 1554  6.0000E-02  1.0000E-01  8.8050E-01  0.0000E+00
 1555  6.0000E-02  1.0000E-01  9.0050E-01  0.0000E+00
 1556  6.0000E-02  1.0000E-01  9.2050E-01  0.0000E+00
 1557  6.0000E-02  1.0000E-01  9.4050E-01  0.0000E+00
 1558  6.0000E-02  1.0000E-01  9.6050E-01  0.0000E+00
 1559  6.0000E-02  1.0000E-01  9.8050E-01  0.0000E+00
 1560  6.0000E-02  1.0000E-01  1.0005E+00  0.0000E+00
 1561  8.0000E-02  0.0000E+00  5.0050E-01  0.0000E+00
 1562  8.0000E-02  2.0000E-02  5.0050E-01  0.0000E+00
 1563  8.0000E-02  0.0000E+00  5.2050E-01  0.0000E+00
 1564  8.0000E-02  2.0000E-02  5.2050E-01  0.0000E+00
 1565  8.0000E-02  0.0000E+00  5.4050E-01  0.0000E+00
 1566  8.0000E-02  2.0000E-02  5.4050E-01  0.0000E+00
 1567  8.0000E-02  0.0000E+00  5.6050E-01  0.0000E+00
 1568  8.0000E-02  2.0000E-02  5.6050E-01  0.0000E+00
 1569  8.0000E-02  0.0000E+00  5.8050E-01  0.0000E+00
 1570  8.0000E-02  2.0000E-02  5.8050E-01  0.0000E+00
 1571  8.0000E-02  0.0000E+00  6.0050E-01  0.0000E+00
 1572  8.0000E-02  2.0000E-02  6.0050E-01  0.0000E+00
 1573  8.0000E-02  0.0000E+00  6.2050E-01  0.0000E+00
 1574  8.0000E-02  2.0000E-02  6.2050E-01  0.0000E+00
 1575  8.0000E-02  0.0000E+00  6.4050E-01  0.0000E+00
 1576  8.0000E-02  2.0000E-02  6.4050E-01  0.0000E+00
 1577  8.0000E-02  0.0000E+00  6.6050E-01  0.0000E+00
 1578  8.0000E-02  2.0000E-02  6.6050E-01  0.0000E+00
 1579  8.0000E-02  0.0000E+00  6.8050E-01  0.0000E+00
 1580  8.0000E-02  2.0000E-02  6.8050E-01  0.0000E+00
 1581  8.0000E-02  0.0000E+00  7.0050E-01  0.0000E+00
 1582  8.0000E-02  2.0000E-02  7.0050E-01  0.0000E+00
 1583  8.0000E-02  0.0000E+00  7.2050E-01  0.0000E+00
 1584  8.0000E-02  2.0000E-02  7.2050E-01  0.0000E+00
 1585  8.0000E-02  0.0000E+00  7.4050E-01  0.0000E+00
 1586  8.0000E-02  2.0000E-02  7.4050E-01  0.0000E+00
 1587  8.0000E-02  0.0000E+00  7.6050E-01  0.0000E+00
 1588  8.0000E-02  2.0000E-02  7.6050E-01  0.0000E+00
 1589  8.0000E-02  0.0000E+00  7.8050E-01  0.0000E+00
 1590  8.0000E-02  2.0000E-02  7.8050E-01  0.0000E+00
 1591  8.0000E-02  0.0000E+00  8.0050E-01  0.0000E+00
 1592  8.0000E-02  2.0000E-02  8.0050E-01  0.0000E+00
 1593  8.0000E-02  0.0000E+00  8.2050E-01  0.0000E+00
 1594  8.0000E-02  2.0000E-02  8.2050E-01  0.0000E+00
 1595  8.0000E-02  0.0000E+00  8.4050E-01  0.0000E+00
 1596  8.0000E-02  2.0000E-02  8.4050E-01  0.0000E+00
 1597  8.0000E-02  0.0000E+00  8.6050E-01  0.0000E+00
 1598  8.0000E-02  2.0000E-02  8.6050E-01  0.0000E+00
 1599  8.0000E-02  0.0000E+00  8.8050E-01  0.0000E+00
 1600  8.0000E-02  2.0000E-02  8.8050E-01  0.0000E+00
 1601  8.0000E-02  0.0000E+00  9.0050E-01  0.0000E+00
 1602  8.0000E-02  2.0000E-02  9.0050E-01  0.0000E+00
 1603  8.0000E-02  0.0000E+00  9.2050E-01  0.0000E+00
 1604  8.0000E-02  2.0000E-02  9.2050E-01  0.0000E+00
 1605  8.0000E-02  0.0000E+00  9.4050E-01  0.0000E+00
 1606  8.0000E-02  2.0000E-02  9.4050E-01  0.0000E+00
 1607  8.0000E-02  0.0000E+00  9.6050E-01  0.0000E+00
 1608  8.0000E-02  2.0000E-02  9.6050E-01  0.0000E+00
 1609  8.0000E-02  0.0000E+00  9.8050E-01  0.0000E+00
 1610  8.0000E-02  2.0000E-02  9.8050E-01  0.0000E+00
 1611  8.0000E-02  0.0000E+00  1.0005E+00  0.0000E+00
 1612  8.0000E-02  2.0000E-02  1.0005E+00  0.0000E+00
 1613  8.0000E-02  4.0000E-02  5.0050E-01  0.0000E+00
 1614  8.0000E-02  4.0000E-02  5.2050E-01  0.0000E+00
 1615  8.0000E-02  4.0000E-02  5.4050E-01  0.0000E+00
 1616  8.0000E-02  4.0000E-02  5.6050E-01  0.0000E+00
 1617  8.0000E-02  4.0000E-02  5.8050E-01  0.0000E+00
 1618  8.0000E-02  4.0000E-02  6.0050E-01  0.0000E+00
 1619  8.0000E-02  4.0000E-02  6.2050E-01  0.0000E+00
 1620  8.0000E-02  4.0000E-02  6.4050E-01  0.0000E+00
 1621  8.0000E-02  4.0000E-02  6.6050E-01  0.0000E+00
 1622  8.0000E-02  4.0000E-02  6.8050E-01  0.0000E+00
 1623  8.0000E-02  4.0000E-02  7.0050E-01  0.0000E+00
 1624  8.0000E-02  4.0000E-02  7.2050E-01  0.0000E+00
 1625  8.0000E-02  4.0000E-02  7.4050E-01  0.0000E+00
 1626  8.0000E-02  4.0000E-02  7.6050E-01  0.0000E+00
 1627  8.0000E-02  4.0000E-02  7.8050E-01  0.0000E+00
 1628  8.0000E-02  4.0000E-02  8.0050E-01  0.0000E+00
 1629  8.0000E-02  4.0000E-02  8.2050E-01  0.0000E+00
 1630  8.0000E-02  4.0000E-02  8.4050E-01  0.0000E+00
 1631  8.0000E-02  4.0000E-02  8.6050E-01  0.0000E+00
 1632  8.0000E-02  4.0000E-02  8.8050E-01  0.0000E+00
 1633  8.0000E-02  4.0000E-02  9.0050E-01  0.0000E+00
 1634  8.0000E-02  4.0000E-02  9.2050E-01  0.0000E+00
 1635  8.0000E-02  4.0000E-02  9.4050E-01  0.0000E+00
 1636  8.0000E-02  4.0000E-02  9.6050E-01  0.0000E+00
 1637  8.0000E-02  4.0000E-02  9.8050E-01  0.0000E+00
 1638  8.0000E-02  4.0000E-02  1.0005E+00  0.0000E+00
 1639  8.0000E-02  6.0000E-02  5.0050E-01  0.0000E+00
 1640  8.0000E-02  6.0000E-02  5.2050E-01  0.0000E+00
 1641  8.0000E-02  6.0000E-02  5.4050E-01  0.0000E+00
 1642  8.0000E-02  6.0000E-02  5.6050E-01  0.0000E+00
 1643  8.0000E-02  6.0000E-02  5.8050E-01  0.0000E+00
 1644  8.0000E-02  6.0000E-02  6.0050E-01  0.0000E+00
 1645  8.0000E-02  6.0000E-02  6.2050E-01  0.0000E+00
 1646  8.0000E-02  6.0000E-02  6.4050E-01  0.0000E+00
 1647  8.0000E-02  6.0000E-02  6.6050E-01  0.0000E+00
 1648  8.0000E-02  6.0000E-02  6.8050E-01  0.0000E+00
 1649  8.0000E-02  6.0000E-02  7.0050E-01  0.0000E+00
 1650  8.0000E-02  6.0000E-02  7.2050E-01  0.0000E+00
 1651  8.0000E-02  6.0000E-02  7.4050E-01  0.0000E+00
 1652  8.0000E-02  6.0000E-02  7.6050E-01  0.0000E+00
 1653  8.0000E-02  6.0000E-02  7.8050E-01  0.0000E+00
 1654  8.0000E-02  6.0000E-02  8.0050E-01  0.0000E+00
 1655  8.0000E-02  6.0000E-02  8.2050E-01  0.0000E+00
 1656  8.0000E-02  6.0000E-02  8.4050E-01  0.0000E+00
 1657  8.0000E-02  6.0000E-02  8.6050E-01  0.0000E+00
 1658  8.0000E-02  6.0000E-02  8.8050E-01  0.0000E+00
 1659  8.0000E-02  6.0000E-02  9.0050E-01  0.0000E+00
 1660  8.0000E-02  6.0000E-02  9.2050E-01  0.0000E+00
 1661  8.0000E-02  6.0000E-02  9.4050E-01  0.0000E+00
 1662  8.0000E-02  6.0000E-02  9.6050E-01  0.0000E+00
 1663  8.0000E-02  6.0000E-02  9.8050E-01  0.0000E+00
 1664  8.0000E-02  6.0000E-02  1.0005E+00  0.0000E+00
 1665  8.0000E-02  8.0000E-02  5.0050E-01  0.0000E+00
 1666  8.0000E-02  8.0000E-02  5.2050E-01  0.0000E+00
 1667  8.0000E-02  8.0000E-02  5.4050E-01  0.0000E+00
 1668  8.0000E-02  8.0000E-02  5.6050E-01  0.0000E+00
 1669  8.0000E-02  8.0000E-02  5.8050E-01  0.0000E+00
 1670  8.0000E-02  8.0000E-02  6.0050E-01  0.0000E+00
 1671  8.0000E-02  8.0000E-02  6.2050E-01  0.0000E+00
 1672  8.0000E-02  8.0000E-02  6.4050E-01  0.0000E+00
 1673  8.0000E-02  8.0000E-02  6.6050E-01  0.0000E+00
 1674  8.0000E-02  8.0000E-02  6.8050E-01  0.0000E+00
 1675  8.0000E-02  8.0000E-02  7.0050E-01  0.0000E+00
 1676  8.0000E-02  8.0000E-02  7.2050E-01  0.0000E+00
 1677  8.0000E-02  8.0000E-02  7.4050E-01  0.0000E+00
 1678  8.0000E-02  8.0000E-02  7.6050E-01  0.0000E+00
 1679  8.0000E-02  8.0000E-02  7.8050E-01  0.0000E+00
 1680  8.0000E-02  8.0000E-02  8.0050E-01  0.0000E+00
 1681  8.0000E-02  8.0000E-02  8.2050E-01  0.0000E+00
 1682  8.0000E-02  8.0000E-02  8.4050E-01  0.0000E+00
 1683  8.0000E-02  8.0000E-02  8.6050E-01  0.0000E+00
 1684  8.0000E-02  8.0000E-02  8.8050E-01  0.0000E+00
 1685  8.0000E-02  8.0000E-02  9.0050E-01  0.0000E+00
 1686  8.0000E-02  8.0000E-02  9.2050E-01  0.0000E+00
 1687  8.0000E-02  8.0000E-02  9.4050E-01  0.0000E+00
 1688  8.0000E-02  8.0000E-02  9.6050E-01  0.0000E+00
 1689  8.0000E-02  8.0000E-02  9.8050E-01  0.0000E+00
 1690  8.0000E-02  8.0000E-02  1.0005E+00  0.0000E+00
 1691  8.0000E-02  1.0000E-01  5.0050E-01  0.0000E+00
 1692  8.0000E-02  1.0000E-01  5.2050E-01  0.0000E+00
 1693  8.0000E-02  1.0000E-01  5.4050E-01  0.0000E+00
 1694  8.0000E-02  1.0000E-01  5.6050E-01  0.0000E+00
 1695  8.0000E-02  1.0000E-01  5.8050E-01  0.0000E+00
 1696  8.0000E-02  1.0000E-01  6.0050E-01  0.0000E+00
 1697  8.0000E-02  1.0000E-01  6.2050E-01  0.0000E+00
 1698  8.0000E-02  1.0000E-01  6.4050E-01  0.0000E+00
 1699  8.0000E-02  1.0000E-01  6.6050E-01  0.0000E+00
 1700  8.0000E-02  1.0000E-01  6.8050E-01  0.0000E+00
 1701  8.0000E-02  1.0000E-01  7.0050E-01  0.0000E+00
 1702  8.0000E-02  1.0000E-01  7.2050E-01  0.0000E+00
 1703  8.0000E-02  1.0000E-01  7.4050E-01  0.0000E+00
 1704  8.0000E-02  1.0000E-01  7.6050E-01  0.0000E+00
 1705  8.0000E-02  1.0000E-01  7.8050E-01  0.0000E+00
 1706  8.0000E-02  1.0000E-01  8.0050E-01  0.0000E+00
 1707  8.0000E-02  1.0000E-01  8.2050E-01  0.0000E+00
 1708  8.0000E-02  1.0000E-01  8.4050E-01  0.0000E+00
 1709  8.0000E-02  1.0000E-01  8.6050E-01  0.0000E+00
 1710  8.0000E-02  1.0000E-01  8.8050E-01  0.0000E+00
 1711  8.0000E-02  1.0000E-01  9.0050E-01  0.0000E+00
 1712  8.0000E-02  1.0000E-01  9.2050E-01  0.0000E+00
 1713  8.0000E-02  1.0000E-01  9.4050E-01  0.0000E+00
 1714  8.0000E-02  1.0000E-01  9.6050E-01  0.0000E+00
 1715  8.0000E-02  1.0000E-01  9.8050E-01  0.0000E+00
 1716  8.0000E-02  1.0000E-01  1.0005E+00  0.0000E+00
 1717  1.0000E-01  0.0000E+00  5.0050E-01  0.0000E+00
 1718  1.0000E-01  2.0000E-02  5.0050E-01  0.0000E+00
 1719  1.0000E-01  0.0000E+00  5.2050E-01  0.0000E+00
 1720  1.0000E-01  2.0000E-02  5.2050E-01  0.0000E+00
 1721  1.0000E-01  0.0000E+00  5.4050E-01  0.0000E+00
 1722  1.0000E-01  2.0000E-02  5.4050E-01  0.0000E+00
 1723  1.0000E-01  0.0000E+00  5.6050E-01  0.0000E+00
 1724  1.0000E-01  2.0000E-02  5.6050E-01  0.0000E+00
 1725  1.0000E-01  0.0000E+00  5.8050E-01  0.0000E+00
 1726  1.0000E-01  2.0000E-02  5.8050E-01  0.0000E+00
 1727  1.0000E-01  0.0000E+00  6.0050E-01  0.0000E+00
 1728  1.0000E-01  2.0000E-02  6.0050E-01  0.0000E+00
 1729  1.0000E-01  0.0000E+00  6.2050E-01  0.0000E+00
 1730  1.0000E-01  2.0000E-02  6.2050E-01  0.0000E+00
 1731  1.0000E-01  0.0000E+00  6.4050E-01  0.0000E+00
 1732  1.0000E-01  2.0000E-02  6.4050E-01  0.0000E+00
 1733  1.0000E-01  0.0000E+00  6.6050E-01  0.0000E+00
 1734  1.0000E-01  2.0000E-02  6.6050E-01  0.0000E+00
 1735  1.0000E-01  0.0000E+00  6.8050E-01  0.0000E+00
 1736  1.0000E-01  2.0000E-02  6.8050E-01  0.0000E+00
 1737  1.0000E-01  0.0000E+00  7.0050E-01  0.0000E+00
 1738  1.0000E-01  2.0000E-02  7.0050E-01  0.0000E+00
 1739  1.0000E-01  0.0000E+00  7.2050E-01  0.0000E+00
 1740  1.0000E-01  2.0000E-02  7.2050E-01  0.0000E+00
 1741  1.0000E-01  0.0000E+00  7.4050E-01  0.0000E+00
 1742  1.0000E-01  2.0000E-02  7.4050E-01  0.0000E+00
 1743  1.0000E-01  0.0000E+00  7.6050E-01  0.0000E+00
 1744  1.0000E-01  2.0000E-02  7.6050E-01  0.0000E+00
 1745  1.0000E-01  0.0000E+00  7.8050E-01  0.0000E+00
 1746  1.0000E-01  2.0000E-02  7.8050E-01  0.0000E+00
 1747  1.0000E-01  0.0000E+00  8.0050E-01  0.0000E+00
 1748  1.0000E-01  2.0000E-02  8.0050E-01  0.0000E+00
 1749  1.0000E-01  0.0000E+00  8.2050E-01  0.0000E+00
 1750  1.0000E-01  2.0000E-02  8.2050E-01  0.0000E+00
 1751  1.0000E-01  0.0000E+00  8.4050E-01  0.0000E+00
 1752  1.0000E-01  2.0000E-02  8.4050E-01  0.0000E+00
 1753  1.0000E-01  0.0000E+00  8.6050E-01  0.0000E+00
 1754  1.0000E-01  2.0000E-02  8.6050E-01  0.0000E+00
 1755  1.0000E-01  0.0000E+00  8.8050E-01  0.0000E+00
 1756  1.0000E-01  2.0000E-02  8.8050E-01  0.0000E+00
 1757  1.0000E-01  0.0000E+00  9.0050E-01  0.0000E+00
 1758  1.0000E-01  2.0000E-02  9.0050E-01  0.0000E+00
 1759  1.0000E-01  0.0000E+00  9.2050E-01  0.0000E+00
 1760  1.0000E-01  2.0000E-02  9.2050E-01  0.0000E+00
 1761  1.0000E-01  0.0000E+00  9.4050E-01  0.0000E+00
 1762  1.0000E-01  2.0000E-02  9.4050E-01  0.0000E+00
 1763  1.0000E-01  0.0000E+00  9.6050E-01  0.0000E+00
 1764  1.0000E-01  2.0000E-02  9.6050E-01  0.0000E+00
 1765  1.0000E-01  0.0000E+00  9.8050E-01  0.0000E+00
 1766  1.0000E-01  2.0000E-02  9.8050E-01  0.0000E+00
 1767  1.0000E-01  0.0000E+00  1.0005E+00  0.0000E+00
 1768  1.0000E-01  2.0000E-02  1.0005E+00  0.0000E+00
 1769  1.0000E-01  4.0000E-02  5.0050E-01  0.0000E+00
 1770  1.0000E-01  4.0000E-02  5.2050E-01  0.0000E+00
 1771  1.0000E-01  4.0000E-02  5.4050E-01  0.0000E+00
 1772  1.0000E-01  4.0000E-02  5.6050E-01  0.0000E+00
 1773  1.0000E-01  4.0000E-02  5.8050E-01  0.0000E+00
 1774  1.0000E-01  4.0000E-02  6.0050E-01  0.0000E+00
 1775  1.0000E-01  4.0000E-02  6.2050E-01  0.0000E+00
 1776  1.0000E-01  4.0000E-02  6.4050E-01  0.0000E+00
 1777  1.0000E-01  4.0000E-02  6.6050E-01  0.0000E+00
 1778  1.0000E-01  4.0000E-02  6.8050E-01  0.0000E+00
 1779  1.0000E-01  4.0000E-02  7.0050E-01  0.0000E+00
 1780  1.0000E-01  4.0000E-02  7.2050E-01  0.0000E+00
 1781  1.0000E-01  4.0000E-02  7.4050E-01  0.0000E+00
 1782  1.0000E-01  4.0000E-02  7.6050E-01  0.0000E+00
 1783  1.0000E-01  4.0000E-02  7.8050E-01  0.0000E+00
 1784  1.0000E-01  4.0000E-02  8.0050E-01  0.0000E+00
 1785  1.0000E-01  4.0000E-02  8.2050E-01  0.0000E+00
 1786  1.0000E-01  4.0000E-02  8.4050E-01  0.0000E+00
 1787  1.0000E-01  4.0000E-02  8.6050E-01  0.0000E+00
 1788  1.0000E-01  4.0000E-02  8.8050E-01  0.0000E+00
 1789  1.0000E-01  4.0000E-02  9.0050E-01  0.0000E+00
 1790  1.0000E-01  4.0000E-02  9.2050E-01  0.0000E+00
 1791  1.0000E-01  4.0000E-02  9.4050E-01  0.0000E+00
 1792  1.0000E-01  4.0000E-02  9.6050E-01  0.0000E+00
 1793  1.0000E-01  4.0000E-02  9.8050E-01  0.0000E+00
 1794  1.0000E-01  4.0000E-02  1.0005E+00  0.0000E+00
 1795  1.0000E-01  6.0000E-02  5.0050E-01  0.0000E+00
 1796  1.0000E-01  6.0000E-02  5.2050E-01  0.0000E+00
 1797  1.0000E-01  6.0000E-02  5.4050E-01  0.0000E+00
 1798  1.0000E-01  6.0000E-02  5.6050E-01  0.0000E+00
 1799  1.0000E-01  6.0000E-02  5.8050E-01  0.0000E+00
 1800  1.0000E-01  6.0000E-02  6.0050E-01  0.0000E+00
 1801  1.0000E-01  6.0000E-02  6.2050E-01  0.0000E+00
 1802  1.0000E-01  6.0000E-02  6.4050E-01  0.0000E+00
 1803  1.0000E-01  6.0000E-02  6.6050E-01  0.0000E+00
 1804  1.0000E-01  6.0000E-02  6.8050E-01  0.0000E+00
 1805  1.0000E-01  6.0000E-02  7.0050E-01  0.0000E+00
 1806  1.0000E-01  6.0000E-02  7.2050E-01  0.0000E+00
 1807  1.0000E-01  6.0000E-02  7.4050E-01  0.0000E+00
 1808  1.0000E-01  6.0000E-02  7.6050E-01  0.0000E+00
 1809  1.0000E-01  6.0000E-02  7.8050E-01  0.0000E+00
 1810  1.0000E-01  6.0000E-02  8.0050E-01  0.0000E+00
 1811  1.0000E-01  6.0000E-02  8.2050E-01  0.0000E+00
 1812  1.0000E-01  6.0000E-02  8.4050E-01  0.0000E+00
 1813  1.0000E-01  6.0000E-02  8.6050E-01  0.0000E+00
 1814  1.0000E-01  6.0000E-02  8.8050E-01  0.0000E+00
 1815  1.0000E-01  6.0000E-02  9.0050E-01  0.0000E+00
 1816  1.0000E-01  6.0000E-02  9.2050E-01  0.0000E+00
 1817  1.0000E-01  6.0000E-02  9.4050E-01  0.0000E+00
 1818  1.0000E-01  6.0000E-02  9.6050E-01  0.0000E+00
 1819  1.0000E-01  6.0000E-02  9.8050E-01  0.0000E+00
 1820  1.0000E-01  6.0000E-02  1.0005E+00  0.0000E+00
 1821  1.0000E-01  8.0000E-02  5.0050E-01  0.0000E+00
 1822  1.0000E-01  8.0000E-02  5.2050E-01  0.0000E+00
 1823  1.0000E-01  8.0000E-02  5.4050E-01  0.0000E+00
 1824  1.0000E-01  8.0000E-02  5.6050E-01  0.0000E+00
 1825  1.0000E-01  8.0000E-02  5.8050E-01  0.0000E+00
 1826  1.0000E-01  8.0000E-02  6.0050E-01  0.0000E+00
 1827  1.0000E-01  8.0000E-02  6.2050E-01  0.0000E+00
 1828  1.0000E-01  8.0000E-02  6.4050E-01  0.0000E+00
 1829  1.0000E-01  8.0000E-02  6.6050E-01  0.0000E+00
 1830  1.0000E-01  8.0000E-02  6.8050E-01  0.0000E+00
 1831  1.0000E-01  8.0000E-02  7.0050E-01  0.0000E+00
 1832  1.0000E-01  8.0000E-02  7.2050E-01  0.0000E+00
 1833  1.0000E-01  8.0000E-02  7.4050E-01  0.0000E+00
 1834  1.0000E-01  8.0000E-02  7.6050E-01  0.0000E+00
 1835  1.0000E-01  8.0000E-02  7.8050E-01  0.0000E+00
 1836  1.0000E-01  8.0000E-02  8.0050E-01  0.0000E+00
 1837  1.0000E-01  8.0000E-02  8.2050E-01  0.0000E+00
 1838  1.0000E-01  8.0000E-02  8.4050E-01  0.0000E+00
 1839  1.0000E-01  8.0000E-02  8.6050E-01  0.0000E+00
 1840  1.0000E-01  8.0000E-02  8.8050E-01  0.0000E+00
 1841  1.0000E-01  8.0000E-02  9.0050E-01  0.0000E+00
 1842  1.0000E-01  8.0000E-02  9.2050E-01  0.0000E+00
 1843  1.0000E-01  8.0000E-02  9.4050E-01  0.0000E+00
 1844  1.0000E-01  8.0000E-02  9.6050E-01  0.0000E+00
 1845  1.0000E-01  8.0000E-02  9.8050E-01  0.0000E+00
 1846  1.0000E-01  8.0000E-02  1.0005E+00  0.0000E+00
 1847  1.0000E-01  1.0000E-01  5.0050E-01  0.0000E+00
 1848  1.0000E-01  1.0000E-01  5.2050E-01  0.0000E+00
 1849  1.0000E-01  1.0000E-01  5.4050E-01  0.0000E+00
 1850  1.0000E-01  1.0000E-01  5.6050E-01  0.0000E+00
 1851  1.0000E-01  1.0000E-01  5.8050E-01  0.0000E+00
 1852  1.0000E-01  1.0000E-01  6.0050E-01  0.0000E+00
 1853  1.0000E-01  1.0000E-01  6.2050E-01  0.0000E+00
 1854  1.0000E-01  1.0000E-01  6.4050E-01  0.0000E+00
 1855  1.0000E-01  1.0000E-01  6.6050E-01  0.0000E+00
 1856  1.0000E-01  1.0000E-01  6.8050E-01  0.0000E+00
 1857  1.0000E-01  1.0000E-01  7.0050E-01  0.0000E+00
 1858  1.0000E-01  1.0000E-01  7.2050E-01  0.0000E+00
 1859  1.0000E-01  1.0000E-01  7.4050E-01  0.0000E+00
 1860  1.0000E-01  1.0000E-01  7.6050E-01  0.0000E+00
 1861  1.0000E-01  1.0000E-01  7.8050E-01  0.0000E+00
 1862  1.0000E-01  1.0000E-01  8.0050E-01  0.0000E+00
 1863  1.0000E-01  1.0000E-01  8.2050E-01  0.0000E+00
 1864  1.0000E-01  1.0000E-01  8.4050E-01  0.0000E+00
 1865  1.0000E-01  1.0000E-01  8.6050E-01  0.0000E+00
 1866  1.0000E-01  1.0000E-01  8.8050E-01  0.0000E+00
 1867  1.0000E-01  1.0000E-01  9.0050E-01  0.0000E+00
 1868  1.0000E-01  1.0000E-01  9.2050E-01  0.0000E+00
 1869  1.0000E-01  1.0000E-01  9.4050E-01  0.0000E+00
 1870  1.0000E-01  1.0000E-01  9.6050E-01  0.0000E+00
 1871  1.0000E-01  1.0000E-01  9.8050E-01  0.0000E+00
 1872  1.0000E-01  1.0000E-01  1.0005E+00  0.0000E+00
