Scalar DX under Static for nodeset
1872
   0.0000E+00
  0.0000E+00
  0.0000E+00
  0.0000E+00
  0.0000E+00
 -2.2036E-20
 -2.4119E-20
 -2.0707E-20
 -1.9673E-20
 -5.9689E-20
 -5.8975E-20
 -5.2529E-20
 -5.6672E-20
 -9.9685E-20
 -1.0112E-19
 -1.0210E-19
 -9.8038E-20
 -1.6497E-19
 -1.5789E-19
 -1.4606E-19
 -1.4601E-19
 -2.2319E-19
 -2.1465E-19
 -1.9561E-19
 -1.9723E-19
 -2.5178E-19
 -2.6427E-19
 -2.6512E-19
 -2.5284E-19
 -3.1614E-19
 -3.2397E-19
 -3.0324E-19
 -3.0896E-19
 -3.8718E-19
 -3.7848E-19
 -3.5700E-19
 -3.6367E-19
 -4.3886E-19
 -4.3194E-19
 -4.1872E-19
 -4.1997E-19
 -4.6646E-19
 -4.8874E-19
 -4.3370E-19
 -4.3765E-19
 -5.1785E-19
 -5.1335E-19
 -4.7095E-19
 -5.1245E-19
 -5.2053E-19
 -5.4919E-19
 -5.6637E-19
 -5.3050E-19
 -5.5195E-19
 -5.4910E-19
 -5.1133E-19
 -4.8481E-19
 -4.8789E-19
 -4.9456E-19
 -4.5430E-19
 -4.4723E-19
 -3.6163E-19
 -4.1337E-19
 -3.9980E-19
 -3.9938E-19
 -4.0325E-19
 -3.7896E-19
 -3.6944E-19
 -3.8218E-19
 -4.2299E-19
 -3.8307E-19
 -3.0708E-19
 -3.5674E-19
 -3.2335E-19
 -3.4559E-19
 -3.4686E-19
 -3.3151E-19
 -2.8714E-19
 -2.4196E-19
 -1.7618E-19
 -2.2277E-19
 -1.5623E-19
 -1.8435E-19
 -1.6464E-19
 -1.3810E-19
 -1.6644E-19
 -1.1226E-19
 -1.0073E-19
 -9.4266E-20
 -1.1308E-19
 -8.4058E-20
  1.8447E-20
 -6.2680E-20
 -5.0822E-21
 -3.3881E-20
 -2.7105E-20
  3.3881E-21
 -1.4427E-21
  1.8969E-20
  1.1858E-20
  8.4703E-22
  0.0000E+00
  0.0000E+00
  0.0000E+00
  0.0000E+00
  0.0000E+00
  0.0000E+00
 -1.8635E-20
 -2.1882E-20
 -5.7995E-20
 -5.3112E-20
 -9.1480E-20
 -9.5503E-20
 -1.4040E-19
 -1.3934E-19
 -1.8254E-19
 -1.8486E-19
 -2.3442E-19
 -2.3759E-19
 -2.7783E-19
 -2.7818E-19
 -3.4298E-19
 -3.4318E-19
 -3.8625E-19
 -3.7971E-19
 -4.1540E-19
 -4.2605E-19
 -4.7434E-19
 -4.6645E-19
 -4.9443E-19
 -4.9702E-19
 -5.0483E-19
 -4.9666E-19
 -4.5867E-19
 -4.6576E-19
 -3.5237E-19
 -3.7188E-19
 -3.4055E-19
 -3.4434E-19
 -3.6592E-19
 -3.2449E-19
 -2.5919E-19
 -2.8069E-19
 -2.2616E-19
 -2.0861E-19
 -1.5261E-19
 -1.4373E-19
 -4.9128E-20
 -8.4170E-20
 -7.0052E-20
 -4.9845E-20
 -3.7269E-20
 -9.3174E-21
  3.9474E-21
 -1.2705E-20
  0.0000E+00
  0.0000E+00
  0.0000E+00
  0.0000E+00
 -1.8898E-20
 -1.9341E-20
 -4.6256E-20
 -4.6977E-20
 -8.1739E-20
 -8.3645E-20
 -1.3214E-19
 -1.2875E-19
 -1.9368E-19
 -1.8127E-19
 -2.0333E-19
 -2.1349E-19
 -2.2918E-19
 -2.5165E-19
 -3.1850E-19
 -3.0996E-19
 -3.7072E-19
 -3.6561E-19
 -3.8588E-19
 -4.0966E-19
 -4.3207E-19
 -4.3294E-19
 -4.5208E-19
 -4.5431E-19
 -5.2601E-19
 -4.8831E-19
 -4.8027E-19
 -4.6968E-19
 -3.3077E-19
 -3.7944E-19
 -2.8121E-19
 -3.1848E-19
 -2.2573E-19
 -2.5411E-19
 -2.8291E-19
 -1.9482E-19
 -2.1091E-19
 -2.0901E-19
 -1.5675E-19
 -1.4320E-19
 -1.1011E-19
 -8.2797E-20
 -9.3174E-21
 -5.1138E-20
  0.0000E+00
  0.0000E+00
 -5.5057E-21
  1.2414E-20
  0.0000E+00
  0.0000E+00
  0.0000E+00
  0.0000E+00
 -1.6854E-20
 -1.5900E-20
 -4.0340E-20
 -4.3530E-20
 -8.3940E-20
 -7.7300E-20
 -1.2313E-19
 -1.2001E-19
 -1.6115E-19
 -1.6458E-19
 -2.0616E-19
 -1.9749E-19
 -2.4164E-19
 -2.4155E-19
 -2.7669E-19
 -2.9250E-19
 -3.5206E-19
 -3.5232E-19
 -3.9265E-19
 -3.9635E-19
 -4.2150E-19
 -4.3305E-19
 -4.7026E-19
 -4.4645E-19
 -4.7243E-19
 -4.8620E-19
 -4.3908E-19
 -4.2562E-19
 -3.7850E-19
 -3.4914E-19
 -2.7528E-19
 -2.8499E-19
 -2.2079E-19
 -2.2198E-19
 -1.6377E-19
 -1.6288E-19
 -1.8000E-19
 -1.5021E-19
 -2.0725E-19
 -1.2057E-19
 -4.4469E-20
 -7.7927E-20
 -4.4149E-20
 -1.6668E-20
 -6.1200E-22
  4.8746E-21
  8.3012E-21
  1.2625E-20
  0.0000E+00
  0.0000E+00
  0.0000E+00
  0.0000E+00
 -1.3698E-20
 -1.5056E-20
 -4.0922E-20
 -4.0181E-20
 -6.8821E-20
 -7.0092E-20
 -1.1498E-19
 -1.1329E-19
 -1.4767E-19
 -1.4448E-19
 -1.8497E-19
 -1.9010E-19
 -2.4577E-19
 -2.2944E-19
 -2.6940E-19
 -2.8573E-19
 -3.2667E-19
 -3.4180E-19
 -3.8803E-19
 -3.8598E-19
 -4.3941E-19
 -4.1594E-19
 -4.9657E-19
 -4.3852E-19
 -4.6587E-19
 -4.5401E-19
 -4.0700E-19
 -4.0261E-19
 -3.3078E-19
 -3.3543E-19
 -2.5058E-19
 -2.5412E-19
 -1.9180E-19
 -1.9214E-19
 -1.2786E-19
 -1.2753E-19
 -1.1974E-19
 -1.0920E-19
 -1.1858E-19
 -1.3710E-19
 -8.4703E-20
 -9.0633E-20
 -1.2494E-20
 -8.7462E-21
  9.8071E-21
  2.2409E-20
  1.7626E-20
  3.8520E-21
  0.0000E+00
  0.0000E+00
  0.0000E+00
  0.0000E+00
 -2.5726E-20
 -2.4638E-20
 -6.1860E-20
 -5.7324E-20
 -1.0468E-19
 -9.6015E-20
 -1.5147E-19
 -1.4324E-19
 -2.0181E-19
 -1.8873E-19
 -2.6300E-19
 -2.4267E-19
 -3.2865E-19
 -3.0186E-19
 -3.6761E-19
 -3.7354E-19
 -4.4221E-19
 -4.1087E-19
 -4.8813E-19
 -4.6086E-19
 -5.2653E-19
 -5.0459E-19
 -5.3675E-19
 -5.1176E-19
 -5.0275E-19
 -4.9474E-19
 -5.1203E-19
 -4.9149E-19
 -4.6556E-19
 -4.2732E-19
 -4.2012E-19
 -3.8286E-19
 -3.8505E-19
 -3.5410E-19
 -3.4771E-19
 -2.8121E-19
 -2.5223E-19
 -2.2312E-19
 -1.6893E-19
 -1.5900E-19
 -1.0334E-19
 -8.8897E-20
 -3.9598E-20
 -6.5490E-20
 -2.1176E-20
 -2.8799E-20
  1.5101E-20
  0.0000E+00
  0.0000E+00
  0.0000E+00
  0.0000E+00
 -2.2972E-20
 -5.0891E-20
 -9.1073E-20
 -1.3525E-19
 -1.7869E-19
 -2.3704E-19
 -2.8798E-19
 -3.4055E-19
 -3.9976E-19
 -4.5540E-19
 -4.7138E-19
 -4.8959E-19
 -4.7942E-19
 -4.7137E-19
 -4.1749E-19
 -3.6078E-19
 -2.8969E-19
 -2.6766E-19
 -1.9853E-19
 -1.3553E-19
 -8.9997E-20
 -4.7607E-20
 -2.1349E-20
 -1.3257E-20
  0.0000E+00
  0.0000E+00
 -1.7663E-20
 -4.9637E-20
 -8.4732E-20
 -1.2695E-19
 -1.7477E-19
 -2.1175E-19
 -2.6766E-19
 -3.2020E-19
 -3.7629E-19
 -4.3188E-19
 -4.5316E-19
 -4.6767E-19
 -4.5020E-19
 -4.6523E-19
 -4.1128E-19
 -3.2688E-19
 -2.4733E-19
 -1.9651E-19
 -1.3669E-19
 -1.1948E-19
 -6.7974E-20
 -4.5676E-20
 -3.3140E-20
 -1.6941E-20
  0.0000E+00
  0.0000E+00
 -1.6833E-20
 -4.3913E-20
 -8.1897E-20
 -1.2085E-19
 -1.6549E-19
 -2.0615E-19
 -2.4987E-19
 -3.0747E-19
 -3.5982E-19
 -4.0186E-19
 -4.3434E-19
 -4.3283E-19
 -4.4602E-19
 -4.3495E-19
 -3.5342E-19
 -2.9731E-19
 -2.1282E-19
 -1.8344E-19
 -1.1038E-19
 -8.4174E-20
 -8.4492E-20
 -3.6003E-20
  8.4703E-22
 -7.9453E-21
  0.0000E+00
  0.0000E+00
 -1.4055E-20
 -3.8540E-20
 -7.9198E-20
 -1.1022E-19
 -1.5088E-19
 -1.8317E-19
 -2.3412E-19
 -2.8591E-19
 -3.5262E-19
 -3.8852E-19
 -4.1356E-19
 -4.3103E-19
 -4.4617E-19
 -3.9196E-19
 -3.3415E-19
 -2.2960E-19
 -1.9778E-19
 -1.4008E-19
 -9.4213E-20
 -1.0450E-19
 -5.9716E-20
 -2.3824E-20
  1.3822E-20
  1.9860E-20
  0.0000E+00
  0.0000E+00
  0.0000E+00
 -2.7963E-20
 -2.6761E-20
 -6.5910E-20
 -5.9345E-20
 -1.0637E-19
 -1.0276E-19
 -1.5141E-19
 -1.4265E-19
 -1.9103E-19
 -1.8268E-19
 -2.4753E-19
 -2.3240E-19
 -3.1120E-19
 -2.9614E-19
 -3.8573E-19
 -3.5807E-19
 -4.5202E-19
 -4.4366E-19
 -5.0149E-19
 -4.7646E-19
 -5.2911E-19
 -4.9959E-19
 -5.3403E-19
 -5.1095E-19
 -5.3024E-19
 -5.0441E-19
 -5.0127E-19
 -4.7561E-19
 -4.9180E-19
 -4.4025E-19
 -4.4463E-19
 -4.1647E-19
 -3.7738E-19
 -3.4674E-19
 -2.7918E-19
 -2.4056E-19
 -2.1795E-19
 -1.8539E-19
 -1.7995E-19
 -1.5991E-19
 -1.3394E-19
 -1.0059E-19
 -5.8763E-20
 -6.0182E-20
  1.6941E-21
 -1.1071E-20
 -1.1967E-21
 -5.1448E-21
  0.0000E+00
  0.0000E+00
  0.0000E+00
 -2.2138E-20
 -5.5481E-20
 -9.1347E-20
 -1.3383E-19
 -1.7757E-19
 -2.2190E-19
 -2.8177E-19
 -3.5150E-19
 -4.1360E-19
 -4.5313E-19
 -4.7164E-19
 -4.8191E-19
 -4.9340E-19
 -4.4788E-19
 -4.2571E-19
 -3.9760E-19
 -3.1765E-19
 -2.2018E-19
 -1.7317E-19
 -1.3743E-19
 -1.0270E-19
 -4.2458E-20
 -2.6218E-20
 -2.7168E-20
  0.0000E+00
  0.0000E+00
 -2.0633E-20
 -4.5853E-20
 -8.7053E-20
 -1.2749E-19
 -1.7491E-19
 -2.0752E-19
 -2.6464E-19
 -3.3704E-19
 -3.9087E-19
 -4.2760E-19
 -4.6054E-19
 -4.6125E-19
 -4.3850E-19
 -4.4202E-19
 -3.9709E-19
 -3.4392E-19
 -2.3301E-19
 -2.0929E-19
 -1.2084E-19
 -9.0651E-20
 -8.5357E-20
 -4.7593E-20
 -1.5458E-20
 -4.6640E-20
  0.0000E+00
  0.0000E+00
 -1.4389E-20
 -4.5192E-20
 -7.9833E-20
 -1.2059E-19
 -1.4897E-19
 -2.0203E-19
 -2.5030E-19
 -3.2088E-19
 -3.7294E-19
 -4.0154E-19
 -4.3421E-19
 -4.4200E-19
 -4.2487E-19
 -4.1491E-19
 -3.5745E-19
 -2.8122E-19
 -2.2002E-19
 -1.4078E-19
 -1.0609E-19
 -8.8315E-20
 -6.9210E-20
 -5.5052E-20
  1.0164E-20
 -1.5584E-20
  0.0000E+00
  0.0000E+00
 -1.1435E-20
 -3.6901E-20
 -7.5295E-20
 -1.0588E-19
 -1.4463E-19
 -1.8403E-19
 -2.4130E-19
 -2.9244E-19
 -3.5215E-19
 -3.8392E-19
 -4.1081E-19
 -4.1694E-19
 -4.0884E-19
 -3.7841E-19
 -3.0980E-19
 -2.4605E-19
 -1.7809E-19
 -1.0713E-19
 -1.1266E-19
 -7.0096E-20
 -4.9369E-20
 -1.0164E-20
  2.7693E-20
 -5.8031E-21
  0.0000E+00
  0.0000E+00
  0.0000E+00
 -2.8145E-20
 -2.4564E-20
 -6.7672E-20
 -5.9716E-20
 -1.0651E-19
 -9.9950E-20
 -1.5049E-19
 -1.4304E-19
 -1.9584E-19
 -1.8320E-19
 -2.3366E-19
 -2.1938E-19
 -3.0379E-19
 -2.8693E-19
 -3.8590E-19
 -3.6668E-19
 -4.5648E-19
 -4.3387E-19
 -5.0871E-19
 -4.7264E-19
 -5.4898E-19
 -5.0695E-19
 -5.4308E-19
 -5.1089E-19
 -5.3956E-19
 -5.1457E-19
 -5.2852E-19
 -4.9890E-19
 -4.9480E-19
 -4.5803E-19
 -4.2692E-19
 -4.1463E-19
 -3.4940E-19
 -3.3111E-19
 -2.7617E-19
 -2.3886E-19
 -2.1761E-19
 -1.8317E-19
 -1.8796E-19
 -1.5237E-19
 -1.1731E-19
 -1.2346E-19
 -5.2538E-20
 -3.3881E-20
 -2.2945E-20
  1.0588E-20
 -1.6174E-20
 -1.7039E-20
  0.0000E+00
  0.0000E+00
  0.0000E+00
 -2.3537E-20
 -5.4666E-20
 -9.6038E-20
 -1.2537E-19
 -1.7557E-19
 -2.1620E-19
 -2.7701E-19
 -3.5006E-19
 -4.2653E-19
 -4.4629E-19
 -4.7976E-19
 -4.9917E-19
 -4.7095E-19
 -4.6160E-19
 -4.4250E-19
 -4.0338E-19
 -3.1904E-19
 -2.1480E-19
 -1.6705E-19
 -1.4922E-19
 -1.0037E-19
 -5.1093E-20
 -6.3395E-21
 -7.3529E-21
  0.0000E+00
  0.0000E+00
 -1.7794E-20
 -4.8955E-20
 -8.5753E-20
 -1.2776E-19
 -1.6644E-19
 -2.0495E-19
 -2.6123E-19
 -3.4690E-19
 -4.0520E-19
 -4.2559E-19
 -4.6079E-19
 -4.4935E-19
 -4.2627E-19
 -4.2690E-19
 -3.9546E-19
 -3.1510E-19
 -2.9646E-19
 -1.5186E-19
 -1.4569E-19
 -1.0461E-19
 -9.6350E-20
 -7.3268E-20
 -5.7598E-20
 -1.8952E-20
  0.0000E+00
  0.0000E+00
 -1.5421E-20
 -4.0057E-20
 -7.6609E-20
 -1.1632E-19
 -1.5332E-19
 -1.9116E-19
 -2.5358E-19
 -3.3048E-19
 -3.7291E-19
 -4.0521E-19
 -4.2876E-19
 -4.3151E-19
 -4.2267E-19
 -3.8540E-19
 -3.4591E-19
 -2.9804E-19
 -2.0392E-19
 -1.6196E-19
 -8.7880E-20
 -7.3743E-20
 -8.5021E-20
 -5.5508E-20
 -8.8970E-21
 -1.5426E-20
  0.0000E+00
  0.0000E+00
 -1.0276E-20
 -3.1788E-20
 -6.4106E-20
 -1.0618E-19
 -1.4161E-19
 -1.7872E-19
 -2.3545E-19
 -3.0258E-19
 -3.4898E-19
 -3.8074E-19
 -4.0443E-19
 -3.9817E-19
 -3.7015E-19
 -3.5237E-19
 -2.9026E-19
 -2.3230E-19
 -1.9101E-19
 -1.5585E-19
 -9.0614E-20
 -4.4456E-20
 -7.0939E-20
 -1.3902E-20
 -2.3846E-21
  3.4114E-21
  0.0000E+00
  0.0000E+00
  0.0000E+00
 -2.6840E-20
 -2.3505E-20
 -6.6603E-20
 -5.9716E-20
 -1.0884E-19
 -9.8256E-20
 -1.5501E-19
 -1.3637E-19
 -1.9669E-19
 -1.8838E-19
 -2.1716E-19
 -2.2870E-19
 -2.9909E-19
 -2.7833E-19
 -3.8815E-19
 -3.7722E-19
 -4.5570E-19
 -4.2489E-19
 -4.8599E-19
 -4.9128E-19
 -5.6263E-19
 -5.2358E-19
 -5.4125E-19
 -4.9064E-19
 -5.4972E-19
 -5.2008E-19
 -5.2135E-19
 -5.2177E-19
 -5.1036E-19
 -4.6241E-19
 -3.9260E-19
 -4.0904E-19
 -3.1510E-19
 -3.3543E-19
 -2.6554E-19
 -2.0668E-19
 -2.3424E-19
 -2.0299E-19
 -1.8381E-19
 -2.3669E-19
 -1.4823E-19
 -8.5550E-20
 -6.7763E-21
  0.0000E+00
 -1.5910E-20
  6.3018E-21
 -2.6739E-20
 -3.6024E-20
  0.0000E+00
  0.0000E+00
  0.0000E+00
 -2.5411E-20
 -5.3363E-20
 -8.7244E-20
 -1.3383E-19
 -1.7603E-19
 -2.1642E-19
 -2.7254E-19
 -3.4898E-19
 -4.2362E-19
 -4.5909E-19
 -4.6711E-19
 -4.9234E-19
 -4.7264E-19
 -4.5740E-19
 -4.6337E-19
 -3.9980E-19
 -3.2018E-19
 -2.1684E-19
 -1.7242E-19
 -1.6157E-19
 -6.9457E-20
 -4.5740E-20
 -2.6981E-20
  1.7846E-20
  0.0000E+00
  0.0000E+00
 -1.6826E-20
 -4.9222E-20
 -8.8283E-20
 -1.2290E-19
 -1.5011E-19
 -1.9741E-19
 -2.8292E-19
 -3.3891E-19
 -4.2013E-19
 -4.2669E-19
 -4.4893E-19
 -4.5994E-19
 -4.1039E-19
 -4.5740E-19
 -3.8964E-19
 -3.3881E-19
 -2.8460E-19
 -1.7025E-19
 -1.2790E-19
 -1.2917E-19
 -8.5974E-20
 -1.4908E-19
 -5.4210E-20
  4.6587E-20
  0.0000E+00
  0.0000E+00
 -1.4637E-20
 -4.3728E-20
 -7.4058E-20
 -1.1589E-19
 -1.5437E-19
 -2.0635E-19
 -2.5629E-19
 -3.3420E-19
 -3.6931E-19
 -4.2866E-19
 -4.2604E-19
 -4.3326E-19
 -4.0276E-19
 -3.9125E-19
 -3.8027E-19
 -2.4508E-19
 -2.1726E-19
 -2.2322E-19
 -7.4832E-20
 -4.1404E-20
 -9.0633E-20
 -8.6397E-20
 -2.8799E-20
 -7.9291E-21
  0.0000E+00
  0.0000E+00
 -1.3023E-20
 -2.6470E-20
 -6.0450E-20
 -1.0651E-19
 -1.4521E-19
 -1.7110E-19
 -2.4953E-19
 -2.9265E-19
 -3.4559E-19
 -3.8116E-19
 -4.0673E-19
 -3.8709E-19
 -3.6422E-19
 -3.3246E-19
 -3.0154E-19
 -2.1938E-19
 -1.9143E-19
 -1.5501E-19
 -5.5184E-20
 -1.6094E-20
 -7.9621E-20
 -3.7693E-20
 -4.1913E-21
  2.5817E-20
  0.0000E+00
 -3.1209E-08
 -2.1220E-08
 -3.7101E-08
 -2.3883E-08
  2.1908E-09
 -5.0311E-10
  5.2246E-09
  8.3563E-10
  6.3700E-09
  5.0827E-09
  6.2501E-09
  5.0866E-09
  4.2011E-09
  3.5942E-09
  4.2352E-09
  3.5856E-09
  2.0379E-09
  1.7386E-09
  2.0384E-09
  1.7373E-09
  7.3997E-10
  6.3495E-10
  7.3780E-10
  6.3379E-10
  1.7026E-10
  1.4918E-10
  1.7004E-10
  1.4907E-10
 -1.2514E-11
 -8.4669E-12
 -1.2559E-11
 -8.4574E-12
 -4.2420E-11
 -3.5257E-11
 -4.2416E-11
 -3.5251E-11
 -3.0025E-11
 -2.5333E-11
 -3.0022E-11
 -2.5332E-11
 -1.4779E-11
 -1.2574E-11
 -1.4779E-11
 -1.2574E-11
 -5.5106E-12
 -4.7296E-12
 -5.5106E-12
 -4.7296E-12
 -1.3639E-12
 -1.1923E-12
 -1.3639E-12
 -1.1923E-12
  1.8814E-14
 -7.8081E-16
  1.8808E-14
 -7.8396E-16
  2.7608E-13
  2.2795E-13
  2.7608E-13
  2.2795E-13
  2.0616E-13
  1.7312E-13
  2.0616E-13
  1.7312E-13
  1.0326E-13
  8.7281E-14
  1.0326E-13
  8.7281E-14
  3.8312E-14
  3.2468E-14
  3.8313E-14
  3.2468E-14
  8.7266E-15
  7.3420E-15
  8.7268E-15
  7.3422E-15
 -1.1670E-15
 -1.0973E-15
 -1.1668E-15
 -1.0971E-15
 -2.8600E-15
 -2.5393E-15
 -2.8598E-15
 -2.5391E-15
 -2.1169E-15
 -1.8853E-15
 -2.1168E-15
 -1.8851E-15
 -1.1277E-15
 -1.0131E-15
 -1.1277E-15
 -1.0130E-15
 -4.5448E-16
 -4.1275E-16
 -4.5443E-16
 -4.1270E-16
 -1.0713E-16
 -9.9446E-17
 -1.0711E-16
 -9.9430E-17
  0.0000E+00
  0.0000E+00
  0.0000E+00
  0.0000E+00
 -4.0250E-08
 -2.5926E-08
  6.0274E-09
  1.2358E-09
  6.9592E-09
  5.6263E-09
  4.3011E-09
  3.6704E-09
  2.0391E-09
  1.7383E-09
  7.3502E-10
  6.3119E-10
  1.6893E-10
  1.4813E-10
 -1.2709E-11
 -8.6104E-12
 -4.2415E-11
 -3.5253E-11
 -3.0015E-11
 -2.5326E-11
 -1.4777E-11
 -1.2572E-11
 -5.5103E-12
 -4.7293E-12
 -1.3639E-12
 -1.1923E-12
  1.8793E-14
 -7.9673E-16
  2.7608E-13
  2.2794E-13
  2.0616E-13
  1.7312E-13
  1.0326E-13
  8.7282E-14
  3.8313E-14
  3.2468E-14
  8.7270E-15
  7.3424E-15
 -1.1666E-15
 -1.0970E-15
 -2.8597E-15
 -2.5390E-15
 -2.1167E-15
 -1.8850E-15
 -1.1276E-15
 -1.0129E-15
 -4.5439E-16
 -4.1266E-16
 -1.0709E-16
 -9.9402E-17
  0.0000E+00
  0.0000E+00
 -4.0250E-08
 -2.5926E-08
  6.0274E-09
  1.2358E-09
  6.9592E-09
  5.6263E-09
  4.3011E-09
  3.6704E-09
  2.0391E-09
  1.7383E-09
  7.3502E-10
  6.3119E-10
  1.6893E-10
  1.4813E-10
 -1.2709E-11
 -8.6104E-12
 -4.2415E-11
 -3.5253E-11
 -3.0015E-11
 -2.5326E-11
 -1.4777E-11
 -1.2572E-11
 -5.5103E-12
 -4.7293E-12
 -1.3639E-12
 -1.1923E-12
  1.8793E-14
 -7.9646E-16
  2.7608E-13
  2.2794E-13
  2.0616E-13
  1.7312E-13
  1.0326E-13
  8.7282E-14
  3.8313E-14
  3.2468E-14
  8.7272E-15
  7.3426E-15
 -1.1664E-15
 -1.0968E-15
 -2.8596E-15
 -2.5389E-15
 -2.1166E-15
 -1.8849E-15
 -1.1275E-15
 -1.0128E-15
 -4.5433E-16
 -4.1260E-16
 -1.0707E-16
 -9.9384E-17
  0.0000E+00
  0.0000E+00
 -3.7101E-08
 -2.3883E-08
  5.2246E-09
  8.3563E-10
  6.2501E-09
  5.0866E-09
  4.2352E-09
  3.5856E-09
  2.0384E-09
  1.7373E-09
  7.3780E-10
  6.3379E-10
  1.7004E-10
  1.4907E-10
 -1.2559E-11
 -8.4574E-12
 -4.2416E-11
 -3.5251E-11
 -3.0022E-11
 -2.5332E-11
 -1.4779E-11
 -1.2574E-11
 -5.5106E-12
 -4.7296E-12
 -1.3639E-12
 -1.1923E-12
  1.8809E-14
 -7.8300E-16
  2.7608E-13
  2.2795E-13
  2.0616E-13
  1.7312E-13
  1.0326E-13
  8.7282E-14
  3.8313E-14
  3.2469E-14
  8.7274E-15
  7.3428E-15
 -1.1663E-15
 -1.0966E-15
 -2.8595E-15
 -2.5387E-15
 -2.1165E-15
 -1.8848E-15
 -1.1274E-15
 -1.0127E-15
 -4.5429E-16
 -4.1255E-16
 -1.0705E-16
 -9.9360E-17
  0.0000E+00
  0.0000E+00
 -3.1209E-08
 -2.1220E-08
  2.1908E-09
 -5.0311E-10
  6.3700E-09
  5.0827E-09
  4.2011E-09
  3.5942E-09
  2.0379E-09
  1.7386E-09
  7.3997E-10
  6.3495E-10
  1.7026E-10
  1.4918E-10
 -1.2514E-11
 -8.4669E-12
 -4.2420E-11
 -3.5257E-11
 -3.0025E-11
 -2.5333E-11
 -1.4779E-11
 -1.2574E-11
 -5.5106E-12
 -4.7296E-12
 -1.3639E-12
 -1.1923E-12
  1.8816E-14
 -7.7913E-16
  2.7608E-13
  2.2795E-13
  2.0616E-13
  1.7312E-13
  1.0326E-13
  8.7282E-14
  3.8314E-14
  3.2469E-14
  8.7276E-15
  7.3430E-15
 -1.1661E-15
 -1.0965E-15
 -2.8593E-15
 -2.5386E-15
 -2.1164E-15
 -1.8847E-15
 -1.1273E-15
 -1.0127E-15
 -4.5422E-16
 -4.1250E-16
 -1.0705E-16
 -9.9343E-17
  0.0000E+00
  0.0000E+00
 -5.6152E-09
 -5.3322E-09
 -1.5985E-09
 -1.7767E-09
  1.8977E-09
  1.9616E-09
  1.4936E-09
  1.4680E-09
  7.1962E-10
  7.1812E-10
  2.6495E-10
  2.6489E-10
  6.4036E-11
  6.4044E-11
 -2.2165E-12
 -2.1845E-12
 -1.4053E-11
 -1.4049E-11
 -1.0326E-11
 -1.0326E-11
 -5.1888E-12
 -5.1889E-12
 -1.9783E-12
 -1.9783E-12
 -5.1382E-13
 -5.1382E-13
 -1.3121E-14
 -1.3121E-14
  8.7443E-14
  8.7443E-14
  6.8001E-14
  6.8001E-14
  3.4000E-14
  3.4000E-14
  1.2008E-14
  1.2008E-14
  1.9808E-15
  1.9810E-15
 -1.2469E-15
 -1.2468E-15
 -1.6184E-15
 -1.6182E-15
 -1.1526E-15
 -1.1525E-15
 -6.3245E-16
 -6.3236E-16
 -2.6696E-16
 -2.6691E-16
 -6.6245E-17
 -6.6220E-17
  0.0000E+00
  0.0000E+00
 -5.8016E-09
 -1.7779E-09
  2.1467E-09
  1.5198E-09
  7.1880E-10
  2.6367E-10
  6.3659E-11
 -2.2627E-12
 -1.4051E-11
 -1.0323E-11
 -5.1880E-12
 -1.9782E-12
 -5.1382E-13
 -1.3126E-14
  8.7442E-14
  6.8001E-14
  3.4001E-14
  1.2009E-14
  1.9812E-15
 -1.2466E-15
 -1.6181E-15
 -1.1524E-15
 -6.3228E-16
 -2.6686E-16
 -6.6198E-17
  0.0000E+00
 -5.8016E-09
 -1.7779E-09
  2.1467E-09
  1.5198E-09
  7.1880E-10
  2.6367E-10
  6.3659E-11
 -2.2627E-12
 -1.4051E-11
 -1.0323E-11
 -5.1880E-12
 -1.9782E-12
 -5.1382E-13
 -1.3126E-14
  8.7442E-14
  6.8001E-14
  3.4001E-14
  1.2009E-14
  1.9814E-15
 -1.2464E-15
 -1.6180E-15
 -1.1523E-15
 -6.3221E-16
 -2.6681E-16
 -6.6177E-17
  0.0000E+00
 -5.3322E-09
 -1.7767E-09
  1.9616E-09
  1.4680E-09
  7.1812E-10
  2.6489E-10
  6.4044E-11
 -2.1845E-12
 -1.4049E-11
 -1.0326E-11
 -5.1889E-12
 -1.9783E-12
 -5.1382E-13
 -1.3120E-14
  8.7444E-14
  6.8002E-14
  3.4001E-14
  1.2009E-14
  1.9816E-15
 -1.2463E-15
 -1.6179E-15
 -1.1522E-15
 -6.3214E-16
 -2.6675E-16
 -6.6151E-17
  0.0000E+00
 -5.6152E-09
 -1.5985E-09
  1.8977E-09
  1.4936E-09
  7.1962E-10
  2.6495E-10
  6.4036E-11
 -2.2165E-12
 -1.4053E-11
 -1.0326E-11
 -5.1888E-12
 -1.9783E-12
 -5.1381E-13
 -1.3119E-14
  8.7444E-14
  6.8002E-14
  3.4001E-14
  1.2009E-14
  1.9818E-15
 -1.2461E-15
 -1.6177E-15
 -1.1521E-15
 -6.3206E-16
 -2.6671E-16
 -6.6118E-17
  0.0000E+00
  5.6151E-09
  5.3321E-09
  1.5985E-09
  1.7766E-09
 -1.8978E-09
 -1.9616E-09
 -1.4937E-09
 -1.4680E-09
 -7.1966E-10
 -7.1816E-10
 -2.6498E-10
 -2.6492E-10
 -6.4065E-11
 -6.4074E-11
  2.1901E-12
  2.1581E-12
  1.4030E-11
  1.4026E-11
  1.0305E-11
  1.0305E-11
  5.1704E-12
  5.1705E-12
  1.9623E-12
  1.9623E-12
  5.0005E-13
  5.0006E-13
  1.3889E-15
  1.3897E-15
 -9.7301E-14
 -9.7300E-14
 -7.6147E-14
 -7.6147E-14
 -4.0599E-14
 -4.0599E-14
 -1.7222E-14
 -1.7222E-14
 -5.9724E-15
 -5.9722E-15
 -1.6856E-15
 -1.6854E-15
 -4.1801E-16
 -4.1786E-16
 -1.5065E-16
 -1.5055E-16
 -1.0061E-16
 -1.0053E-16
 -5.8833E-17
 -5.8785E-17
 -1.5206E-17
 -1.5183E-17
  0.0000E+00
  0.0000E+00
  5.8016E-09
  1.7778E-09
 -2.1467E-09
 -1.5199E-09
 -7.1884E-10
 -2.6371E-10
 -6.3688E-11
  2.2363E-12
  1.4028E-11
  1.0302E-11
  5.1697E-12
  1.9622E-12
  5.0005E-13
  1.3955E-15
 -9.7298E-14
 -7.6147E-14
 -4.0598E-14
 -1.7221E-14
 -5.9720E-15
 -1.6852E-15
 -4.1773E-16
 -1.5043E-16
 -1.0045E-16
 -5.8737E-17
 -1.5157E-17
  0.0000E+00
  5.8016E-09
  1.7778E-09
 -2.1467E-09
 -1.5199E-09
 -7.1884E-10
 -2.6371E-10
 -6.3688E-11
  2.2363E-12
  1.4028E-11
  1.0302E-11
  5.1697E-12
  1.9622E-12
  5.0005E-13
  1.3959E-15
 -9.7298E-14
 -7.6146E-14
 -4.0598E-14
 -1.7221E-14
 -5.9718E-15
 -1.6851E-15
 -4.1759E-16
 -1.5031E-16
 -1.0038E-16
 -5.8689E-17
 -1.5131E-17
  0.0000E+00
  5.3321E-09
  1.7766E-09
 -1.9616E-09
 -1.4680E-09
 -7.1816E-10
 -2.6492E-10
 -6.4074E-11
  2.1581E-12
  1.4026E-11
  1.0305E-11
  5.1705E-12
  1.9623E-12
  5.0006E-13
  1.3907E-15
 -9.7300E-14
 -7.6146E-14
 -4.0598E-14
 -1.7221E-14
 -5.9716E-15
 -1.6849E-15
 -4.1745E-16
 -1.5022E-16
 -1.0030E-16
 -5.8636E-17
 -1.5108E-17
  0.0000E+00
  5.6151E-09
  1.5985E-09
 -1.8978E-09
 -1.4937E-09
 -7.1966E-10
 -2.6498E-10
 -6.4065E-11
  2.1901E-12
  1.4030E-11
  1.0305E-11
  5.1704E-12
  1.9623E-12
  5.0005E-13
  1.3906E-15
 -9.7299E-14
 -7.6146E-14
 -4.0598E-14
 -1.7221E-14
 -5.9714E-15
 -1.6847E-15
 -4.1731E-16
 -1.5011E-16
 -1.0021E-16
 -5.8589E-17
 -1.5085E-17
  0.0000E+00
  2.1219E-08
  2.3882E-08
  5.0306E-10
 -8.3568E-10
 -5.0828E-09
 -5.0867E-09
 -3.5943E-09
 -3.5856E-09
 -1.7386E-09
 -1.7374E-09
 -6.3498E-10
 -6.3382E-10
 -1.4921E-10
 -1.4910E-10
  8.4405E-12
  8.4310E-12
  3.5234E-11
  3.5227E-11
  2.5313E-11
  2.5311E-11
  1.2555E-11
  1.2555E-11
  4.7136E-12
  4.7136E-12
  1.1786E-12
  1.1786E-12
 -1.0951E-14
 -1.0947E-14
 -2.3781E-13
 -2.3780E-13
 -1.8126E-13
 -1.8126E-13
 -9.3880E-14
 -9.3879E-14
 -3.7681E-14
 -3.7681E-14
 -1.1334E-14
 -1.1333E-14
 -1.8352E-15
 -1.8350E-15
  5.0288E-16
  5.0301E-16
  5.8198E-16
  5.8210E-16
  2.8000E-16
  2.8008E-16
  8.6964E-17
  8.7011E-17
  1.8013E-17
  1.8021E-17
  0.0000E+00
  0.0000E+00
  2.5926E-08
 -1.2359E-09
 -5.6263E-09
 -3.6704E-09
 -1.7384E-09
 -6.3123E-10
 -1.4816E-10
  8.5840E-12
  3.5229E-11
  2.5305E-11
  1.2553E-11
  4.7134E-12
  1.1786E-12
 -1.0934E-14
 -2.3780E-13
 -1.8126E-13
 -9.3879E-14
 -3.7681E-14
 -1.1333E-14
 -1.8349E-15
  5.0316E-16
  5.8221E-16
  2.8015E-16
  8.7063E-17
  1.8042E-17
  0.0000E+00
  2.5926E-08
 -1.2359E-09
 -5.6263E-09
 -3.6704E-09
 -1.7384E-09
 -6.3123E-10
 -1.4816E-10
  8.5840E-12
  3.5229E-11
  2.5305E-11
  1.2553E-11
  4.7134E-12
  1.1786E-12
 -1.0933E-14
 -2.3780E-13
 -1.8126E-13
 -9.3879E-14
 -3.7681E-14
 -1.1333E-14
 -1.8347E-15
  5.0329E-16
  5.8232E-16
  2.8023E-16
  8.7111E-17
  1.8064E-17
  0.0000E+00
  2.3882E-08
 -8.3568E-10
 -5.0867E-09
 -3.5856E-09
 -1.7374E-09
 -6.3382E-10
 -1.4910E-10
  8.4310E-12
  3.5227E-11
  2.5311E-11
  1.2555E-11
  4.7136E-12
  1.1786E-12
 -1.0946E-14
 -2.3780E-13
 -1.8126E-13
 -9.3879E-14
 -3.7681E-14
 -1.1333E-14
 -1.8345E-15
  5.0343E-16
  5.8244E-16
  2.8032E-16
  8.7152E-17
  1.8091E-17
  0.0000E+00
  2.1219E-08
  5.0306E-10
 -5.0828E-09
 -3.5943E-09
 -1.7386E-09
 -6.3498E-10
 -1.4921E-10
  8.4405E-12
  3.5234E-11
  2.5313E-11
  1.2555E-11
  4.7136E-12
  1.1786E-12
 -1.0949E-14
 -2.3780E-13
 -1.8126E-13
 -9.3878E-14
 -3.7680E-14
 -1.1333E-14
 -1.8344E-15
  5.0358E-16
  5.8256E-16
  2.8040E-16
  8.7197E-17
  1.8108E-17
  0.0000E+00
  3.1209E-08
  3.7101E-08
 -2.1908E-09
 -5.2246E-09
 -6.3700E-09
 -6.2502E-09
 -4.2012E-09
 -4.2353E-09
 -2.0380E-09
 -2.0384E-09
 -7.4000E-10
 -7.3783E-10
 -1.7029E-10
 -1.7007E-10
  1.2487E-11
  1.2533E-11
  4.2397E-11
  4.2392E-11
  3.0005E-11
  3.0001E-11
  1.4761E-11
  1.4760E-11
  5.4947E-12
  5.4946E-12
  1.3501E-12
  1.3501E-12
 -3.0546E-14
 -3.0539E-14
 -2.8594E-13
 -2.8594E-13
 -2.1430E-13
 -2.1430E-13
 -1.0986E-13
 -1.0986E-13
 -4.3526E-14
 -4.3526E-14
 -1.2718E-14
 -1.2718E-14
 -1.7655E-15
 -1.7654E-15
  8.2358E-16
  8.2374E-16
  8.1364E-16
  8.1377E-16
  3.9469E-16
  3.9476E-16
  1.2870E-16
  1.2874E-16
  2.5710E-17
  2.5708E-17
  0.0000E+00
  0.0000E+00
  4.0249E-08
 -6.0274E-09
 -6.9592E-09
 -4.3012E-09
 -2.0391E-09
 -7.3505E-10
 -1.6896E-10
  1.2682E-11
  4.2392E-11
  2.9994E-11
  1.4758E-11
  5.4943E-12
  1.3501E-12
 -3.0524E-14
 -2.8593E-13
 -2.1430E-13
 -1.0986E-13
 -4.3526E-14
 -1.2718E-14
 -1.7652E-15
  8.2384E-16
  8.1388E-16
  3.9484E-16
  1.2880E-16
  2.5718E-17
  0.0000E+00
  4.0249E-08
 -6.0274E-09
 -6.9592E-09
 -4.3012E-09
 -2.0391E-09
 -7.3505E-10
 -1.6896E-10
  1.2682E-11
  4.2392E-11
  2.9994E-11
  1.4758E-11
  5.4943E-12
  1.3501E-12
 -3.0523E-14
 -2.8593E-13
 -2.1430E-13
 -1.0986E-13
 -4.3526E-14
 -1.2718E-14
 -1.7650E-15
  8.2397E-16
  8.1400E-16
  3.9492E-16
  1.2886E-16
  2.5740E-17
  0.0000E+00
  3.7101E-08
 -5.2246E-09
 -6.2502E-09
 -4.2353E-09
 -2.0384E-09
 -7.3783E-10
 -1.7007E-10
  1.2533E-11
  4.2392E-11
  3.0001E-11
  1.4760E-11
  5.4946E-12
  1.3501E-12
 -3.0538E-14
 -2.8594E-13
 -2.1430E-13
 -1.0986E-13
 -4.3525E-14
 -1.2717E-14
 -1.7649E-15
  8.2416E-16
  8.1412E-16
  3.9501E-16
  1.2888E-16
  2.5774E-17
  0.0000E+00
  3.1209E-08
 -2.1908E-09
 -6.3700E-09
 -4.2012E-09
 -2.0380E-09
 -7.4000E-10
 -1.7029E-10
  1.2487E-11
  4.2397E-11
  3.0005E-11
  1.4761E-11
  5.4947E-12
  1.3501E-12
 -3.0544E-14
 -2.8594E-13
 -2.1430E-13
 -1.0986E-13
 -4.3525E-14
 -1.2717E-14
 -1.7647E-15
  8.2427E-16
  8.1426E-16
  3.9508E-16
  1.2892E-16
  2.5784E-17
  0.0000E+00
