Scalar DZ under Static for NODALGROUP 1: NODENUMBER X0  Y0  Z0  RESULT-1 RESULT-2 ... RESULT-N
936
   0.0000E+00
 1  0.0000E+00  0.0000E+00  0.0000E+00  0.0000E+00
 2  2.0000E-02  0.0000E+00  0.0000E+00  0.0000E+00
 3  0.0000E+00  2.0000E-02  0.0000E+00  0.0000E+00
 4  2.0000E-02  2.0000E-02  0.0000E+00  0.0000E+00
 5  0.0000E+00  0.0000E+00  2.0000E-02  2.4000E-05
 6  2.0000E-02  0.0000E+00  2.0000E-02  2.4000E-05
 7  0.0000E+00  2.0000E-02  2.0000E-02  2.4000E-05
 8  2.0000E-02  2.0000E-02  2.0000E-02  2.4000E-05
 9  0.0000E+00  0.0000E+00  4.0000E-02  4.8000E-05
 10  2.0000E-02  0.0000E+00  4.0000E-02  4.8000E-05
 11  0.0000E+00  2.0000E-02  4.0000E-02  4.8000E-05
 12  2.0000E-02  2.0000E-02  4.0000E-02  4.8000E-05
 13  0.0000E+00  0.0000E+00  6.0000E-02  7.2000E-05
 14  2.0000E-02  0.0000E+00  6.0000E-02  7.2000E-05
 15  0.0000E+00  2.0000E-02  6.0000E-02  7.2000E-05
 16  2.0000E-02  2.0000E-02  6.0000E-02  7.2000E-05
 17  0.0000E+00  0.0000E+00  8.0000E-02  9.6000E-05
 18  2.0000E-02  0.0000E+00  8.0000E-02  9.6000E-05
 19  0.0000E+00  2.0000E-02  8.0000E-02  9.6000E-05
 20  2.0000E-02  2.0000E-02  8.0000E-02  9.6000E-05
 21  0.0000E+00  0.0000E+00  1.0000E-01  1.2000E-04
 22  2.0000E-02  0.0000E+00  1.0000E-01  1.2000E-04
 23  0.0000E+00  2.0000E-02  1.0000E-01  1.2000E-04
 24  2.0000E-02  2.0000E-02  1.0000E-01  1.2000E-04
 25  0.0000E+00  0.0000E+00  1.2000E-01  1.4400E-04
 26  2.0000E-02  0.0000E+00  1.2000E-01  1.4400E-04
 27  0.0000E+00  2.0000E-02  1.2000E-01  1.4400E-04
 28  2.0000E-02  2.0000E-02  1.2000E-01  1.4400E-04
 29  0.0000E+00  0.0000E+00  1.4000E-01  1.6800E-04
 30  2.0000E-02  0.0000E+00  1.4000E-01  1.6800E-04
 31  0.0000E+00  2.0000E-02  1.4000E-01  1.6800E-04
 32  2.0000E-02  2.0000E-02  1.4000E-01  1.6800E-04
 33  0.0000E+00  0.0000E+00  1.6000E-01  1.9200E-04
 34  2.0000E-02  0.0000E+00  1.6000E-01  1.9200E-04
 35  0.0000E+00  2.0000E-02  1.6000E-01  1.9200E-04
 36  2.0000E-02  2.0000E-02  1.6000E-01  1.9200E-04
 37  0.0000E+00  0.0000E+00  1.8000E-01  2.1600E-04
 38  2.0000E-02  0.0000E+00  1.8000E-01  2.1600E-04
 39  0.0000E+00  2.0000E-02  1.8000E-01  2.1600E-04
 40  2.0000E-02  2.0000E-02  1.8000E-01  2.1600E-04
 41  0.0000E+00  0.0000E+00  2.0000E-01  2.4000E-04
 42  2.0000E-02  0.0000E+00  2.0000E-01  2.4000E-04
 43  0.0000E+00  2.0000E-02  2.0000E-01  2.4000E-04
 44  2.0000E-02  2.0000E-02  2.0000E-01  2.4000E-04
 45  0.0000E+00  0.0000E+00  2.2000E-01  2.6400E-04
 46  2.0000E-02  0.0000E+00  2.2000E-01  2.6400E-04
 47  0.0000E+00  2.0000E-02  2.2000E-01  2.6400E-04
 48  2.0000E-02  2.0000E-02  2.2000E-01  2.6400E-04
 49  0.0000E+00  0.0000E+00  2.4000E-01  2.8800E-04
 50  2.0000E-02  0.0000E+00  2.4000E-01  2.8800E-04
 51  0.0000E+00  2.0000E-02  2.4000E-01  2.8800E-04
 52  2.0000E-02  2.0000E-02  2.4000E-01  2.8800E-04
 53  0.0000E+00  0.0000E+00  2.6000E-01  3.1200E-04
 54  2.0000E-02  0.0000E+00  2.6000E-01  3.1200E-04
 55  0.0000E+00  2.0000E-02  2.6000E-01  3.1200E-04
 56  2.0000E-02  2.0000E-02  2.6000E-01  3.1200E-04
 57  0.0000E+00  0.0000E+00  2.8000E-01  3.3600E-04
 58  2.0000E-02  0.0000E+00  2.8000E-01  3.3600E-04
 59  0.0000E+00  2.0000E-02  2.8000E-01  3.3600E-04
 60  2.0000E-02  2.0000E-02  2.8000E-01  3.3600E-04
 61  0.0000E+00  0.0000E+00  3.0000E-01  3.6000E-04
 62  2.0000E-02  0.0000E+00  3.0000E-01  3.6000E-04
 63  0.0000E+00  2.0000E-02  3.0000E-01  3.6000E-04
 64  2.0000E-02  2.0000E-02  3.0000E-01  3.6000E-04
 65  0.0000E+00  0.0000E+00  3.2000E-01  3.8400E-04
 66  2.0000E-02  0.0000E+00  3.2000E-01  3.8400E-04
 67  0.0000E+00  2.0000E-02  3.2000E-01  3.8400E-04
 68  2.0000E-02  2.0000E-02  3.2000E-01  3.8400E-04
 69  0.0000E+00  0.0000E+00  3.4000E-01  4.0800E-04
 70  2.0000E-02  0.0000E+00  3.4000E-01  4.0800E-04
 71  0.0000E+00  2.0000E-02  3.4000E-01  4.0800E-04
 72  2.0000E-02  2.0000E-02  3.4000E-01  4.0800E-04
 73  0.0000E+00  0.0000E+00  3.6000E-01  4.3200E-04
 74  2.0000E-02  0.0000E+00  3.6000E-01  4.3200E-04
 75  0.0000E+00  2.0000E-02  3.6000E-01  4.3200E-04
 76  2.0000E-02  2.0000E-02  3.6000E-01  4.3200E-04
 77  0.0000E+00  0.0000E+00  3.8000E-01  4.5600E-04
 78  2.0000E-02  0.0000E+00  3.8000E-01  4.5600E-04
 79  0.0000E+00  2.0000E-02  3.8000E-01  4.5600E-04
 80  2.0000E-02  2.0000E-02  3.8000E-01  4.5600E-04
 81  0.0000E+00  0.0000E+00  4.0000E-01  4.8000E-04
 82  2.0000E-02  0.0000E+00  4.0000E-01  4.8000E-04
 83  0.0000E+00  2.0000E-02  4.0000E-01  4.8000E-04
 84  2.0000E-02  2.0000E-02  4.0000E-01  4.8000E-04
 85  0.0000E+00  0.0000E+00  4.2000E-01  5.0400E-04
 86  2.0000E-02  0.0000E+00  4.2000E-01  5.0400E-04
 87  0.0000E+00  2.0000E-02  4.2000E-01  5.0400E-04
 88  2.0000E-02  2.0000E-02  4.2000E-01  5.0400E-04
 89  0.0000E+00  0.0000E+00  4.4000E-01  5.2800E-04
 90  2.0000E-02  0.0000E+00  4.4000E-01  5.2800E-04
 91  0.0000E+00  2.0000E-02  4.4000E-01  5.2800E-04
 92  2.0000E-02  2.0000E-02  4.4000E-01  5.2800E-04
 93  0.0000E+00  0.0000E+00  4.6000E-01  5.5200E-04
 94  2.0000E-02  0.0000E+00  4.6000E-01  5.5200E-04
 95  0.0000E+00  2.0000E-02  4.6000E-01  5.5200E-04
 96  2.0000E-02  2.0000E-02  4.6000E-01  5.5200E-04
 97  0.0000E+00  0.0000E+00  4.8000E-01  5.7600E-04
 98  2.0000E-02  0.0000E+00  4.8000E-01  5.7600E-04
 99  0.0000E+00  2.0000E-02  4.8000E-01  5.7600E-04
 100  2.0000E-02  2.0000E-02  4.8000E-01  5.7600E-04
 101  0.0000E+00  0.0000E+00  5.0000E-01  6.0000E-04
 102  2.0000E-02  0.0000E+00  5.0000E-01  6.0000E-04
 103  0.0000E+00  2.0000E-02  5.0000E-01  6.0000E-04
 104  2.0000E-02  2.0000E-02  5.0000E-01  6.0000E-04
 105  0.0000E+00  4.0000E-02  0.0000E+00  0.0000E+00
 106  2.0000E-02  4.0000E-02  0.0000E+00  0.0000E+00
 107  0.0000E+00  4.0000E-02  2.0000E-02  2.4000E-05
 108  2.0000E-02  4.0000E-02  2.0000E-02  2.4000E-05
 109  0.0000E+00  4.0000E-02  4.0000E-02  4.8000E-05
 110  2.0000E-02  4.0000E-02  4.0000E-02  4.8000E-05
 111  0.0000E+00  4.0000E-02  6.0000E-02  7.2000E-05
 112  2.0000E-02  4.0000E-02  6.0000E-02  7.2000E-05
 113  0.0000E+00  4.0000E-02  8.0000E-02  9.6000E-05
 114  2.0000E-02  4.0000E-02  8.0000E-02  9.6000E-05
 115  0.0000E+00  4.0000E-02  1.0000E-01  1.2000E-04
 116  2.0000E-02  4.0000E-02  1.0000E-01  1.2000E-04
 117  0.0000E+00  4.0000E-02  1.2000E-01  1.4400E-04
 118  2.0000E-02  4.0000E-02  1.2000E-01  1.4400E-04
 119  0.0000E+00  4.0000E-02  1.4000E-01  1.6800E-04
 120  2.0000E-02  4.0000E-02  1.4000E-01  1.6800E-04
 121  0.0000E+00  4.0000E-02  1.6000E-01  1.9200E-04
 122  2.0000E-02  4.0000E-02  1.6000E-01  1.9200E-04
 123  0.0000E+00  4.0000E-02  1.8000E-01  2.1600E-04
 124  2.0000E-02  4.0000E-02  1.8000E-01  2.1600E-04
 125  0.0000E+00  4.0000E-02  2.0000E-01  2.4000E-04
 126  2.0000E-02  4.0000E-02  2.0000E-01  2.4000E-04
 127  0.0000E+00  4.0000E-02  2.2000E-01  2.6400E-04
 128  2.0000E-02  4.0000E-02  2.2000E-01  2.6400E-04
 129  0.0000E+00  4.0000E-02  2.4000E-01  2.8800E-04
 130  2.0000E-02  4.0000E-02  2.4000E-01  2.8800E-04
 131  0.0000E+00  4.0000E-02  2.6000E-01  3.1200E-04
 132  2.0000E-02  4.0000E-02  2.6000E-01  3.1200E-04
 133  0.0000E+00  4.0000E-02  2.8000E-01  3.3600E-04
 134  2.0000E-02  4.0000E-02  2.8000E-01  3.3600E-04
 135  0.0000E+00  4.0000E-02  3.0000E-01  3.6000E-04
 136  2.0000E-02  4.0000E-02  3.0000E-01  3.6000E-04
 137  0.0000E+00  4.0000E-02  3.2000E-01  3.8400E-04
 138  2.0000E-02  4.0000E-02  3.2000E-01  3.8400E-04
 139  0.0000E+00  4.0000E-02  3.4000E-01  4.0800E-04
 140  2.0000E-02  4.0000E-02  3.4000E-01  4.0800E-04
 141  0.0000E+00  4.0000E-02  3.6000E-01  4.3200E-04
 142  2.0000E-02  4.0000E-02  3.6000E-01  4.3200E-04
 143  0.0000E+00  4.0000E-02  3.8000E-01  4.5600E-04
 144  2.0000E-02  4.0000E-02  3.8000E-01  4.5600E-04
 145  0.0000E+00  4.0000E-02  4.0000E-01  4.8000E-04
 146  2.0000E-02  4.0000E-02  4.0000E-01  4.8000E-04
 147  0.0000E+00  4.0000E-02  4.2000E-01  5.0400E-04
 148  2.0000E-02  4.0000E-02  4.2000E-01  5.0400E-04
 149  0.0000E+00  4.0000E-02  4.4000E-01  5.2800E-04
 150  2.0000E-02  4.0000E-02  4.4000E-01  5.2800E-04
 151  0.0000E+00  4.0000E-02  4.6000E-01  5.5200E-04
 152  2.0000E-02  4.0000E-02  4.6000E-01  5.5200E-04
 153  0.0000E+00  4.0000E-02  4.8000E-01  5.7600E-04
 154  2.0000E-02  4.0000E-02  4.8000E-01  5.7600E-04
 155  0.0000E+00  4.0000E-02  5.0000E-01  6.0000E-04
 156  2.0000E-02  4.0000E-02  5.0000E-01  6.0000E-04
 157  0.0000E+00  6.0000E-02  0.0000E+00  0.0000E+00
 158  2.0000E-02  6.0000E-02  0.0000E+00  0.0000E+00
 159  0.0000E+00  6.0000E-02  2.0000E-02  2.4000E-05
 160  2.0000E-02  6.0000E-02  2.0000E-02  2.4000E-05
 161  0.0000E+00  6.0000E-02  4.0000E-02  4.8000E-05
 162  2.0000E-02  6.0000E-02  4.0000E-02  4.8000E-05
 163  0.0000E+00  6.0000E-02  6.0000E-02  7.2000E-05
 164  2.0000E-02  6.0000E-02  6.0000E-02  7.2000E-05
 165  0.0000E+00  6.0000E-02  8.0000E-02  9.6000E-05
 166  2.0000E-02  6.0000E-02  8.0000E-02  9.6000E-05
 167  0.0000E+00  6.0000E-02  1.0000E-01  1.2000E-04
 168  2.0000E-02  6.0000E-02  1.0000E-01  1.2000E-04
 169  0.0000E+00  6.0000E-02  1.2000E-01  1.4400E-04
 170  2.0000E-02  6.0000E-02  1.2000E-01  1.4400E-04
 171  0.0000E+00  6.0000E-02  1.4000E-01  1.6800E-04
 172  2.0000E-02  6.0000E-02  1.4000E-01  1.6800E-04
 173  0.0000E+00  6.0000E-02  1.6000E-01  1.9200E-04
 174  2.0000E-02  6.0000E-02  1.6000E-01  1.9200E-04
 175  0.0000E+00  6.0000E-02  1.8000E-01  2.1600E-04
 176  2.0000E-02  6.0000E-02  1.8000E-01  2.1600E-04
 177  0.0000E+00  6.0000E-02  2.0000E-01  2.4000E-04
 178  2.0000E-02  6.0000E-02  2.0000E-01  2.4000E-04
 179  0.0000E+00  6.0000E-02  2.2000E-01  2.6400E-04
 180  2.0000E-02  6.0000E-02  2.2000E-01  2.6400E-04
 181  0.0000E+00  6.0000E-02  2.4000E-01  2.8800E-04
 182  2.0000E-02  6.0000E-02  2.4000E-01  2.8800E-04
 183  0.0000E+00  6.0000E-02  2.6000E-01  3.1200E-04
 184  2.0000E-02  6.0000E-02  2.6000E-01  3.1200E-04
 185  0.0000E+00  6.0000E-02  2.8000E-01  3.3600E-04
 186  2.0000E-02  6.0000E-02  2.8000E-01  3.3600E-04
 187  0.0000E+00  6.0000E-02  3.0000E-01  3.6000E-04
 188  2.0000E-02  6.0000E-02  3.0000E-01  3.6000E-04
 189  0.0000E+00  6.0000E-02  3.2000E-01  3.8400E-04
 190  2.0000E-02  6.0000E-02  3.2000E-01  3.8400E-04
 191  0.0000E+00  6.0000E-02  3.4000E-01  4.0800E-04
 192  2.0000E-02  6.0000E-02  3.4000E-01  4.0800E-04
 193  0.0000E+00  6.0000E-02  3.6000E-01  4.3200E-04
 194  2.0000E-02  6.0000E-02  3.6000E-01  4.3200E-04
 195  0.0000E+00  6.0000E-02  3.8000E-01  4.5600E-04
 196  2.0000E-02  6.0000E-02  3.8000E-01  4.5600E-04
 197  0.0000E+00  6.0000E-02  4.0000E-01  4.8000E-04
 198  2.0000E-02  6.0000E-02  4.0000E-01  4.8000E-04
 199  0.0000E+00  6.0000E-02  4.2000E-01  5.0400E-04
 200  2.0000E-02  6.0000E-02  4.2000E-01  5.0400E-04
 201  0.0000E+00  6.0000E-02  4.4000E-01  5.2800E-04
 202  2.0000E-02  6.0000E-02  4.4000E-01  5.2800E-04
 203  0.0000E+00  6.0000E-02  4.6000E-01  5.5200E-04
 204  2.0000E-02  6.0000E-02  4.6000E-01  5.5200E-04
 205  0.0000E+00  6.0000E-02  4.8000E-01  5.7600E-04
 206  2.0000E-02  6.0000E-02  4.8000E-01  5.7600E-04
 207  0.0000E+00  6.0000E-02  5.0000E-01  6.0000E-04
 208  2.0000E-02  6.0000E-02  5.0000E-01  6.0000E-04
 209  0.0000E+00  8.0000E-02  0.0000E+00  0.0000E+00
 210  2.0000E-02  8.0000E-02  0.0000E+00  0.0000E+00
 211  0.0000E+00  8.0000E-02  2.0000E-02  2.4000E-05
 212  2.0000E-02  8.0000E-02  2.0000E-02  2.4000E-05
 213  0.0000E+00  8.0000E-02  4.0000E-02  4.8000E-05
 214  2.0000E-02  8.0000E-02  4.0000E-02  4.8000E-05
 215  0.0000E+00  8.0000E-02  6.0000E-02  7.2000E-05
 216  2.0000E-02  8.0000E-02  6.0000E-02  7.2000E-05
 217  0.0000E+00  8.0000E-02  8.0000E-02  9.6000E-05
 218  2.0000E-02  8.0000E-02  8.0000E-02  9.6000E-05
 219  0.0000E+00  8.0000E-02  1.0000E-01  1.2000E-04
 220  2.0000E-02  8.0000E-02  1.0000E-01  1.2000E-04
 221  0.0000E+00  8.0000E-02  1.2000E-01  1.4400E-04
 222  2.0000E-02  8.0000E-02  1.2000E-01  1.4400E-04
 223  0.0000E+00  8.0000E-02  1.4000E-01  1.6800E-04
 224  2.0000E-02  8.0000E-02  1.4000E-01  1.6800E-04
 225  0.0000E+00  8.0000E-02  1.6000E-01  1.9200E-04
 226  2.0000E-02  8.0000E-02  1.6000E-01  1.9200E-04
 227  0.0000E+00  8.0000E-02  1.8000E-01  2.1600E-04
 228  2.0000E-02  8.0000E-02  1.8000E-01  2.1600E-04
 229  0.0000E+00  8.0000E-02  2.0000E-01  2.4000E-04
 230  2.0000E-02  8.0000E-02  2.0000E-01  2.4000E-04
 231  0.0000E+00  8.0000E-02  2.2000E-01  2.6400E-04
 232  2.0000E-02  8.0000E-02  2.2000E-01  2.6400E-04
 233  0.0000E+00  8.0000E-02  2.4000E-01  2.8800E-04
 234  2.0000E-02  8.0000E-02  2.4000E-01  2.8800E-04
 235  0.0000E+00  8.0000E-02  2.6000E-01  3.1200E-04
 236  2.0000E-02  8.0000E-02  2.6000E-01  3.1200E-04
 237  0.0000E+00  8.0000E-02  2.8000E-01  3.3600E-04
 238  2.0000E-02  8.0000E-02  2.8000E-01  3.3600E-04
 239  0.0000E+00  8.0000E-02  3.0000E-01  3.6000E-04
 240  2.0000E-02  8.0000E-02  3.0000E-01  3.6000E-04
 241  0.0000E+00  8.0000E-02  3.2000E-01  3.8400E-04
 242  2.0000E-02  8.0000E-02  3.2000E-01  3.8400E-04
 243  0.0000E+00  8.0000E-02  3.4000E-01  4.0800E-04
 244  2.0000E-02  8.0000E-02  3.4000E-01  4.0800E-04
 245  0.0000E+00  8.0000E-02  3.6000E-01  4.3200E-04
 246  2.0000E-02  8.0000E-02  3.6000E-01  4.3200E-04
 247  0.0000E+00  8.0000E-02  3.8000E-01  4.5600E-04
 248  2.0000E-02  8.0000E-02  3.8000E-01  4.5600E-04
 249  0.0000E+00  8.0000E-02  4.0000E-01  4.8000E-04
 250  2.0000E-02  8.0000E-02  4.0000E-01  4.8000E-04
 251  0.0000E+00  8.0000E-02  4.2000E-01  5.0400E-04
 252  2.0000E-02  8.0000E-02  4.2000E-01  5.0400E-04
 253  0.0000E+00  8.0000E-02  4.4000E-01  5.2800E-04
 254  2.0000E-02  8.0000E-02  4.4000E-01  5.2800E-04
 255  0.0000E+00  8.0000E-02  4.6000E-01  5.5200E-04
 256  2.0000E-02  8.0000E-02  4.6000E-01  5.5200E-04
 257  0.0000E+00  8.0000E-02  4.8000E-01  5.7600E-04
 258  2.0000E-02  8.0000E-02  4.8000E-01  5.7600E-04
 259  0.0000E+00  8.0000E-02  5.0000E-01  6.0000E-04
 260  2.0000E-02  8.0000E-02  5.0000E-01  6.0000E-04
 261  0.0000E+00  1.0000E-01  0.0000E+00  0.0000E+00
 262  2.0000E-02  1.0000E-01  0.0000E+00  0.0000E+00
 263  0.0000E+00  1.0000E-01  2.0000E-02  2.4000E-05
 264  2.0000E-02  1.0000E-01  2.0000E-02  2.4000E-05
 265  0.0000E+00  1.0000E-01  4.0000E-02  4.8000E-05
 266  2.0000E-02  1.0000E-01  4.0000E-02  4.8000E-05
 267  0.0000E+00  1.0000E-01  6.0000E-02  7.2000E-05
 268  2.0000E-02  1.0000E-01  6.0000E-02  7.2000E-05
 269  0.0000E+00  1.0000E-01  8.0000E-02  9.6000E-05
 270  2.0000E-02  1.0000E-01  8.0000E-02  9.6000E-05
 271  0.0000E+00  1.0000E-01  1.0000E-01  1.2000E-04
 272  2.0000E-02  1.0000E-01  1.0000E-01  1.2000E-04
 273  0.0000E+00  1.0000E-01  1.2000E-01  1.4400E-04
 274  2.0000E-02  1.0000E-01  1.2000E-01  1.4400E-04
 275  0.0000E+00  1.0000E-01  1.4000E-01  1.6800E-04
 276  2.0000E-02  1.0000E-01  1.4000E-01  1.6800E-04
 277  0.0000E+00  1.0000E-01  1.6000E-01  1.9200E-04
 278  2.0000E-02  1.0000E-01  1.6000E-01  1.9200E-04
 279  0.0000E+00  1.0000E-01  1.8000E-01  2.1600E-04
 280  2.0000E-02  1.0000E-01  1.8000E-01  2.1600E-04
 281  0.0000E+00  1.0000E-01  2.0000E-01  2.4000E-04
 282  2.0000E-02  1.0000E-01  2.0000E-01  2.4000E-04
 283  0.0000E+00  1.0000E-01  2.2000E-01  2.6400E-04
 284  2.0000E-02  1.0000E-01  2.2000E-01  2.6400E-04
 285  0.0000E+00  1.0000E-01  2.4000E-01  2.8800E-04
 286  2.0000E-02  1.0000E-01  2.4000E-01  2.8800E-04
 287  0.0000E+00  1.0000E-01  2.6000E-01  3.1200E-04
 288  2.0000E-02  1.0000E-01  2.6000E-01  3.1200E-04
 289  0.0000E+00  1.0000E-01  2.8000E-01  3.3600E-04
 290  2.0000E-02  1.0000E-01  2.8000E-01  3.3600E-04
 291  0.0000E+00  1.0000E-01  3.0000E-01  3.6000E-04
 292  2.0000E-02  1.0000E-01  3.0000E-01  3.6000E-04
 293  0.0000E+00  1.0000E-01  3.2000E-01  3.8400E-04
 294  2.0000E-02  1.0000E-01  3.2000E-01  3.8400E-04
 295  0.0000E+00  1.0000E-01  3.4000E-01  4.0800E-04
 296  2.0000E-02  1.0000E-01  3.4000E-01  4.0800E-04
 297  0.0000E+00  1.0000E-01  3.6000E-01  4.3200E-04
 298  2.0000E-02  1.0000E-01  3.6000E-01  4.3200E-04
 299  0.0000E+00  1.0000E-01  3.8000E-01  4.5600E-04
 300  2.0000E-02  1.0000E-01  3.8000E-01  4.5600E-04
 301  0.0000E+00  1.0000E-01  4.0000E-01  4.8000E-04
 302  2.0000E-02  1.0000E-01  4.0000E-01  4.8000E-04
 303  0.0000E+00  1.0000E-01  4.2000E-01  5.0400E-04
 304  2.0000E-02  1.0000E-01  4.2000E-01  5.0400E-04
 305  0.0000E+00  1.0000E-01  4.4000E-01  5.2800E-04
 306  2.0000E-02  1.0000E-01  4.4000E-01  5.2800E-04
 307  0.0000E+00  1.0000E-01  4.6000E-01  5.5200E-04
 308  2.0000E-02  1.0000E-01  4.6000E-01  5.5200E-04
 309  0.0000E+00  1.0000E-01  4.8000E-01  5.7600E-04
 310  2.0000E-02  1.0000E-01  4.8000E-01  5.7600E-04
 311  0.0000E+00  1.0000E-01  5.0000E-01  6.0000E-04
 312  2.0000E-02  1.0000E-01  5.0000E-01  6.0000E-04
 313  4.0000E-02  0.0000E+00  0.0000E+00  0.0000E+00
 314  4.0000E-02  2.0000E-02  0.0000E+00  0.0000E+00
 315  4.0000E-02  0.0000E+00  2.0000E-02  2.4000E-05
 316  4.0000E-02  2.0000E-02  2.0000E-02  2.4000E-05
 317  4.0000E-02  0.0000E+00  4.0000E-02  4.8000E-05
 318  4.0000E-02  2.0000E-02  4.0000E-02  4.8000E-05
 319  4.0000E-02  0.0000E+00  6.0000E-02  7.2000E-05
 320  4.0000E-02  2.0000E-02  6.0000E-02  7.2000E-05
 321  4.0000E-02  0.0000E+00  8.0000E-02  9.6000E-05
 322  4.0000E-02  2.0000E-02  8.0000E-02  9.6000E-05
 323  4.0000E-02  0.0000E+00  1.0000E-01  1.2000E-04
 324  4.0000E-02  2.0000E-02  1.0000E-01  1.2000E-04
 325  4.0000E-02  0.0000E+00  1.2000E-01  1.4400E-04
 326  4.0000E-02  2.0000E-02  1.2000E-01  1.4400E-04
 327  4.0000E-02  0.0000E+00  1.4000E-01  1.6800E-04
 328  4.0000E-02  2.0000E-02  1.4000E-01  1.6800E-04
 329  4.0000E-02  0.0000E+00  1.6000E-01  1.9200E-04
 330  4.0000E-02  2.0000E-02  1.6000E-01  1.9200E-04
 331  4.0000E-02  0.0000E+00  1.8000E-01  2.1600E-04
 332  4.0000E-02  2.0000E-02  1.8000E-01  2.1600E-04
 333  4.0000E-02  0.0000E+00  2.0000E-01  2.4000E-04
 334  4.0000E-02  2.0000E-02  2.0000E-01  2.4000E-04
 335  4.0000E-02  0.0000E+00  2.2000E-01  2.6400E-04
 336  4.0000E-02  2.0000E-02  2.2000E-01  2.6400E-04
 337  4.0000E-02  0.0000E+00  2.4000E-01  2.8800E-04
 338  4.0000E-02  2.0000E-02  2.4000E-01  2.8800E-04
 339  4.0000E-02  0.0000E+00  2.6000E-01  3.1200E-04
 340  4.0000E-02  2.0000E-02  2.6000E-01  3.1200E-04
 341  4.0000E-02  0.0000E+00  2.8000E-01  3.3600E-04
 342  4.0000E-02  2.0000E-02  2.8000E-01  3.3600E-04
 343  4.0000E-02  0.0000E+00  3.0000E-01  3.6000E-04
 344  4.0000E-02  2.0000E-02  3.0000E-01  3.6000E-04
 345  4.0000E-02  0.0000E+00  3.2000E-01  3.8400E-04
 346  4.0000E-02  2.0000E-02  3.2000E-01  3.8400E-04
 347  4.0000E-02  0.0000E+00  3.4000E-01  4.0800E-04
 348  4.0000E-02  2.0000E-02  3.4000E-01  4.0800E-04
 349  4.0000E-02  0.0000E+00  3.6000E-01  4.3200E-04
 350  4.0000E-02  2.0000E-02  3.6000E-01  4.3200E-04
 351  4.0000E-02  0.0000E+00  3.8000E-01  4.5600E-04
 352  4.0000E-02  2.0000E-02  3.8000E-01  4.5600E-04
 353  4.0000E-02  0.0000E+00  4.0000E-01  4.8000E-04
 354  4.0000E-02  2.0000E-02  4.0000E-01  4.8000E-04
 355  4.0000E-02  0.0000E+00  4.2000E-01  5.0400E-04
 356  4.0000E-02  2.0000E-02  4.2000E-01  5.0400E-04
 357  4.0000E-02  0.0000E+00  4.4000E-01  5.2800E-04
 358  4.0000E-02  2.0000E-02  4.4000E-01  5.2800E-04
 359  4.0000E-02  0.0000E+00  4.6000E-01  5.5200E-04
 360  4.0000E-02  2.0000E-02  4.6000E-01  5.5200E-04
 361  4.0000E-02  0.0000E+00  4.8000E-01  5.7600E-04
 362  4.0000E-02  2.0000E-02  4.8000E-01  5.7600E-04
 363  4.0000E-02  0.0000E+00  5.0000E-01  6.0000E-04
 364  4.0000E-02  2.0000E-02  5.0000E-01  6.0000E-04
 365  4.0000E-02  4.0000E-02  0.0000E+00  0.0000E+00
 366  4.0000E-02  4.0000E-02  2.0000E-02  2.4000E-05
 367  4.0000E-02  4.0000E-02  4.0000E-02  4.8000E-05
 368  4.0000E-02  4.0000E-02  6.0000E-02  7.2000E-05
 369  4.0000E-02  4.0000E-02  8.0000E-02  9.6000E-05
 370  4.0000E-02  4.0000E-02  1.0000E-01  1.2000E-04
 371  4.0000E-02  4.0000E-02  1.2000E-01  1.4400E-04
 372  4.0000E-02  4.0000E-02  1.4000E-01  1.6800E-04
 373  4.0000E-02  4.0000E-02  1.6000E-01  1.9200E-04
 374  4.0000E-02  4.0000E-02  1.8000E-01  2.1600E-04
 375  4.0000E-02  4.0000E-02  2.0000E-01  2.4000E-04
 376  4.0000E-02  4.0000E-02  2.2000E-01  2.6400E-04
 377  4.0000E-02  4.0000E-02  2.4000E-01  2.8800E-04
 378  4.0000E-02  4.0000E-02  2.6000E-01  3.1200E-04
 379  4.0000E-02  4.0000E-02  2.8000E-01  3.3600E-04
 380  4.0000E-02  4.0000E-02  3.0000E-01  3.6000E-04
 381  4.0000E-02  4.0000E-02  3.2000E-01  3.8400E-04
 382  4.0000E-02  4.0000E-02  3.4000E-01  4.0800E-04
 383  4.0000E-02  4.0000E-02  3.6000E-01  4.3200E-04
 384  4.0000E-02  4.0000E-02  3.8000E-01  4.5600E-04
 385  4.0000E-02  4.0000E-02  4.0000E-01  4.8000E-04
 386  4.0000E-02  4.0000E-02  4.2000E-01  5.0400E-04
 387  4.0000E-02  4.0000E-02  4.4000E-01  5.2800E-04
 388  4.0000E-02  4.0000E-02  4.6000E-01  5.5200E-04
 389  4.0000E-02  4.0000E-02  4.8000E-01  5.7600E-04
 390  4.0000E-02  4.0000E-02  5.0000E-01  6.0000E-04
 391  4.0000E-02  6.0000E-02  0.0000E+00  0.0000E+00
 392  4.0000E-02  6.0000E-02  2.0000E-02  2.4000E-05
 393  4.0000E-02  6.0000E-02  4.0000E-02  4.8000E-05
 394  4.0000E-02  6.0000E-02  6.0000E-02  7.2000E-05
 395  4.0000E-02  6.0000E-02  8.0000E-02  9.6000E-05
 396  4.0000E-02  6.0000E-02  1.0000E-01  1.2000E-04
 397  4.0000E-02  6.0000E-02  1.2000E-01  1.4400E-04
 398  4.0000E-02  6.0000E-02  1.4000E-01  1.6800E-04
 399  4.0000E-02  6.0000E-02  1.6000E-01  1.9200E-04
 400  4.0000E-02  6.0000E-02  1.8000E-01  2.1600E-04
 401  4.0000E-02  6.0000E-02  2.0000E-01  2.4000E-04
 402  4.0000E-02  6.0000E-02  2.2000E-01  2.6400E-04
 403  4.0000E-02  6.0000E-02  2.4000E-01  2.8800E-04
 404  4.0000E-02  6.0000E-02  2.6000E-01  3.1200E-04
 405  4.0000E-02  6.0000E-02  2.8000E-01  3.3600E-04
 406  4.0000E-02  6.0000E-02  3.0000E-01  3.6000E-04
 407  4.0000E-02  6.0000E-02  3.2000E-01  3.8400E-04
 408  4.0000E-02  6.0000E-02  3.4000E-01  4.0800E-04
 409  4.0000E-02  6.0000E-02  3.6000E-01  4.3200E-04
 410  4.0000E-02  6.0000E-02  3.8000E-01  4.5600E-04
 411  4.0000E-02  6.0000E-02  4.0000E-01  4.8000E-04
 412  4.0000E-02  6.0000E-02  4.2000E-01  5.0400E-04
 413  4.0000E-02  6.0000E-02  4.4000E-01  5.2800E-04
 414  4.0000E-02  6.0000E-02  4.6000E-01  5.5200E-04
 415  4.0000E-02  6.0000E-02  4.8000E-01  5.7600E-04
 416  4.0000E-02  6.0000E-02  5.0000E-01  6.0000E-04
 417  4.0000E-02  8.0000E-02  0.0000E+00  0.0000E+00
 418  4.0000E-02  8.0000E-02  2.0000E-02  2.4000E-05
 419  4.0000E-02  8.0000E-02  4.0000E-02  4.8000E-05
 420  4.0000E-02  8.0000E-02  6.0000E-02  7.2000E-05
 421  4.0000E-02  8.0000E-02  8.0000E-02  9.6000E-05
 422  4.0000E-02  8.0000E-02  1.0000E-01  1.2000E-04
 423  4.0000E-02  8.0000E-02  1.2000E-01  1.4400E-04
 424  4.0000E-02  8.0000E-02  1.4000E-01  1.6800E-04
 425  4.0000E-02  8.0000E-02  1.6000E-01  1.9200E-04
 426  4.0000E-02  8.0000E-02  1.8000E-01  2.1600E-04
 427  4.0000E-02  8.0000E-02  2.0000E-01  2.4000E-04
 428  4.0000E-02  8.0000E-02  2.2000E-01  2.6400E-04
 429  4.0000E-02  8.0000E-02  2.4000E-01  2.8800E-04
 430  4.0000E-02  8.0000E-02  2.6000E-01  3.1200E-04
 431  4.0000E-02  8.0000E-02  2.8000E-01  3.3600E-04
 432  4.0000E-02  8.0000E-02  3.0000E-01  3.6000E-04
 433  4.0000E-02  8.0000E-02  3.2000E-01  3.8400E-04
 434  4.0000E-02  8.0000E-02  3.4000E-01  4.0800E-04
 435  4.0000E-02  8.0000E-02  3.6000E-01  4.3200E-04
 436  4.0000E-02  8.0000E-02  3.8000E-01  4.5600E-04
 437  4.0000E-02  8.0000E-02  4.0000E-01  4.8000E-04
 438  4.0000E-02  8.0000E-02  4.2000E-01  5.0400E-04
 439  4.0000E-02  8.0000E-02  4.4000E-01  5.2800E-04
 440  4.0000E-02  8.0000E-02  4.6000E-01  5.5200E-04
 441  4.0000E-02  8.0000E-02  4.8000E-01  5.7600E-04
 442  4.0000E-02  8.0000E-02  5.0000E-01  6.0000E-04
 443  4.0000E-02  1.0000E-01  0.0000E+00  0.0000E+00
 444  4.0000E-02  1.0000E-01  2.0000E-02  2.4000E-05
 445  4.0000E-02  1.0000E-01  4.0000E-02  4.8000E-05
 446  4.0000E-02  1.0000E-01  6.0000E-02  7.2000E-05
 447  4.0000E-02  1.0000E-01  8.0000E-02  9.6000E-05
 448  4.0000E-02  1.0000E-01  1.0000E-01  1.2000E-04
 449  4.0000E-02  1.0000E-01  1.2000E-01  1.4400E-04
 450  4.0000E-02  1.0000E-01  1.4000E-01  1.6800E-04
 451  4.0000E-02  1.0000E-01  1.6000E-01  1.9200E-04
 452  4.0000E-02  1.0000E-01  1.8000E-01  2.1600E-04
 453  4.0000E-02  1.0000E-01  2.0000E-01  2.4000E-04
 454  4.0000E-02  1.0000E-01  2.2000E-01  2.6400E-04
 455  4.0000E-02  1.0000E-01  2.4000E-01  2.8800E-04
 456  4.0000E-02  1.0000E-01  2.6000E-01  3.1200E-04
 457  4.0000E-02  1.0000E-01  2.8000E-01  3.3600E-04
 458  4.0000E-02  1.0000E-01  3.0000E-01  3.6000E-04
 459  4.0000E-02  1.0000E-01  3.2000E-01  3.8400E-04
 460  4.0000E-02  1.0000E-01  3.4000E-01  4.0800E-04
 461  4.0000E-02  1.0000E-01  3.6000E-01  4.3200E-04
 462  4.0000E-02  1.0000E-01  3.8000E-01  4.5600E-04
 463  4.0000E-02  1.0000E-01  4.0000E-01  4.8000E-04
 464  4.0000E-02  1.0000E-01  4.2000E-01  5.0400E-04
 465  4.0000E-02  1.0000E-01  4.4000E-01  5.2800E-04
 466  4.0000E-02  1.0000E-01  4.6000E-01  5.5200E-04
 467  4.0000E-02  1.0000E-01  4.8000E-01  5.7600E-04
 468  4.0000E-02  1.0000E-01  5.0000E-01  6.0000E-04
 469  6.0000E-02  0.0000E+00  0.0000E+00  0.0000E+00
 470  6.0000E-02  2.0000E-02  0.0000E+00  0.0000E+00
 471  6.0000E-02  0.0000E+00  2.0000E-02  2.4000E-05
 472  6.0000E-02  2.0000E-02  2.0000E-02  2.4000E-05
 473  6.0000E-02  0.0000E+00  4.0000E-02  4.8000E-05
 474  6.0000E-02  2.0000E-02  4.0000E-02  4.8000E-05
 475  6.0000E-02  0.0000E+00  6.0000E-02  7.2000E-05
 476  6.0000E-02  2.0000E-02  6.0000E-02  7.2000E-05
 477  6.0000E-02  0.0000E+00  8.0000E-02  9.6000E-05
 478  6.0000E-02  2.0000E-02  8.0000E-02  9.6000E-05
 479  6.0000E-02  0.0000E+00  1.0000E-01  1.2000E-04
 480  6.0000E-02  2.0000E-02  1.0000E-01  1.2000E-04
 481  6.0000E-02  0.0000E+00  1.2000E-01  1.4400E-04
 482  6.0000E-02  2.0000E-02  1.2000E-01  1.4400E-04
 483  6.0000E-02  0.0000E+00  1.4000E-01  1.6800E-04
 484  6.0000E-02  2.0000E-02  1.4000E-01  1.6800E-04
 485  6.0000E-02  0.0000E+00  1.6000E-01  1.9200E-04
 486  6.0000E-02  2.0000E-02  1.6000E-01  1.9200E-04
 487  6.0000E-02  0.0000E+00  1.8000E-01  2.1600E-04
 488  6.0000E-02  2.0000E-02  1.8000E-01  2.1600E-04
 489  6.0000E-02  0.0000E+00  2.0000E-01  2.4000E-04
 490  6.0000E-02  2.0000E-02  2.0000E-01  2.4000E-04
 491  6.0000E-02  0.0000E+00  2.2000E-01  2.6400E-04
 492  6.0000E-02  2.0000E-02  2.2000E-01  2.6400E-04
 493  6.0000E-02  0.0000E+00  2.4000E-01  2.8800E-04
 494  6.0000E-02  2.0000E-02  2.4000E-01  2.8800E-04
 495  6.0000E-02  0.0000E+00  2.6000E-01  3.1200E-04
 496  6.0000E-02  2.0000E-02  2.6000E-01  3.1200E-04
 497  6.0000E-02  0.0000E+00  2.8000E-01  3.3600E-04
 498  6.0000E-02  2.0000E-02  2.8000E-01  3.3600E-04
 499  6.0000E-02  0.0000E+00  3.0000E-01  3.6000E-04
 500  6.0000E-02  2.0000E-02  3.0000E-01  3.6000E-04
 501  6.0000E-02  0.0000E+00  3.2000E-01  3.8400E-04
 502  6.0000E-02  2.0000E-02  3.2000E-01  3.8400E-04
 503  6.0000E-02  0.0000E+00  3.4000E-01  4.0800E-04
 504  6.0000E-02  2.0000E-02  3.4000E-01  4.0800E-04
 505  6.0000E-02  0.0000E+00  3.6000E-01  4.3200E-04
 506  6.0000E-02  2.0000E-02  3.6000E-01  4.3200E-04
 507  6.0000E-02  0.0000E+00  3.8000E-01  4.5600E-04
 508  6.0000E-02  2.0000E-02  3.8000E-01  4.5600E-04
 509  6.0000E-02  0.0000E+00  4.0000E-01  4.8000E-04
 510  6.0000E-02  2.0000E-02  4.0000E-01  4.8000E-04
 511  6.0000E-02  0.0000E+00  4.2000E-01  5.0400E-04
 512  6.0000E-02  2.0000E-02  4.2000E-01  5.0400E-04
 513  6.0000E-02  0.0000E+00  4.4000E-01  5.2800E-04
 514  6.0000E-02  2.0000E-02  4.4000E-01  5.2800E-04
 515  6.0000E-02  0.0000E+00  4.6000E-01  5.5200E-04
 516  6.0000E-02  2.0000E-02  4.6000E-01  5.5200E-04
 517  6.0000E-02  0.0000E+00  4.8000E-01  5.7600E-04
 518  6.0000E-02  2.0000E-02  4.8000E-01  5.7600E-04
 519  6.0000E-02  0.0000E+00  5.0000E-01  6.0000E-04
 520  6.0000E-02  2.0000E-02  5.0000E-01  6.0000E-04
 521  6.0000E-02  4.0000E-02  0.0000E+00  0.0000E+00
 522  6.0000E-02  4.0000E-02  2.0000E-02  2.4000E-05
 523  6.0000E-02  4.0000E-02  4.0000E-02  4.8000E-05
 524  6.0000E-02  4.0000E-02  6.0000E-02  7.2000E-05
 525  6.0000E-02  4.0000E-02  8.0000E-02  9.6000E-05
 526  6.0000E-02  4.0000E-02  1.0000E-01  1.2000E-04
 527  6.0000E-02  4.0000E-02  1.2000E-01  1.4400E-04
 528  6.0000E-02  4.0000E-02  1.4000E-01  1.6800E-04
 529  6.0000E-02  4.0000E-02  1.6000E-01  1.9200E-04
 530  6.0000E-02  4.0000E-02  1.8000E-01  2.1600E-04
 531  6.0000E-02  4.0000E-02  2.0000E-01  2.4000E-04
 532  6.0000E-02  4.0000E-02  2.2000E-01  2.6400E-04
 533  6.0000E-02  4.0000E-02  2.4000E-01  2.8800E-04
 534  6.0000E-02  4.0000E-02  2.6000E-01  3.1200E-04
 535  6.0000E-02  4.0000E-02  2.8000E-01  3.3600E-04
 536  6.0000E-02  4.0000E-02  3.0000E-01  3.6000E-04
 537  6.0000E-02  4.0000E-02  3.2000E-01  3.8400E-04
 538  6.0000E-02  4.0000E-02  3.4000E-01  4.0800E-04
 539  6.0000E-02  4.0000E-02  3.6000E-01  4.3200E-04
 540  6.0000E-02  4.0000E-02  3.8000E-01  4.5600E-04
 541  6.0000E-02  4.0000E-02  4.0000E-01  4.8000E-04
 542  6.0000E-02  4.0000E-02  4.2000E-01  5.0400E-04
 543  6.0000E-02  4.0000E-02  4.4000E-01  5.2800E-04
 544  6.0000E-02  4.0000E-02  4.6000E-01  5.5200E-04
 545  6.0000E-02  4.0000E-02  4.8000E-01  5.7600E-04
 546  6.0000E-02  4.0000E-02  5.0000E-01  6.0000E-04
 547  6.0000E-02  6.0000E-02  0.0000E+00  0.0000E+00
 548  6.0000E-02  6.0000E-02  2.0000E-02  2.4000E-05
 549  6.0000E-02  6.0000E-02  4.0000E-02  4.8000E-05
 550  6.0000E-02  6.0000E-02  6.0000E-02  7.2000E-05
 551  6.0000E-02  6.0000E-02  8.0000E-02  9.6000E-05
 552  6.0000E-02  6.0000E-02  1.0000E-01  1.2000E-04
 553  6.0000E-02  6.0000E-02  1.2000E-01  1.4400E-04
 554  6.0000E-02  6.0000E-02  1.4000E-01  1.6800E-04
 555  6.0000E-02  6.0000E-02  1.6000E-01  1.9200E-04
 556  6.0000E-02  6.0000E-02  1.8000E-01  2.1600E-04
 557  6.0000E-02  6.0000E-02  2.0000E-01  2.4000E-04
 558  6.0000E-02  6.0000E-02  2.2000E-01  2.6400E-04
 559  6.0000E-02  6.0000E-02  2.4000E-01  2.8800E-04
 560  6.0000E-02  6.0000E-02  2.6000E-01  3.1200E-04
 561  6.0000E-02  6.0000E-02  2.8000E-01  3.3600E-04
 562  6.0000E-02  6.0000E-02  3.0000E-01  3.6000E-04
 563  6.0000E-02  6.0000E-02  3.2000E-01  3.8400E-04
 564  6.0000E-02  6.0000E-02  3.4000E-01  4.0800E-04
 565  6.0000E-02  6.0000E-02  3.6000E-01  4.3200E-04
 566  6.0000E-02  6.0000E-02  3.8000E-01  4.5600E-04
 567  6.0000E-02  6.0000E-02  4.0000E-01  4.8000E-04
 568  6.0000E-02  6.0000E-02  4.2000E-01  5.0400E-04
 569  6.0000E-02  6.0000E-02  4.4000E-01  5.2800E-04
 570  6.0000E-02  6.0000E-02  4.6000E-01  5.5200E-04
 571  6.0000E-02  6.0000E-02  4.8000E-01  5.7600E-04
 572  6.0000E-02  6.0000E-02  5.0000E-01  6.0000E-04
 573  6.0000E-02  8.0000E-02  0.0000E+00  0.0000E+00
 574  6.0000E-02  8.0000E-02  2.0000E-02  2.4000E-05
 575  6.0000E-02  8.0000E-02  4.0000E-02  4.8000E-05
 576  6.0000E-02  8.0000E-02  6.0000E-02  7.2000E-05
 577  6.0000E-02  8.0000E-02  8.0000E-02  9.6000E-05
 578  6.0000E-02  8.0000E-02  1.0000E-01  1.2000E-04
 579  6.0000E-02  8.0000E-02  1.2000E-01  1.4400E-04
 580  6.0000E-02  8.0000E-02  1.4000E-01  1.6800E-04
 581  6.0000E-02  8.0000E-02  1.6000E-01  1.9200E-04
 582  6.0000E-02  8.0000E-02  1.8000E-01  2.1600E-04
 583  6.0000E-02  8.0000E-02  2.0000E-01  2.4000E-04
 584  6.0000E-02  8.0000E-02  2.2000E-01  2.6400E-04
 585  6.0000E-02  8.0000E-02  2.4000E-01  2.8800E-04
 586  6.0000E-02  8.0000E-02  2.6000E-01  3.1200E-04
 587  6.0000E-02  8.0000E-02  2.8000E-01  3.3600E-04
 588  6.0000E-02  8.0000E-02  3.0000E-01  3.6000E-04
 589  6.0000E-02  8.0000E-02  3.2000E-01  3.8400E-04
 590  6.0000E-02  8.0000E-02  3.4000E-01  4.0800E-04
 591  6.0000E-02  8.0000E-02  3.6000E-01  4.3200E-04
 592  6.0000E-02  8.0000E-02  3.8000E-01  4.5600E-04
 593  6.0000E-02  8.0000E-02  4.0000E-01  4.8000E-04
 594  6.0000E-02  8.0000E-02  4.2000E-01  5.0400E-04
 595  6.0000E-02  8.0000E-02  4.4000E-01  5.2800E-04
 596  6.0000E-02  8.0000E-02  4.6000E-01  5.5200E-04
 597  6.0000E-02  8.0000E-02  4.8000E-01  5.7600E-04
 598  6.0000E-02  8.0000E-02  5.0000E-01  6.0000E-04
 599  6.0000E-02  1.0000E-01  0.0000E+00  0.0000E+00
 600  6.0000E-02  1.0000E-01  2.0000E-02  2.4000E-05
 601  6.0000E-02  1.0000E-01  4.0000E-02  4.8000E-05
 602  6.0000E-02  1.0000E-01  6.0000E-02  7.2000E-05
 603  6.0000E-02  1.0000E-01  8.0000E-02  9.6000E-05
 604  6.0000E-02  1.0000E-01  1.0000E-01  1.2000E-04
 605  6.0000E-02  1.0000E-01  1.2000E-01  1.4400E-04
 606  6.0000E-02  1.0000E-01  1.4000E-01  1.6800E-04
 607  6.0000E-02  1.0000E-01  1.6000E-01  1.9200E-04
 608  6.0000E-02  1.0000E-01  1.8000E-01  2.1600E-04
 609  6.0000E-02  1.0000E-01  2.0000E-01  2.4000E-04
 610  6.0000E-02  1.0000E-01  2.2000E-01  2.6400E-04
 611  6.0000E-02  1.0000E-01  2.4000E-01  2.8800E-04
 612  6.0000E-02  1.0000E-01  2.6000E-01  3.1200E-04
 613  6.0000E-02  1.0000E-01  2.8000E-01  3.3600E-04
 614  6.0000E-02  1.0000E-01  3.0000E-01  3.6000E-04
 615  6.0000E-02  1.0000E-01  3.2000E-01  3.8400E-04
 616  6.0000E-02  1.0000E-01  3.4000E-01  4.0800E-04
 617  6.0000E-02  1.0000E-01  3.6000E-01  4.3200E-04
 618  6.0000E-02  1.0000E-01  3.8000E-01  4.5600E-04
 619  6.0000E-02  1.0000E-01  4.0000E-01  4.8000E-04
 620  6.0000E-02  1.0000E-01  4.2000E-01  5.0400E-04
 621  6.0000E-02  1.0000E-01  4.4000E-01  5.2800E-04
 622  6.0000E-02  1.0000E-01  4.6000E-01  5.5200E-04
 623  6.0000E-02  1.0000E-01  4.8000E-01  5.7600E-04
 624  6.0000E-02  1.0000E-01  5.0000E-01  6.0000E-04
 625  8.0000E-02  0.0000E+00  0.0000E+00  0.0000E+00
 626  8.0000E-02  2.0000E-02  0.0000E+00  0.0000E+00
 627  8.0000E-02  0.0000E+00  2.0000E-02  2.4000E-05
 628  8.0000E-02  2.0000E-02  2.0000E-02  2.4000E-05
 629  8.0000E-02  0.0000E+00  4.0000E-02  4.8000E-05
 630  8.0000E-02  2.0000E-02  4.0000E-02  4.8000E-05
 631  8.0000E-02  0.0000E+00  6.0000E-02  7.2000E-05
 632  8.0000E-02  2.0000E-02  6.0000E-02  7.2000E-05
 633  8.0000E-02  0.0000E+00  8.0000E-02  9.6000E-05
 634  8.0000E-02  2.0000E-02  8.0000E-02  9.6000E-05
 635  8.0000E-02  0.0000E+00  1.0000E-01  1.2000E-04
 636  8.0000E-02  2.0000E-02  1.0000E-01  1.2000E-04
 637  8.0000E-02  0.0000E+00  1.2000E-01  1.4400E-04
 638  8.0000E-02  2.0000E-02  1.2000E-01  1.4400E-04
 639  8.0000E-02  0.0000E+00  1.4000E-01  1.6800E-04
 640  8.0000E-02  2.0000E-02  1.4000E-01  1.6800E-04
 641  8.0000E-02  0.0000E+00  1.6000E-01  1.9200E-04
 642  8.0000E-02  2.0000E-02  1.6000E-01  1.9200E-04
 643  8.0000E-02  0.0000E+00  1.8000E-01  2.1600E-04
 644  8.0000E-02  2.0000E-02  1.8000E-01  2.1600E-04
 645  8.0000E-02  0.0000E+00  2.0000E-01  2.4000E-04
 646  8.0000E-02  2.0000E-02  2.0000E-01  2.4000E-04
 647  8.0000E-02  0.0000E+00  2.2000E-01  2.6400E-04
 648  8.0000E-02  2.0000E-02  2.2000E-01  2.6400E-04
 649  8.0000E-02  0.0000E+00  2.4000E-01  2.8800E-04
 650  8.0000E-02  2.0000E-02  2.4000E-01  2.8800E-04
 651  8.0000E-02  0.0000E+00  2.6000E-01  3.1200E-04
 652  8.0000E-02  2.0000E-02  2.6000E-01  3.1200E-04
 653  8.0000E-02  0.0000E+00  2.8000E-01  3.3600E-04
 654  8.0000E-02  2.0000E-02  2.8000E-01  3.3600E-04
 655  8.0000E-02  0.0000E+00  3.0000E-01  3.6000E-04
 656  8.0000E-02  2.0000E-02  3.0000E-01  3.6000E-04
 657  8.0000E-02  0.0000E+00  3.2000E-01  3.8400E-04
 658  8.0000E-02  2.0000E-02  3.2000E-01  3.8400E-04
 659  8.0000E-02  0.0000E+00  3.4000E-01  4.0800E-04
 660  8.0000E-02  2.0000E-02  3.4000E-01  4.0800E-04
 661  8.0000E-02  0.0000E+00  3.6000E-01  4.3200E-04
 662  8.0000E-02  2.0000E-02  3.6000E-01  4.3200E-04
 663  8.0000E-02  0.0000E+00  3.8000E-01  4.5600E-04
 664  8.0000E-02  2.0000E-02  3.8000E-01  4.5600E-04
 665  8.0000E-02  0.0000E+00  4.0000E-01  4.8000E-04
 666  8.0000E-02  2.0000E-02  4.0000E-01  4.8000E-04
 667  8.0000E-02  0.0000E+00  4.2000E-01  5.0400E-04
 668  8.0000E-02  2.0000E-02  4.2000E-01  5.0400E-04
 669  8.0000E-02  0.0000E+00  4.4000E-01  5.2800E-04
 670  8.0000E-02  2.0000E-02  4.4000E-01  5.2800E-04
 671  8.0000E-02  0.0000E+00  4.6000E-01  5.5200E-04
 672  8.0000E-02  2.0000E-02  4.6000E-01  5.5200E-04
 673  8.0000E-02  0.0000E+00  4.8000E-01  5.7600E-04
 674  8.0000E-02  2.0000E-02  4.8000E-01  5.7600E-04
 675  8.0000E-02  0.0000E+00  5.0000E-01  6.0000E-04
 676  8.0000E-02  2.0000E-02  5.0000E-01  6.0000E-04
 677  8.0000E-02  4.0000E-02  0.0000E+00  0.0000E+00
 678  8.0000E-02  4.0000E-02  2.0000E-02  2.4000E-05
 679  8.0000E-02  4.0000E-02  4.0000E-02  4.8000E-05
 680  8.0000E-02  4.0000E-02  6.0000E-02  7.2000E-05
 681  8.0000E-02  4.0000E-02  8.0000E-02  9.6000E-05
 682  8.0000E-02  4.0000E-02  1.0000E-01  1.2000E-04
 683  8.0000E-02  4.0000E-02  1.2000E-01  1.4400E-04
 684  8.0000E-02  4.0000E-02  1.4000E-01  1.6800E-04
 685  8.0000E-02  4.0000E-02  1.6000E-01  1.9200E-04
 686  8.0000E-02  4.0000E-02  1.8000E-01  2.1600E-04
 687  8.0000E-02  4.0000E-02  2.0000E-01  2.4000E-04
 688  8.0000E-02  4.0000E-02  2.2000E-01  2.6400E-04
 689  8.0000E-02  4.0000E-02  2.4000E-01  2.8800E-04
 690  8.0000E-02  4.0000E-02  2.6000E-01  3.1200E-04
 691  8.0000E-02  4.0000E-02  2.8000E-01  3.3600E-04
 692  8.0000E-02  4.0000E-02  3.0000E-01  3.6000E-04
 693  8.0000E-02  4.0000E-02  3.2000E-01  3.8400E-04
 694  8.0000E-02  4.0000E-02  3.4000E-01  4.0800E-04
 695  8.0000E-02  4.0000E-02  3.6000E-01  4.3200E-04
 696  8.0000E-02  4.0000E-02  3.8000E-01  4.5600E-04
 697  8.0000E-02  4.0000E-02  4.0000E-01  4.8000E-04
 698  8.0000E-02  4.0000E-02  4.2000E-01  5.0400E-04
 699  8.0000E-02  4.0000E-02  4.4000E-01  5.2800E-04
 700  8.0000E-02  4.0000E-02  4.6000E-01  5.5200E-04
 701  8.0000E-02  4.0000E-02  4.8000E-01  5.7600E-04
 702  8.0000E-02  4.0000E-02  5.0000E-01  6.0000E-04
 703  8.0000E-02  6.0000E-02  0.0000E+00  0.0000E+00
 704  8.0000E-02  6.0000E-02  2.0000E-02  2.4000E-05
 705  8.0000E-02  6.0000E-02  4.0000E-02  4.8000E-05
 706  8.0000E-02  6.0000E-02  6.0000E-02  7.2000E-05
 707  8.0000E-02  6.0000E-02  8.0000E-02  9.6000E-05
 708  8.0000E-02  6.0000E-02  1.0000E-01  1.2000E-04
 709  8.0000E-02  6.0000E-02  1.2000E-01  1.4400E-04
 710  8.0000E-02  6.0000E-02  1.4000E-01  1.6800E-04
 711  8.0000E-02  6.0000E-02  1.6000E-01  1.9200E-04
 712  8.0000E-02  6.0000E-02  1.8000E-01  2.1600E-04
 713  8.0000E-02  6.0000E-02  2.0000E-01  2.4000E-04
 714  8.0000E-02  6.0000E-02  2.2000E-01  2.6400E-04
 715  8.0000E-02  6.0000E-02  2.4000E-01  2.8800E-04
 716  8.0000E-02  6.0000E-02  2.6000E-01  3.1200E-04
 717  8.0000E-02  6.0000E-02  2.8000E-01  3.3600E-04
 718  8.0000E-02  6.0000E-02  3.0000E-01  3.6000E-04
 719  8.0000E-02  6.0000E-02  3.2000E-01  3.8400E-04
 720  8.0000E-02  6.0000E-02  3.4000E-01  4.0800E-04
 721  8.0000E-02  6.0000E-02  3.6000E-01  4.3200E-04
 722  8.0000E-02  6.0000E-02  3.8000E-01  4.5600E-04
 723  8.0000E-02  6.0000E-02  4.0000E-01  4.8000E-04
 724  8.0000E-02  6.0000E-02  4.2000E-01  5.0400E-04
 725  8.0000E-02  6.0000E-02  4.4000E-01  5.2800E-04
 726  8.0000E-02  6.0000E-02  4.6000E-01  5.5200E-04
 727  8.0000E-02  6.0000E-02  4.8000E-01  5.7600E-04
 728  8.0000E-02  6.0000E-02  5.0000E-01  6.0000E-04
 729  8.0000E-02  8.0000E-02  0.0000E+00  0.0000E+00
 730  8.0000E-02  8.0000E-02  2.0000E-02  2.4000E-05
 731  8.0000E-02  8.0000E-02  4.0000E-02  4.8000E-05
 732  8.0000E-02  8.0000E-02  6.0000E-02  7.2000E-05
 733  8.0000E-02  8.0000E-02  8.0000E-02  9.6000E-05
 734  8.0000E-02  8.0000E-02  1.0000E-01  1.2000E-04
 735  8.0000E-02  8.0000E-02  1.2000E-01  1.4400E-04
 736  8.0000E-02  8.0000E-02  1.4000E-01  1.6800E-04
 737  8.0000E-02  8.0000E-02  1.6000E-01  1.9200E-04
 738  8.0000E-02  8.0000E-02  1.8000E-01  2.1600E-04
 739  8.0000E-02  8.0000E-02  2.0000E-01  2.4000E-04
 740  8.0000E-02  8.0000E-02  2.2000E-01  2.6400E-04
 741  8.0000E-02  8.0000E-02  2.4000E-01  2.8800E-04
 742  8.0000E-02  8.0000E-02  2.6000E-01  3.1200E-04
 743  8.0000E-02  8.0000E-02  2.8000E-01  3.3600E-04
 744  8.0000E-02  8.0000E-02  3.0000E-01  3.6000E-04
 745  8.0000E-02  8.0000E-02  3.2000E-01  3.8400E-04
 746  8.0000E-02  8.0000E-02  3.4000E-01  4.0800E-04
 747  8.0000E-02  8.0000E-02  3.6000E-01  4.3200E-04
 748  8.0000E-02  8.0000E-02  3.8000E-01  4.5600E-04
 749  8.0000E-02  8.0000E-02  4.0000E-01  4.8000E-04
 750  8.0000E-02  8.0000E-02  4.2000E-01  5.0400E-04
 751  8.0000E-02  8.0000E-02  4.4000E-01  5.2800E-04
 752  8.0000E-02  8.0000E-02  4.6000E-01  5.5200E-04
 753  8.0000E-02  8.0000E-02  4.8000E-01  5.7600E-04
 754  8.0000E-02  8.0000E-02  5.0000E-01  6.0000E-04
 755  8.0000E-02  1.0000E-01  0.0000E+00  0.0000E+00
 756  8.0000E-02  1.0000E-01  2.0000E-02  2.4000E-05
 757  8.0000E-02  1.0000E-01  4.0000E-02  4.8000E-05
 758  8.0000E-02  1.0000E-01  6.0000E-02  7.2000E-05
 759  8.0000E-02  1.0000E-01  8.0000E-02  9.6000E-05
 760  8.0000E-02  1.0000E-01  1.0000E-01  1.2000E-04
 761  8.0000E-02  1.0000E-01  1.2000E-01  1.4400E-04
 762  8.0000E-02  1.0000E-01  1.4000E-01  1.6800E-04
 763  8.0000E-02  1.0000E-01  1.6000E-01  1.9200E-04
 764  8.0000E-02  1.0000E-01  1.8000E-01  2.1600E-04
 765  8.0000E-02  1.0000E-01  2.0000E-01  2.4000E-04
 766  8.0000E-02  1.0000E-01  2.2000E-01  2.6400E-04
 767  8.0000E-02  1.0000E-01  2.4000E-01  2.8800E-04
 768  8.0000E-02  1.0000E-01  2.6000E-01  3.1200E-04
 769  8.0000E-02  1.0000E-01  2.8000E-01  3.3600E-04
 770  8.0000E-02  1.0000E-01  3.0000E-01  3.6000E-04
 771  8.0000E-02  1.0000E-01  3.2000E-01  3.8400E-04
 772  8.0000E-02  1.0000E-01  3.4000E-01  4.0800E-04
 773  8.0000E-02  1.0000E-01  3.6000E-01  4.3200E-04
 774  8.0000E-02  1.0000E-01  3.8000E-01  4.5600E-04
 775  8.0000E-02  1.0000E-01  4.0000E-01  4.8000E-04
 776  8.0000E-02  1.0000E-01  4.2000E-01  5.0400E-04
 777  8.0000E-02  1.0000E-01  4.4000E-01  5.2800E-04
 778  8.0000E-02  1.0000E-01  4.6000E-01  5.5200E-04
 779  8.0000E-02  1.0000E-01  4.8000E-01  5.7600E-04
 780  8.0000E-02  1.0000E-01  5.0000E-01  6.0000E-04
 781  1.0000E-01  0.0000E+00  0.0000E+00  0.0000E+00
 782  1.0000E-01  2.0000E-02  0.0000E+00  0.0000E+00
 783  1.0000E-01  0.0000E+00  2.0000E-02  2.4000E-05
 784  1.0000E-01  2.0000E-02  2.0000E-02  2.4000E-05
 785  1.0000E-01  0.0000E+00  4.0000E-02  4.8000E-05
 786  1.0000E-01  2.0000E-02  4.0000E-02  4.8000E-05
 787  1.0000E-01  0.0000E+00  6.0000E-02  7.2000E-05
 788  1.0000E-01  2.0000E-02  6.0000E-02  7.2000E-05
 789  1.0000E-01  0.0000E+00  8.0000E-02  9.6000E-05
 790  1.0000E-01  2.0000E-02  8.0000E-02  9.6000E-05
 791  1.0000E-01  0.0000E+00  1.0000E-01  1.2000E-04
 792  1.0000E-01  2.0000E-02  1.0000E-01  1.2000E-04
 793  1.0000E-01  0.0000E+00  1.2000E-01  1.4400E-04
 794  1.0000E-01  2.0000E-02  1.2000E-01  1.4400E-04
 795  1.0000E-01  0.0000E+00  1.4000E-01  1.6800E-04
 796  1.0000E-01  2.0000E-02  1.4000E-01  1.6800E-04
 797  1.0000E-01  0.0000E+00  1.6000E-01  1.9200E-04
 798  1.0000E-01  2.0000E-02  1.6000E-01  1.9200E-04
 799  1.0000E-01  0.0000E+00  1.8000E-01  2.1600E-04
 800  1.0000E-01  2.0000E-02  1.8000E-01  2.1600E-04
 801  1.0000E-01  0.0000E+00  2.0000E-01  2.4000E-04
 802  1.0000E-01  2.0000E-02  2.0000E-01  2.4000E-04
 803  1.0000E-01  0.0000E+00  2.2000E-01  2.6400E-04
 804  1.0000E-01  2.0000E-02  2.2000E-01  2.6400E-04
 805  1.0000E-01  0.0000E+00  2.4000E-01  2.8800E-04
 806  1.0000E-01  2.0000E-02  2.4000E-01  2.8800E-04
 807  1.0000E-01  0.0000E+00  2.6000E-01  3.1200E-04
 808  1.0000E-01  2.0000E-02  2.6000E-01  3.1200E-04
 809  1.0000E-01  0.0000E+00  2.8000E-01  3.3600E-04
 810  1.0000E-01  2.0000E-02  2.8000E-01  3.3600E-04
 811  1.0000E-01  0.0000E+00  3.0000E-01  3.6000E-04
 812  1.0000E-01  2.0000E-02  3.0000E-01  3.6000E-04
 813  1.0000E-01  0.0000E+00  3.2000E-01  3.8400E-04
 814  1.0000E-01  2.0000E-02  3.2000E-01  3.8400E-04
 815  1.0000E-01  0.0000E+00  3.4000E-01  4.0800E-04
 816  1.0000E-01  2.0000E-02  3.4000E-01  4.0800E-04
 817  1.0000E-01  0.0000E+00  3.6000E-01  4.3200E-04
 818  1.0000E-01  2.0000E-02  3.6000E-01  4.3200E-04
 819  1.0000E-01  0.0000E+00  3.8000E-01  4.5600E-04
 820  1.0000E-01  2.0000E-02  3.8000E-01  4.5600E-04
 821  1.0000E-01  0.0000E+00  4.0000E-01  4.8000E-04
 822  1.0000E-01  2.0000E-02  4.0000E-01  4.8000E-04
 823  1.0000E-01  0.0000E+00  4.2000E-01  5.0400E-04
 824  1.0000E-01  2.0000E-02  4.2000E-01  5.0400E-04
 825  1.0000E-01  0.0000E+00  4.4000E-01  5.2800E-04
 826  1.0000E-01  2.0000E-02  4.4000E-01  5.2800E-04
 827  1.0000E-01  0.0000E+00  4.6000E-01  5.5200E-04
 828  1.0000E-01  2.0000E-02  4.6000E-01  5.5200E-04
 829  1.0000E-01  0.0000E+00  4.8000E-01  5.7600E-04
 830  1.0000E-01  2.0000E-02  4.8000E-01  5.7600E-04
 831  1.0000E-01  0.0000E+00  5.0000E-01  6.0000E-04
 832  1.0000E-01  2.0000E-02  5.0000E-01  6.0000E-04
 833  1.0000E-01  4.0000E-02  0.0000E+00  0.0000E+00
 834  1.0000E-01  4.0000E-02  2.0000E-02  2.4000E-05
 835  1.0000E-01  4.0000E-02  4.0000E-02  4.8000E-05
 836  1.0000E-01  4.0000E-02  6.0000E-02  7.2000E-05
 837  1.0000E-01  4.0000E-02  8.0000E-02  9.6000E-05
 838  1.0000E-01  4.0000E-02  1.0000E-01  1.2000E-04
 839  1.0000E-01  4.0000E-02  1.2000E-01  1.4400E-04
 840  1.0000E-01  4.0000E-02  1.4000E-01  1.6800E-04
 841  1.0000E-01  4.0000E-02  1.6000E-01  1.9200E-04
 842  1.0000E-01  4.0000E-02  1.8000E-01  2.1600E-04
 843  1.0000E-01  4.0000E-02  2.0000E-01  2.4000E-04
 844  1.0000E-01  4.0000E-02  2.2000E-01  2.6400E-04
 845  1.0000E-01  4.0000E-02  2.4000E-01  2.8800E-04
 846  1.0000E-01  4.0000E-02  2.6000E-01  3.1200E-04
 847  1.0000E-01  4.0000E-02  2.8000E-01  3.3600E-04
 848  1.0000E-01  4.0000E-02  3.0000E-01  3.6000E-04
 849  1.0000E-01  4.0000E-02  3.2000E-01  3.8400E-04
 850  1.0000E-01  4.0000E-02  3.4000E-01  4.0800E-04
 851  1.0000E-01  4.0000E-02  3.6000E-01  4.3200E-04
 852  1.0000E-01  4.0000E-02  3.8000E-01  4.5600E-04
 853  1.0000E-01  4.0000E-02  4.0000E-01  4.8000E-04
 854  1.0000E-01  4.0000E-02  4.2000E-01  5.0400E-04
 855  1.0000E-01  4.0000E-02  4.4000E-01  5.2800E-04
 856  1.0000E-01  4.0000E-02  4.6000E-01  5.5200E-04
 857  1.0000E-01  4.0000E-02  4.8000E-01  5.7600E-04
 858  1.0000E-01  4.0000E-02  5.0000E-01  6.0000E-04
 859  1.0000E-01  6.0000E-02  0.0000E+00  0.0000E+00
 860  1.0000E-01  6.0000E-02  2.0000E-02  2.4000E-05
 861  1.0000E-01  6.0000E-02  4.0000E-02  4.8000E-05
 862  1.0000E-01  6.0000E-02  6.0000E-02  7.2000E-05
 863  1.0000E-01  6.0000E-02  8.0000E-02  9.6000E-05
 864  1.0000E-01  6.0000E-02  1.0000E-01  1.2000E-04
 865  1.0000E-01  6.0000E-02  1.2000E-01  1.4400E-04
 866  1.0000E-01  6.0000E-02  1.4000E-01  1.6800E-04
 867  1.0000E-01  6.0000E-02  1.6000E-01  1.9200E-04
 868  1.0000E-01  6.0000E-02  1.8000E-01  2.1600E-04
 869  1.0000E-01  6.0000E-02  2.0000E-01  2.4000E-04
 870  1.0000E-01  6.0000E-02  2.2000E-01  2.6400E-04
 871  1.0000E-01  6.0000E-02  2.4000E-01  2.8800E-04
 872  1.0000E-01  6.0000E-02  2.6000E-01  3.1200E-04
 873  1.0000E-01  6.0000E-02  2.8000E-01  3.3600E-04
 874  1.0000E-01  6.0000E-02  3.0000E-01  3.6000E-04
 875  1.0000E-01  6.0000E-02  3.2000E-01  3.8400E-04
 876  1.0000E-01  6.0000E-02  3.4000E-01  4.0800E-04
 877  1.0000E-01  6.0000E-02  3.6000E-01  4.3200E-04
 878  1.0000E-01  6.0000E-02  3.8000E-01  4.5600E-04
 879  1.0000E-01  6.0000E-02  4.0000E-01  4.8000E-04
 880  1.0000E-01  6.0000E-02  4.2000E-01  5.0400E-04
 881  1.0000E-01  6.0000E-02  4.4000E-01  5.2800E-04
 882  1.0000E-01  6.0000E-02  4.6000E-01  5.5200E-04
 883  1.0000E-01  6.0000E-02  4.8000E-01  5.7600E-04
 884  1.0000E-01  6.0000E-02  5.0000E-01  6.0000E-04
 885  1.0000E-01  8.0000E-02  0.0000E+00  0.0000E+00
 886  1.0000E-01  8.0000E-02  2.0000E-02  2.4000E-05
 887  1.0000E-01  8.0000E-02  4.0000E-02  4.8000E-05
 888  1.0000E-01  8.0000E-02  6.0000E-02  7.2000E-05
 889  1.0000E-01  8.0000E-02  8.0000E-02  9.6000E-05
 890  1.0000E-01  8.0000E-02  1.0000E-01  1.2000E-04
 891  1.0000E-01  8.0000E-02  1.2000E-01  1.4400E-04
 892  1.0000E-01  8.0000E-02  1.4000E-01  1.6800E-04
 893  1.0000E-01  8.0000E-02  1.6000E-01  1.9200E-04
 894  1.0000E-01  8.0000E-02  1.8000E-01  2.1600E-04
 895  1.0000E-01  8.0000E-02  2.0000E-01  2.4000E-04
 896  1.0000E-01  8.0000E-02  2.2000E-01  2.6400E-04
 897  1.0000E-01  8.0000E-02  2.4000E-01  2.8800E-04
 898  1.0000E-01  8.0000E-02  2.6000E-01  3.1200E-04
 899  1.0000E-01  8.0000E-02  2.8000E-01  3.3600E-04
 900  1.0000E-01  8.0000E-02  3.0000E-01  3.6000E-04
 901  1.0000E-01  8.0000E-02  3.2000E-01  3.8400E-04
 902  1.0000E-01  8.0000E-02  3.4000E-01  4.0800E-04
 903  1.0000E-01  8.0000E-02  3.6000E-01  4.3200E-04
 904  1.0000E-01  8.0000E-02  3.8000E-01  4.5600E-04
 905  1.0000E-01  8.0000E-02  4.0000E-01  4.8000E-04
 906  1.0000E-01  8.0000E-02  4.2000E-01  5.0400E-04
 907  1.0000E-01  8.0000E-02  4.4000E-01  5.2800E-04
 908  1.0000E-01  8.0000E-02  4.6000E-01  5.5200E-04
 909  1.0000E-01  8.0000E-02  4.8000E-01  5.7600E-04
 910  1.0000E-01  8.0000E-02  5.0000E-01  6.0000E-04
 911  1.0000E-01  1.0000E-01  0.0000E+00  0.0000E+00
 912  1.0000E-01  1.0000E-01  2.0000E-02  2.4000E-05
 913  1.0000E-01  1.0000E-01  4.0000E-02  4.8000E-05
 914  1.0000E-01  1.0000E-01  6.0000E-02  7.2000E-05
 915  1.0000E-01  1.0000E-01  8.0000E-02  9.6000E-05
 916  1.0000E-01  1.0000E-01  1.0000E-01  1.2000E-04
 917  1.0000E-01  1.0000E-01  1.2000E-01  1.4400E-04
 918  1.0000E-01  1.0000E-01  1.4000E-01  1.6800E-04
 919  1.0000E-01  1.0000E-01  1.6000E-01  1.9200E-04
 920  1.0000E-01  1.0000E-01  1.8000E-01  2.1600E-04
 921  1.0000E-01  1.0000E-01  2.0000E-01  2.4000E-04
 922  1.0000E-01  1.0000E-01  2.2000E-01  2.6400E-04
 923  1.0000E-01  1.0000E-01  2.4000E-01  2.8800E-04
 924  1.0000E-01  1.0000E-01  2.6000E-01  3.1200E-04
 925  1.0000E-01  1.0000E-01  2.8000E-01  3.3600E-04
 926  1.0000E-01  1.0000E-01  3.0000E-01  3.6000E-04
 927  1.0000E-01  1.0000E-01  3.2000E-01  3.8400E-04
 928  1.0000E-01  1.0000E-01  3.4000E-01  4.0800E-04
 929  1.0000E-01  1.0000E-01  3.6000E-01  4.3200E-04
 930  1.0000E-01  1.0000E-01  3.8000E-01  4.5600E-04
 931  1.0000E-01  1.0000E-01  4.0000E-01  4.8000E-04
 932  1.0000E-01  1.0000E-01  4.2000E-01  5.0400E-04
 933  1.0000E-01  1.0000E-01  4.4000E-01  5.2800E-04
 934  1.0000E-01  1.0000E-01  4.6000E-01  5.5200E-04
 935  1.0000E-01  1.0000E-01  4.8000E-01  5.7600E-04
 936  1.0000E-01  1.0000E-01  5.0000E-01  6.0000E-04
