# node 3
   0.0000E+00    0.0000E+00
   1.0000E-03   -1.0000E-04
   2.0000E-03   -1.9999E-04
   3.0000E-03   -2.9996E-04
   4.0000E-03   -3.9990E-04
   5.0000E-03   -4.9980E-04
   6.0000E-03   -5.9965E-04
   7.0000E-03   -6.9944E-04
   8.0000E-03   -7.9916E-04
   9.0000E-03   -8.9880E-04
   1.0000E-02   -9.9835E-04
   1.1000E-02   -1.0978E-03
   1.2000E-02   -1.1971E-03
   1.3000E-02   -1.2964E-03
   1.4000E-02   -1.3955E-03
   1.5000E-02   -1.4944E-03
   1.6000E-02   -1.5932E-03
   1.7000E-02   -1.6919E-03
   1.8000E-02   -1.7903E-03
   1.9000E-02   -1.8886E-03
   2.0000E-02   -1.9867E-03
   2.1000E-02   -2.0846E-03
   2.2000E-02   -2.1823E-03
   2.3000E-02   -2.2798E-03
   2.4000E-02   -2.3771E-03
   2.5000E-02   -2.4741E-03
   2.6000E-02   -2.5708E-03
   2.7000E-02   -2.6674E-03
   2.8000E-02   -2.7636E-03
   2.9000E-02   -2.8596E-03
   3.0000E-02   -2.9553E-03
   3.1000E-02   -3.0506E-03
   3.2000E-02   -3.1457E-03
   3.3000E-02   -3.2405E-03
   3.4000E-02   -3.3349E-03
   3.5000E-02   -3.4290E-03
   3.6000E-02   -3.5228E-03
   3.7000E-02   -3.6162E-03
   3.8000E-02   -3.7093E-03
   3.9000E-02   -3.8019E-03
   4.0000E-02   -3.8942E-03
   4.1000E-02   -3.9862E-03
   4.2000E-02   -4.0777E-03
   4.3000E-02   -4.1688E-03
   4.4000E-02   -4.2595E-03
   4.5000E-02   -4.3497E-03
   4.6000E-02   -4.4396E-03
   4.7000E-02   -4.5289E-03
   4.8000E-02   -4.6179E-03
   4.9000E-02   -4.7063E-03
   5.0000E-02   -4.7943E-03
   5.1000E-02   -4.8819E-03
   5.2000E-02   -4.9689E-03
   5.3000E-02   -5.0554E-03
   5.4000E-02   -5.1414E-03
   5.5000E-02   -5.2270E-03
   5.6000E-02   -5.3119E-03
   5.7000E-02   -5.3964E-03
   5.8000E-02   -5.4803E-03
   5.9000E-02   -5.5637E-03
   6.0000E-02   -5.6465E-03
   6.1000E-02   -5.7288E-03
   6.2000E-02   -5.8104E-03
   6.3000E-02   -5.8915E-03
   6.4000E-02   -5.9721E-03
   6.5000E-02   -6.0520E-03
   6.6000E-02   -6.1313E-03
   6.7000E-02   -6.2100E-03
   6.8000E-02   -6.2880E-03
   6.9000E-02   -6.3655E-03
   7.0000E-02   -6.4423E-03
   7.1000E-02   -6.5184E-03
   7.2000E-02   -6.5940E-03
   7.3000E-02   -6.6688E-03
   7.4000E-02   -6.7430E-03
   7.5000E-02   -6.8165E-03
   7.6000E-02   -6.8893E-03
   7.7000E-02   -6.9615E-03
   7.8000E-02   -7.0329E-03
   7.9000E-02   -7.1036E-03
   8.0000E-02   -7.1737E-03
   8.1000E-02   -7.2430E-03
   8.2000E-02   -7.3116E-03
   8.3000E-02   -7.3794E-03
   8.4000E-02   -7.4465E-03
   8.5000E-02   -7.5129E-03
   8.6000E-02   -7.5785E-03
   8.7000E-02   -7.6434E-03
   8.8000E-02   -7.7075E-03
   8.9000E-02   -7.7708E-03
   9.0000E-02   -7.8334E-03
   9.1000E-02   -7.8952E-03
   9.2000E-02   -7.9561E-03
   9.3000E-02   -8.0163E-03
   9.4000E-02   -8.0757E-03
   9.5000E-02   -8.1343E-03
   9.6000E-02   -8.1920E-03
   9.7000E-02   -8.2490E-03
   9.8000E-02   -8.3051E-03
   9.9000E-02   -8.3604E-03
   1.0000E-01   -8.4148E-03
   1.0100E-01   -8.4684E-03
   1.0200E-01   -8.5212E-03
   1.0300E-01   -8.5731E-03
   1.0400E-01   -8.6242E-03
   1.0500E-01   -8.6744E-03
   1.0600E-01   -8.7237E-03
   1.0700E-01   -8.7721E-03
   1.0800E-01   -8.8197E-03
   1.0900E-01   -8.8664E-03
   1.1000E-01   -8.9122E-03
   1.1100E-01   -8.9571E-03
   1.1200E-01   -9.0011E-03
   1.1300E-01   -9.0443E-03
   1.1400E-01   -9.0865E-03
   1.1500E-01   -9.1278E-03
   1.1600E-01   -9.1682E-03
   1.1700E-01   -9.2076E-03
   1.1800E-01   -9.2462E-03
   1.1900E-01   -9.2838E-03
   1.2000E-01   -9.3205E-03
   1.2100E-01   -9.3563E-03
   1.2200E-01   -9.3911E-03
   1.2300E-01   -9.4250E-03
   1.2400E-01   -9.4580E-03
   1.2500E-01   -9.4900E-03
   1.2600E-01   -9.5210E-03
   1.2700E-01   -9.5511E-03
   1.2800E-01   -9.5803E-03
   1.2900E-01   -9.6085E-03
   1.3000E-01   -9.6357E-03
   1.3100E-01   -9.6620E-03
   1.3200E-01   -9.6873E-03
   1.3300E-01   -9.7116E-03
   1.3400E-01   -9.7350E-03
   1.3500E-01   -9.7574E-03
   1.3600E-01   -9.7788E-03
   1.3700E-01   -9.7992E-03
   1.3800E-01   -9.8187E-03
   1.3900E-01   -9.8371E-03
   1.4000E-01   -9.8546E-03
   1.4100E-01   -9.8711E-03
   1.4200E-01   -9.8867E-03
   1.4300E-01   -9.9012E-03
   1.4400E-01   -9.9147E-03
   1.4500E-01   -9.9273E-03
   1.4600E-01   -9.9388E-03
   1.4700E-01   -9.9494E-03
   1.4800E-01   -9.9589E-03
   1.4900E-01   -9.9675E-03
   1.5000E-01   -9.9751E-03
   1.5100E-01   -9.9817E-03
   1.5200E-01   -9.9872E-03
   1.5300E-01   -9.9918E-03
   1.5400E-01   -9.9954E-03
   1.5500E-01   -9.9980E-03
   1.5600E-01   -9.9995E-03
   1.5700E-01   -1.0000E-02
   1.5800E-01   -9.9997E-03
   1.5900E-01   -9.9983E-03
   1.6000E-01   -9.9959E-03
   1.6100E-01   -9.9924E-03
   1.6200E-01   -9.9880E-03
   1.6300E-01   -9.9826E-03
   1.6400E-01   -9.9762E-03
   1.6500E-01   -9.9688E-03
   1.6600E-01   -9.9604E-03
   1.6700E-01   -9.9510E-03
   1.6800E-01   -9.9406E-03
   1.6900E-01   -9.9292E-03
   1.7000E-01   -9.9168E-03
   1.7100E-01   -9.9034E-03
   1.7200E-01   -9.8890E-03
   1.7300E-01   -9.8737E-03
   1.7400E-01   -9.8573E-03
   1.7500E-01   -9.8400E-03
   1.7600E-01   -9.8217E-03
   1.7700E-01   -9.8024E-03
   1.7800E-01   -9.7821E-03
   1.7900E-01   -9.7608E-03
   1.8000E-01   -9.7386E-03
   1.8100E-01   -9.7154E-03
   1.8200E-01   -9.6912E-03
   1.8300E-01   -9.6660E-03
   1.8400E-01   -9.6399E-03
   1.8500E-01   -9.6129E-03
   1.8600E-01   -9.5848E-03
   1.8700E-01   -9.5558E-03
   1.8800E-01   -9.5259E-03
   1.8900E-01   -9.4950E-03
   1.9000E-01   -9.4631E-03
   1.9100E-01   -9.4303E-03
   1.9200E-01   -9.3966E-03
   1.9300E-01   -9.3619E-03
   1.9400E-01   -9.3262E-03
   1.9500E-01   -9.2897E-03
   1.9600E-01   -9.2522E-03
   1.9700E-01   -9.2138E-03
   1.9800E-01   -9.1745E-03
   1.9900E-01   -9.1342E-03
   2.0000E-01   -9.0931E-03
   2.0100E-01   -9.0510E-03
   2.0200E-01   -9.0080E-03
   2.0300E-01   -8.9641E-03
   2.0400E-01   -8.9194E-03
   2.0500E-01   -8.8737E-03
   2.0600E-01   -8.8272E-03
   2.0700E-01   -8.7797E-03
   2.0800E-01   -8.7314E-03
   2.0900E-01   -8.6822E-03
   2.1000E-01   -8.6322E-03
   2.1100E-01   -8.5812E-03
   2.1200E-01   -8.5295E-03
   2.1300E-01   -8.4768E-03
   2.1400E-01   -8.4234E-03
   2.1500E-01   -8.3691E-03
   2.1600E-01   -8.3139E-03
   2.1700E-01   -8.2579E-03
   2.1800E-01   -8.2011E-03
   2.1900E-01   -8.1435E-03
   2.2000E-01   -8.0850E-03
   2.2100E-01   -8.0258E-03
   2.2200E-01   -7.9657E-03
   2.2300E-01   -7.9049E-03
   2.2400E-01   -7.8432E-03
   2.2500E-01   -7.7808E-03
   2.2600E-01   -7.7176E-03
   2.2700E-01   -7.6536E-03
   2.2800E-01   -7.5889E-03
   2.2900E-01   -7.5233E-03
   2.3000E-01   -7.4571E-03
   2.3100E-01   -7.3901E-03
   2.3200E-01   -7.3224E-03
   2.3300E-01   -7.2539E-03
   2.3400E-01   -7.1847E-03
   2.3500E-01   -7.1148E-03
   2.3600E-01   -7.0441E-03
   2.3700E-01   -6.9728E-03
   2.3800E-01   -6.9008E-03
   2.3900E-01   -6.8281E-03
   2.4000E-01   -6.7547E-03
   2.4100E-01   -6.6806E-03
   2.4200E-01   -6.6058E-03
   2.4300E-01   -6.5304E-03
   2.4400E-01   -6.4544E-03
   2.4500E-01   -6.3777E-03
   2.4600E-01   -6.3003E-03
   2.4700E-01   -6.2223E-03
   2.4800E-01   -6.1438E-03
   2.4900E-01   -6.0645E-03
   2.5000E-01   -5.9847E-03
   2.5100E-01   -5.9043E-03
   2.5200E-01   -5.8233E-03
   2.5300E-01   -5.7417E-03
   2.5400E-01   -5.6596E-03
   2.5500E-01   -5.5768E-03
   2.5600E-01   -5.4936E-03
   2.5700E-01   -5.4097E-03
   2.5800E-01   -5.3253E-03
   2.5900E-01   -5.2404E-03
   2.6000E-01   -5.1550E-03
   2.6100E-01   -5.0691E-03
   2.6200E-01   -4.9826E-03
   2.6300E-01   -4.8957E-03
   2.6400E-01   -4.8082E-03
   2.6500E-01   -4.7203E-03
   2.6600E-01   -4.6319E-03
   2.6700E-01   -4.5430E-03
   2.6800E-01   -4.4537E-03
   2.6900E-01   -4.3640E-03
   2.7000E-01   -4.2738E-03
   2.7100E-01   -4.1832E-03
   2.7200E-01   -4.0921E-03
   2.7300E-01   -4.0007E-03
   2.7400E-01   -3.9088E-03
   2.7500E-01   -3.8166E-03
   2.7600E-01   -3.7240E-03
   2.7700E-01   -3.6310E-03
   2.7800E-01   -3.5376E-03
   2.7900E-01   -3.4439E-03
   2.8000E-01   -3.3498E-03
   2.8100E-01   -3.2555E-03
   2.8200E-01   -3.1607E-03
   2.8300E-01   -3.0657E-03
   2.8400E-01   -2.9704E-03
   2.8500E-01   -2.8747E-03
   2.8600E-01   -2.7788E-03
   2.8700E-01   -2.6826E-03
   2.8800E-01   -2.5861E-03
   2.8900E-01   -2.4894E-03
   2.9000E-01   -2.3924E-03
   2.9100E-01   -2.2952E-03
   2.9200E-01   -2.1978E-03
   2.9300E-01   -2.1001E-03
   2.9400E-01   -2.0022E-03
   2.9500E-01   -1.9042E-03
   2.9600E-01   -1.8059E-03
   2.9700E-01   -1.7075E-03
   2.9800E-01   -1.6088E-03
   2.9900E-01   -1.5101E-03
   3.0000E-01   -1.4111E-03
   3.0100E-01   -1.3121E-03
   3.0200E-01   -1.2129E-03
   3.0300E-01   -1.1135E-03
   3.0400E-01   -1.0141E-03
   3.0500E-01   -9.1457E-04
   3.0600E-01   -8.1494E-04
   3.0700E-01   -7.1524E-04
   3.0800E-01   -6.1546E-04
   3.0900E-01   -5.1562E-04
   3.1000E-01   -4.1572E-04
   3.1100E-01   -3.1579E-04
   3.1200E-01   -2.1582E-04
   3.1300E-01   -1.1584E-04
   3.1400E-01   -1.5839E-05
   3.1500E-01    8.4161E-05
   3.1600E-01    1.8415E-04
   3.1700E-01    2.8413E-04
   3.1800E-01    3.8407E-04
   3.1900E-01    4.8398E-04
   3.2000E-01    5.8384E-04
   3.2100E-01    6.8364E-04
   3.2200E-01    7.8337E-04
   3.2300E-01    8.8302E-04
   3.2400E-01    9.8258E-04
   3.2500E-01    1.0821E-03
   3.2600E-01    1.1814E-03
   3.2700E-01    1.2806E-03
   3.2800E-01    1.3798E-03
   3.2900E-01    1.4787E-03
   3.3000E-01    1.5776E-03
   3.3100E-01    1.6762E-03
   3.3200E-01    1.7747E-03
   3.3300E-01    1.8731E-03
   3.3400E-01    1.9712E-03
   3.3500E-01    2.0691E-03
   3.3600E-01    2.1669E-03
   3.3700E-01    2.2644E-03
   3.3800E-01    2.3617E-03
   3.3900E-01    2.4587E-03
   3.4000E-01    2.5555E-03
   3.4100E-01    2.6521E-03
   3.4200E-01    2.7484E-03
   3.4300E-01    2.8444E-03
   3.4400E-01    2.9401E-03
   3.4500E-01    3.0355E-03
   3.4600E-01    3.1307E-03
   3.4700E-01    3.2255E-03
   3.4800E-01    3.3200E-03
   3.4900E-01    3.4141E-03
   3.5000E-01    3.5080E-03
   3.5100E-01    3.6014E-03
   3.5200E-01    3.6945E-03
   3.5300E-01    3.7873E-03
   3.5400E-01    3.8796E-03
   3.5500E-01    3.9716E-03
   3.5600E-01    4.0632E-03
   3.5700E-01    4.1543E-03
   3.5800E-01    4.2451E-03
   3.5900E-01    4.3354E-03
   3.6000E-01    4.4253E-03
   3.6100E-01    4.5148E-03
   3.6200E-01    4.6038E-03
   3.6300E-01    4.6923E-03
   3.6400E-01    4.7804E-03
   3.6500E-01    4.8680E-03
   3.6600E-01    4.9551E-03
   3.6700E-01    5.0417E-03
   3.6800E-01    5.1278E-03
   3.6900E-01    5.2134E-03
   3.7000E-01    5.2985E-03
   3.7100E-01    5.3830E-03
   3.7200E-01    5.4670E-03
   3.7300E-01    5.5505E-03
   3.7400E-01    5.6334E-03
   3.7500E-01    5.7157E-03
   3.7600E-01    5.7975E-03
   3.7700E-01    5.8787E-03
   3.7800E-01    5.9593E-03
   3.7900E-01    6.0393E-03
   3.8000E-01    6.1187E-03
   3.8100E-01    6.1975E-03
   3.8200E-01    6.2757E-03
   3.8300E-01    6.3532E-03
   3.8400E-01    6.4301E-03
   3.8500E-01    6.5064E-03
   3.8600E-01    6.5820E-03
   3.8700E-01    6.6569E-03
   3.8800E-01    6.7312E-03
   3.8900E-01    6.8048E-03
   3.9000E-01    6.8778E-03
   3.9100E-01    6.9500E-03
   3.9200E-01    7.0216E-03
   3.9300E-01    7.0924E-03
   3.9400E-01    7.1626E-03
   3.9500E-01    7.2320E-03
   3.9600E-01    7.3007E-03
   3.9700E-01    7.3687E-03
   3.9800E-01    7.4359E-03
   3.9900E-01    7.5024E-03
   4.0000E-01    7.5681E-03
   4.0100E-01    7.6331E-03
   4.0200E-01    7.6973E-03
   4.0300E-01    7.7608E-03
   4.0400E-01    7.8235E-03
   4.0500E-01    7.8854E-03
   4.0600E-01    7.9465E-03
   4.0700E-01    8.0068E-03
   4.0800E-01    8.0663E-03
   4.0900E-01    8.1250E-03
   4.1000E-01    8.1829E-03
   4.1100E-01    8.2399E-03
   4.1200E-01    8.2962E-03
   4.1300E-01    8.3516E-03
   4.1400E-01    8.4062E-03
   4.1500E-01    8.4599E-03
   4.1600E-01    8.5128E-03
   4.1700E-01    8.5649E-03
   4.1800E-01    8.6161E-03
   4.1900E-01    8.6664E-03
   4.2000E-01    8.7159E-03
   4.2100E-01    8.7644E-03
   4.2200E-01    8.8122E-03
   4.2300E-01    8.8590E-03
   4.2400E-01    8.9049E-03
   4.2500E-01    8.9500E-03
   4.2600E-01    8.9941E-03
   4.2700E-01    9.0374E-03
   4.2800E-01    9.0798E-03
   4.2900E-01    9.1212E-03
   4.3000E-01    9.1617E-03
   4.3100E-01    9.2014E-03
   4.3200E-01    9.2401E-03
   4.3300E-01    9.2778E-03
   4.3400E-01    9.3147E-03
   4.3500E-01    9.3506E-03
   4.3600E-01    9.3856E-03
   4.3700E-01    9.4196E-03
   4.3800E-01    9.4527E-03
   4.3900E-01    9.4849E-03
   4.4000E-01    9.5161E-03
   4.4100E-01    9.5463E-03
   4.4200E-01    9.5756E-03
   4.4300E-01    9.6040E-03
   4.4400E-01    9.6314E-03
   4.4500E-01    9.6578E-03
   4.4600E-01    9.6832E-03
   4.4700E-01    9.7077E-03
   4.4800E-01    9.7312E-03
   4.4900E-01    9.7538E-03
   4.5000E-01    9.7753E-03
   4.5100E-01    9.7959E-03
   4.5200E-01    9.8155E-03
   4.5300E-01    9.8342E-03
   4.5400E-01    9.8518E-03
   4.5500E-01    9.8685E-03
   4.5600E-01    9.8841E-03
   4.5700E-01    9.8988E-03
   4.5800E-01    9.9125E-03
   4.5900E-01    9.9252E-03
   4.6000E-01    9.9369E-03
   4.6100E-01    9.9477E-03
   4.6200E-01    9.9574E-03
   4.6300E-01    9.9661E-03
   4.6400E-01    9.9738E-03
   4.6500E-01    9.9806E-03
   4.6600E-01    9.9863E-03
   4.6700E-01    9.9910E-03
   4.6800E-01    9.9948E-03
   4.6900E-01    9.9975E-03
   4.7000E-01    9.9992E-03
   4.7100E-01    1.0000E-02
   4.7200E-01    9.9997E-03
   4.7300E-01    9.9984E-03
   4.7400E-01    9.9962E-03
   4.7500E-01    9.9929E-03
   4.7600E-01    9.9887E-03
   4.7700E-01    9.9834E-03
   4.7800E-01    9.9771E-03
   4.7900E-01    9.9699E-03
   4.8000E-01    9.9616E-03
   4.8100E-01    9.9524E-03
   4.8200E-01    9.9421E-03
   4.8300E-01    9.9309E-03
   4.8400E-01    9.9187E-03
   4.8500E-01    9.9054E-03
   4.8600E-01    9.8912E-03
   4.8700E-01    9.8760E-03
   4.8800E-01    9.8598E-03
   4.8900E-01    9.8426E-03
   4.9000E-01    9.8245E-03
   4.9100E-01    9.8053E-03
   4.9200E-01    9.7852E-03
   4.9300E-01    9.7641E-03
   4.9400E-01    9.7420E-03
   4.9500E-01    9.7190E-03
   4.9600E-01    9.6950E-03
   4.9700E-01    9.6700E-03
   4.9800E-01    9.6440E-03
   4.9900E-01    9.6171E-03
   5.0000E-01    9.5892E-03
   5.0100E-01    9.5603E-03
   5.0200E-01    9.5305E-03
   5.0300E-01    9.4998E-03
   5.0400E-01    9.4681E-03
   5.0500E-01    9.4354E-03
   5.0600E-01    9.4018E-03
   5.0700E-01    9.3673E-03
   5.0800E-01    9.3318E-03
   5.0900E-01    9.2954E-03
   5.1000E-01    9.2581E-03
   5.1100E-01    9.2198E-03
   5.1200E-01    9.1806E-03
   5.1300E-01    9.1405E-03
   5.1400E-01    9.0995E-03
   5.1500E-01    9.0576E-03
   5.1600E-01    9.0147E-03
   5.1700E-01    8.9710E-03
   5.1800E-01    8.9264E-03
   5.1900E-01    8.8808E-03
   5.2000E-01    8.8344E-03
   5.2100E-01    8.7871E-03
   5.2200E-01    8.7390E-03
   5.2300E-01    8.6899E-03
   5.2400E-01    8.6400E-03
   5.2500E-01    8.5892E-03
   5.2600E-01    8.5376E-03
   5.2700E-01    8.4851E-03
   5.2800E-01    8.4317E-03
   5.2900E-01    8.3776E-03
   5.3000E-01    8.3225E-03
   5.3100E-01    8.2667E-03
   5.3200E-01    8.2100E-03
   5.3300E-01    8.1525E-03
   5.3400E-01    8.0942E-03
   5.3500E-01    8.0350E-03
   5.3600E-01    7.9751E-03
   5.3700E-01    7.9144E-03
   5.3800E-01    7.8529E-03
   5.3900E-01    7.7906E-03
   5.4000E-01    7.7275E-03
   5.4100E-01    7.6636E-03
   5.4200E-01    7.5990E-03
   5.4300E-01    7.5336E-03
   5.4400E-01    7.4675E-03
   5.4500E-01    7.4006E-03
   5.4600E-01    7.3330E-03
   5.4700E-01    7.2646E-03
   5.4800E-01    7.1955E-03
   5.4900E-01    7.1257E-03
   5.5000E-01    7.0552E-03
   5.5100E-01    6.9840E-03
   5.5200E-01    6.9121E-03
   5.5300E-01    6.8395E-03
   5.5400E-01    6.7662E-03
   5.5500E-01    6.6922E-03
   5.5600E-01    6.6176E-03
   5.5700E-01    6.5423E-03
   5.5800E-01    6.4663E-03
   5.5900E-01    6.3897E-03
   5.6000E-01    6.3125E-03
   5.6100E-01    6.2346E-03
   5.6200E-01    6.1561E-03
   5.6300E-01    6.0770E-03
   5.6400E-01    5.9972E-03
   5.6500E-01    5.9169E-03
   5.6600E-01    5.8360E-03
   5.6700E-01    5.7545E-03
   5.6800E-01    5.6725E-03
   5.6900E-01    5.5898E-03
   5.7000E-01    5.5066E-03
   5.7100E-01    5.4229E-03
   5.7200E-01    5.3386E-03
   5.7300E-01    5.2538E-03
   5.7400E-01    5.1684E-03
   5.7500E-01    5.0825E-03
   5.7600E-01    4.9962E-03
   5.7700E-01    4.9093E-03
   5.7800E-01    4.8219E-03
   5.7900E-01    4.7341E-03
   5.8000E-01    4.6458E-03
   5.8100E-01    4.5570E-03
   5.8200E-01    4.4677E-03
   5.8300E-01    4.3780E-03
   5.8400E-01    4.2879E-03
   5.8500E-01    4.1974E-03
   5.8600E-01    4.1064E-03
   5.8700E-01    4.0150E-03
   5.8800E-01    3.9232E-03
   5.8900E-01    3.8310E-03
   5.9000E-01    3.7385E-03
   5.9100E-01    3.6456E-03
   5.9200E-01    3.5523E-03
   5.9300E-01    3.4586E-03
   5.9400E-01    3.3646E-03
   5.9500E-01    3.2703E-03
   5.9600E-01    3.1756E-03
   5.9700E-01    3.0806E-03
   5.9800E-01    2.9853E-03
   5.9900E-01    2.8897E-03
   6.0000E-01    2.7939E-03
   6.0100E-01    2.6977E-03
   6.0200E-01    2.6013E-03
   6.0300E-01    2.5046E-03
   6.0400E-01    2.4077E-03
   6.0500E-01    2.3105E-03
   6.0600E-01    2.2131E-03
   6.0700E-01    2.1154E-03
   6.0800E-01    2.0176E-03
   6.0900E-01    1.9196E-03
   6.1000E-01    1.8213E-03
   6.1100E-01    1.7229E-03
   6.1200E-01    1.6243E-03
   6.1300E-01    1.5256E-03
   6.1400E-01    1.4267E-03
   6.1500E-01    1.3276E-03
   6.1600E-01    1.2284E-03
   6.1700E-01    1.1291E-03
   6.1800E-01    1.0297E-03
   6.1900E-01    9.3019E-04
   6.2000E-01    8.3057E-04
   6.2100E-01    7.3088E-04
   6.2200E-01    6.3111E-04
   6.2300E-01    5.3128E-04
   6.2400E-01    4.3139E-04
   6.2500E-01    3.3147E-04
   6.2600E-01    2.3151E-04
   6.2700E-01    1.3152E-04
   6.2800E-01    3.1525E-05
   6.2900E-01   -6.8475E-05
   6.3000E-01   -1.6847E-04
   6.3100E-01   -2.6844E-04
   6.3200E-01   -3.6839E-04
   6.3300E-01   -4.6831E-04
   6.3400E-01   -5.6817E-04
   6.3500E-01   -6.6798E-04
   6.3600E-01   -7.6772E-04
   6.3700E-01   -8.6739E-04
   6.3800E-01   -9.6697E-04
   6.3900E-01   -1.0665E-03
   6.4000E-01   -1.1658E-03
   6.4100E-01   -1.2651E-03
   6.4200E-01   -1.3642E-03
   6.4300E-01   -1.4632E-03
   6.4400E-01   -1.5621E-03
   6.4500E-01   -1.6608E-03
   6.4600E-01   -1.7593E-03
   6.4700E-01   -1.8576E-03
   6.4800E-01   -1.9558E-03
   6.4900E-01   -2.0538E-03
   6.5000E-01   -2.1515E-03
   6.5100E-01   -2.2491E-03
   6.5200E-01   -2.3464E-03
   6.5300E-01   -2.4435E-03
   6.5400E-01   -2.5403E-03
   6.5500E-01   -2.6369E-03
   6.5600E-01   -2.7333E-03
   6.5700E-01   -2.8293E-03
   6.5800E-01   -2.9251E-03
   6.5900E-01   -3.0206E-03
   6.6000E-01   -3.1158E-03
   6.6100E-01   -3.2106E-03
   6.6200E-01   -3.3052E-03
   6.6300E-01   -3.3994E-03
   6.6400E-01   -3.4932E-03
   6.6500E-01   -3.5868E-03
   6.6600E-01   -3.6799E-03
   6.6700E-01   -3.7727E-03
   6.6800E-01   -3.8652E-03
   6.6900E-01   -3.9572E-03
   6.7000E-01   -4.0488E-03
   6.7100E-01   -4.1401E-03
   6.7200E-01   -4.2309E-03
   6.7300E-01   -4.3213E-03
   6.7400E-01   -4.4112E-03
   6.7500E-01   -4.5008E-03
   6.7600E-01   -4.5898E-03
   6.7700E-01   -4.6785E-03
   6.7800E-01   -4.7666E-03
   6.7900E-01   -4.8543E-03
   6.8000E-01   -4.9415E-03
   6.8100E-01   -5.0281E-03
   6.8200E-01   -5.1143E-03
   6.8300E-01   -5.2000E-03
   6.8400E-01   -5.2852E-03
   6.8500E-01   -5.3698E-03
   6.8600E-01   -5.4539E-03
   6.8700E-01   -5.5374E-03
   6.8800E-01   -5.6204E-03
   6.8900E-01   -5.7029E-03
   6.9000E-01   -5.7847E-03
   6.9100E-01   -5.8660E-03
   6.9200E-01   -5.9467E-03
   6.9300E-01   -6.0268E-03
   6.9400E-01   -6.1063E-03
   6.9500E-01   -6.1852E-03
   6.9600E-01   -6.2634E-03
   6.9700E-01   -6.3411E-03
   6.9800E-01   -6.4181E-03
   6.9900E-01   -6.4945E-03
   7.0000E-01   -6.5702E-03
   7.0100E-01   -6.6452E-03
   7.0200E-01   -6.7196E-03
   7.0300E-01   -6.7933E-03
   7.0400E-01   -6.8664E-03
   7.0500E-01   -6.9387E-03
   7.0600E-01   -7.0104E-03
   7.0700E-01   -7.0814E-03
   7.0800E-01   -7.1516E-03
   7.0900E-01   -7.2212E-03
   7.1000E-01   -7.2900E-03
   7.1100E-01   -7.3581E-03
   7.1200E-01   -7.4254E-03
   7.1300E-01   -7.4920E-03
   7.1400E-01   -7.5579E-03
   7.1500E-01   -7.6230E-03
   7.1600E-01   -7.6873E-03
   7.1700E-01   -7.7509E-03
   7.1800E-01   -7.8137E-03
   7.1900E-01   -7.8757E-03
   7.2000E-01   -7.9369E-03
   7.2100E-01   -7.9974E-03
   7.2200E-01   -8.0570E-03
   7.2300E-01   -8.1158E-03
   7.2400E-01   -8.1739E-03
   7.2500E-01   -8.2311E-03
   7.2600E-01   -8.2874E-03
   7.2700E-01   -8.3430E-03
   7.2800E-01   -8.3977E-03
   7.2900E-01   -8.4516E-03
   7.3000E-01   -8.5046E-03
   7.3100E-01   -8.5568E-03
   7.3200E-01   -8.6081E-03
   7.3300E-01   -8.6586E-03
   7.3400E-01   -8.7082E-03
   7.3500E-01   -8.7569E-03
   7.3600E-01   -8.8047E-03
   7.3700E-01   -8.8517E-03
   7.3800E-01   -8.8978E-03
   7.3900E-01   -8.9430E-03
   7.4000E-01   -8.9873E-03
   7.4100E-01   -9.0307E-03
   7.4200E-01   -9.0732E-03
   7.4300E-01   -9.1148E-03
   7.4400E-01   -9.1555E-03
   7.4500E-01   -9.1952E-03
   7.4600E-01   -9.2341E-03
   7.4700E-01   -9.2720E-03
   7.4800E-01   -9.3090E-03
   7.4900E-01   -9.3451E-03
   7.5000E-01   -9.3802E-03
   7.5100E-01   -9.4144E-03
   7.5200E-01   -9.4476E-03
   7.5300E-01   -9.4799E-03
   7.5400E-01   -9.5113E-03
   7.5500E-01   -9.5417E-03
   7.5600E-01   -9.5712E-03
   7.5700E-01   -9.5996E-03
   7.5800E-01   -9.6272E-03
   7.5900E-01   -9.6538E-03
   7.6000E-01   -9.6794E-03
   7.6100E-01   -9.7040E-03
   7.6200E-01   -9.7277E-03
   7.6300E-01   -9.7504E-03
   7.6400E-01   -9.7721E-03
   7.6500E-01   -9.7928E-03
   7.6600E-01   -9.8126E-03
   7.6700E-01   -9.8314E-03
   7.6800E-01   -9.8492E-03
   7.6900E-01   -9.8660E-03
   7.7000E-01   -9.8818E-03
   7.7100E-01   -9.8967E-03
   7.7200E-01   -9.9105E-03
   7.7300E-01   -9.9234E-03
   7.7400E-01   -9.9352E-03
   7.7500E-01   -9.9461E-03
   7.7600E-01   -9.9560E-03
   7.7700E-01   -9.9649E-03
   7.7800E-01   -9.9728E-03
   7.7900E-01   -9.9796E-03
   7.8000E-01   -9.9855E-03
   7.8100E-01   -9.9904E-03
   7.8200E-01   -9.9943E-03
   7.8300E-01   -9.9972E-03
   7.8400E-01   -9.9991E-03
   7.8500E-01   -1.0000E-02
   7.8600E-01   -9.9999E-03
   7.8700E-01   -9.9988E-03
   7.8800E-01   -9.9967E-03
   7.8900E-01   -9.9936E-03
   7.9000E-01   -9.9895E-03
   7.9100E-01   -9.9844E-03
   7.9200E-01   -9.9783E-03
   7.9300E-01   -9.9712E-03
   7.9400E-01   -9.9631E-03
   7.9500E-01   -9.9540E-03
   7.9600E-01   -9.9439E-03
   7.9700E-01   -9.9328E-03
   7.9800E-01   -9.9207E-03
   7.9900E-01   -9.9077E-03
   8.0000E-01   -9.8936E-03
   8.0100E-01   -9.8786E-03
   8.0200E-01   -9.8625E-03
   8.0300E-01   -9.8455E-03
   8.0400E-01   -9.8275E-03
   8.0500E-01   -9.8085E-03
   8.0600E-01   -9.7885E-03
   8.0700E-01   -9.7676E-03
   8.0800E-01   -9.7457E-03
   8.0900E-01   -9.7228E-03
   8.1000E-01   -9.6989E-03
   8.1100E-01   -9.6741E-03
   8.1200E-01   -9.6482E-03
   8.1300E-01   -9.6215E-03
   8.1400E-01   -9.5937E-03
   8.1500E-01   -9.5650E-03
   8.1600E-01   -9.5354E-03
   8.1700E-01   -9.5048E-03
   8.1800E-01   -9.4732E-03
   8.1900E-01   -9.4407E-03
   8.2000E-01   -9.4073E-03
   8.2100E-01   -9.3729E-03
   8.2200E-01   -9.3376E-03
   8.2300E-01   -9.3013E-03
   8.2400E-01   -9.2641E-03
   8.2500E-01   -9.2260E-03
   8.2600E-01   -9.1870E-03
   8.2700E-01   -9.1470E-03
   8.2800E-01   -9.1061E-03
   8.2900E-01   -9.0643E-03
   8.3000E-01   -9.0217E-03
   8.3100E-01   -8.9781E-03
   8.3200E-01   -8.9336E-03
   8.3300E-01   -8.8882E-03
   8.3400E-01   -8.8419E-03
   8.3500E-01   -8.7948E-03
   8.3600E-01   -8.7467E-03
   8.3700E-01   -8.6978E-03
   8.3800E-01   -8.6480E-03
   8.3900E-01   -8.5974E-03
   8.4000E-01   -8.5459E-03
   8.4100E-01   -8.4935E-03
   8.4200E-01   -8.4403E-03
   8.4300E-01   -8.3863E-03
   8.4400E-01   -8.3314E-03
   8.4500E-01   -8.2757E-03
   8.4600E-01   -8.2191E-03
   8.4700E-01   -8.1617E-03
   8.4800E-01   -8.1036E-03
   8.4900E-01   -8.0446E-03
   8.5000E-01   -7.9848E-03
   8.5100E-01   -7.9241E-03
   8.5200E-01   -7.8628E-03
   8.5300E-01   -7.8006E-03
   8.5400E-01   -7.7376E-03
   8.5500E-01   -7.6739E-03
   8.5600E-01   -7.6094E-03
   8.5700E-01   -7.5441E-03
   8.5800E-01   -7.4781E-03
   8.5900E-01   -7.4113E-03
   8.6000E-01   -7.3438E-03
   8.6100E-01   -7.2756E-03
   8.6200E-01   -7.2066E-03
   8.6300E-01   -7.1369E-03
   8.6400E-01   -7.0665E-03
   8.6500E-01   -6.9954E-03
   8.6600E-01   -6.9236E-03
   8.6700E-01   -6.8511E-03
   8.6800E-01   -6.7779E-03
   8.6900E-01   -6.7041E-03
   8.7000E-01   -6.6295E-03
   8.7100E-01   -6.5543E-03
   8.7200E-01   -6.4785E-03
   8.7300E-01   -6.4020E-03
   8.7400E-01   -6.3248E-03
   8.7500E-01   -6.2471E-03
   8.7600E-01   -6.1687E-03
   8.7700E-01   -6.0896E-03
   8.7800E-01   -6.0100E-03
   8.7900E-01   -5.9298E-03
   8.8000E-01   -5.8490E-03
   8.8100E-01   -5.7676E-03
   8.8200E-01   -5.6856E-03
   8.8300E-01   -5.6031E-03
   8.8400E-01   -5.5199E-03
   8.8500E-01   -5.4363E-03
   8.8600E-01   -5.3521E-03
   8.8700E-01   -5.2673E-03
   8.8800E-01   -5.1821E-03
   8.8900E-01   -5.0963E-03
   8.9000E-01   -5.0100E-03
   8.9100E-01   -4.9232E-03
   8.9200E-01   -4.8359E-03
   8.9300E-01   -4.7481E-03
   8.9400E-01   -4.6599E-03
   8.9500E-01   -4.5712E-03
   8.9600E-01   -4.4820E-03
   8.9700E-01   -4.3924E-03
   8.9800E-01   -4.3024E-03
   8.9900E-01   -4.2119E-03
   9.0000E-01   -4.1210E-03
   9.0100E-01   -4.0296E-03
   9.0200E-01   -3.9379E-03
   9.0300E-01   -3.8458E-03
   9.0400E-01   -3.7533E-03
   9.0500E-01   -3.6604E-03
   9.0600E-01   -3.5672E-03
   9.0700E-01   -3.4736E-03
   9.0800E-01   -3.3796E-03
   9.0900E-01   -3.2854E-03
   9.1000E-01   -3.1907E-03
   9.1100E-01   -3.0958E-03
   9.1200E-01   -3.0006E-03
   9.1300E-01   -2.9050E-03
   9.1400E-01   -2.8092E-03
   9.1500E-01   -2.7131E-03
   9.1600E-01   -2.6167E-03
   9.1700E-01   -2.5201E-03
   9.1800E-01   -2.4232E-03
   9.1900E-01   -2.3260E-03
   9.2000E-01   -2.2287E-03
   9.2100E-01   -2.1311E-03
   9.2200E-01   -2.0333E-03
   9.2300E-01   -1.9352E-03
   9.2400E-01   -1.8370E-03
   9.2500E-01   -1.7387E-03
   9.2600E-01   -1.6401E-03
   9.2700E-01   -1.5414E-03
   9.2800E-01   -1.4425E-03
   9.2900E-01   -1.3435E-03
   9.3000E-01   -1.2443E-03
   9.3100E-01   -1.1450E-03
   9.3200E-01   -1.0456E-03
   9.3300E-01   -9.4612E-04
   9.3400E-01   -8.4652E-04
   9.3500E-01   -7.4684E-04
   9.3600E-01   -6.4708E-04
   9.3700E-01   -5.4726E-04
   9.3800E-01   -4.4739E-04
   9.3900E-01   -3.4747E-04
   9.4000E-01   -2.4751E-04
   9.4100E-01   -1.4753E-04
   9.4200E-01   -4.7536E-05
   9.4300E-01    5.2463E-05
   9.4400E-01    1.5246E-04
   9.4500E-01    2.5244E-04
   9.4600E-01    3.5239E-04
   9.4700E-01    4.5231E-04
   9.4800E-01    5.5218E-04
   9.4900E-01    6.5200E-04
   9.5000E-01    7.5175E-04
   9.5100E-01    8.5143E-04
   9.5200E-01    9.5102E-04
   9.5300E-01    1.0505E-03
   9.5400E-01    1.1499E-03
   9.5500E-01    1.2492E-03
   9.5600E-01    1.3483E-03
   9.5700E-01    1.4474E-03
   9.5800E-01    1.5462E-03
   9.5900E-01    1.6449E-03
   9.6000E-01    1.7435E-03
   9.6100E-01    1.8419E-03
   9.6200E-01    1.9401E-03
   9.6300E-01    2.0381E-03
   9.6400E-01    2.1359E-03
   9.6500E-01    2.2335E-03
   9.6600E-01    2.3308E-03
   9.6700E-01    2.4279E-03
   9.6800E-01    2.5248E-03
   9.6900E-01    2.6215E-03
   9.7000E-01    2.7178E-03
   9.7100E-01    2.8139E-03
   9.7200E-01    2.9097E-03
   9.7300E-01    3.0053E-03
   9.7400E-01    3.1005E-03
   9.7500E-01    3.1954E-03
   9.7600E-01    3.2900E-03
   9.7700E-01    3.3843E-03
   9.7800E-01    3.4782E-03
   9.7900E-01    3.5718E-03
   9.8000E-01    3.6650E-03
   9.8100E-01    3.7578E-03
   9.8200E-01    3.8503E-03
   9.8300E-01    3.9424E-03
   9.8400E-01    4.0341E-03
   9.8500E-01    4.1254E-03
   9.8600E-01    4.2163E-03
   9.8700E-01    4.3068E-03
   9.8800E-01    4.3968E-03
   9.8900E-01    4.4864E-03
   9.9000E-01    4.5755E-03
   9.9100E-01    4.6642E-03
   9.9200E-01    4.7524E-03
   9.9300E-01    4.8402E-03
   9.9400E-01    4.9274E-03
   9.9500E-01    5.0142E-03
   9.9600E-01    5.1005E-03
   9.9700E-01    5.1862E-03
   9.9800E-01    5.2715E-03
   9.9900E-01    5.3562E-03
   1.0000E+00    5.4404E-03
   1.0010E+00    5.5240E-03
   1.0020E+00    5.6071E-03
   1.0030E+00    5.6896E-03
   1.0040E+00    5.7715E-03
   1.0050E+00    5.8529E-03
   1.0060E+00    5.9337E-03
   1.0070E+00    6.0139E-03
   1.0080E+00    6.0935E-03
   1.0090E+00    6.1725E-03
   1.0100E+00    6.2508E-03
   1.0110E+00    6.3286E-03
   1.0120E+00    6.4057E-03
   1.0130E+00    6.4821E-03
   1.0140E+00    6.5580E-03
   1.0150E+00    6.6331E-03
   1.0160E+00    6.7076E-03
   1.0170E+00    6.7815E-03
   1.0180E+00    6.8546E-03
   1.0190E+00    6.9271E-03
   1.0200E+00    6.9988E-03
   1.0210E+00    7.0699E-03
   1.0220E+00    7.1403E-03
   1.0230E+00    7.2099E-03
   1.0240E+00    7.2789E-03
   1.0250E+00    7.3471E-03
   1.0260E+00    7.4145E-03
   1.0270E+00    7.4813E-03
   1.0280E+00    7.5472E-03
   1.0290E+00    7.6125E-03
   1.0300E+00    7.6769E-03
   1.0310E+00    7.7406E-03
   1.0320E+00    7.8035E-03
   1.0330E+00    7.8657E-03
   1.0340E+00    7.9270E-03
   1.0350E+00    7.9876E-03
   1.0360E+00    8.0473E-03
   1.0370E+00    8.1063E-03
   1.0380E+00    8.1645E-03
   1.0390E+00    8.2218E-03
   1.0400E+00    8.2783E-03
   1.0410E+00    8.3340E-03
   1.0420E+00    8.3888E-03
   1.0430E+00    8.4428E-03
   1.0440E+00    8.4960E-03
   1.0450E+00    8.5483E-03
   1.0460E+00    8.5998E-03
   1.0470E+00    8.6504E-03
   1.0480E+00    8.7001E-03
   1.0490E+00    8.7490E-03
   1.0500E+00    8.7969E-03
   1.0510E+00    8.8441E-03
   1.0520E+00    8.8903E-03
   1.0530E+00    8.9356E-03
   1.0540E+00    8.9801E-03
   1.0550E+00    9.0236E-03
   1.0560E+00    9.0662E-03
   1.0570E+00    9.1080E-03
   1.0580E+00    9.1488E-03
   1.0590E+00    9.1887E-03
   1.0600E+00    9.2277E-03
   1.0610E+00    9.2658E-03
   1.0620E+00    9.3029E-03
   1.0630E+00    9.3391E-03
   1.0640E+00    9.3744E-03
   1.0650E+00    9.4087E-03
   1.0660E+00    9.4421E-03
   1.0670E+00    9.4746E-03
   1.0680E+00    9.5061E-03
   1.0690E+00    9.5367E-03
   1.0700E+00    9.5663E-03
   1.0710E+00    9.5949E-03
   1.0720E+00    9.6226E-03
   1.0730E+00    9.6493E-03
   1.0740E+00    9.6751E-03
   1.0750E+00    9.6999E-03
   1.0760E+00    9.7237E-03
   1.0770E+00    9.7465E-03
   1.0780E+00    9.7684E-03
   1.0790E+00    9.7893E-03
   1.0800E+00    9.8092E-03
   1.0810E+00    9.8282E-03
   1.0820E+00    9.8461E-03
   1.0830E+00    9.8631E-03
   1.0840E+00    9.8791E-03
   1.0850E+00    9.8941E-03
   1.0860E+00    9.9081E-03
   1.0870E+00    9.9211E-03
   1.0880E+00    9.9331E-03
   1.0890E+00    9.9441E-03
   1.0900E+00    9.9542E-03
   1.0910E+00    9.9632E-03
   1.0920E+00    9.9713E-03
   1.0930E+00    9.9783E-03
   1.0940E+00    9.9844E-03
   1.0950E+00    9.9894E-03
   1.0960E+00    9.9935E-03
   1.0970E+00    9.9965E-03
   1.0980E+00    9.9986E-03
   1.0990E+00    9.9996E-03
   1.1000E+00    9.9997E-03
   1.1010E+00    9.9987E-03
   1.1020E+00    9.9968E-03
   1.1030E+00    9.9938E-03
   1.1040E+00    9.9899E-03
   1.1050E+00    9.9849E-03
   1.1060E+00    9.9790E-03
   1.1070E+00    9.9721E-03
   1.1080E+00    9.9641E-03
   1.1090E+00    9.9552E-03
   1.1100E+00    9.9453E-03
   1.1110E+00    9.9343E-03
   1.1120E+00    9.9224E-03
   1.1130E+00    9.9095E-03
   1.1140E+00    9.8956E-03
   1.1150E+00    9.8807E-03
   1.1160E+00    9.8648E-03
   1.1170E+00    9.8480E-03
   1.1180E+00    9.8301E-03
   1.1190E+00    9.8113E-03
   1.1200E+00    9.7915E-03
   1.1210E+00    9.7707E-03
   1.1220E+00    9.7489E-03
   1.1230E+00    9.7262E-03
   1.1240E+00    9.7024E-03
   1.1250E+00    9.6778E-03
   1.1260E+00    9.6521E-03
   1.1270E+00    9.6255E-03
   1.1280E+00    9.5979E-03
   1.1290E+00    9.5693E-03
   1.1300E+00    9.5398E-03
   1.1310E+00    9.5094E-03
   1.1320E+00    9.4780E-03
   1.1330E+00    9.4456E-03
   1.1340E+00    9.4123E-03
   1.1350E+00    9.3781E-03
   1.1360E+00    9.3429E-03
   1.1370E+00    9.3068E-03
   1.1380E+00    9.2698E-03
   1.1390E+00    9.2318E-03
   1.1400E+00    9.1929E-03
   1.1410E+00    9.1531E-03
   1.1420E+00    9.1124E-03
   1.1430E+00    9.0707E-03
   1.1440E+00    9.0282E-03
   1.1450E+00    8.9847E-03
   1.1460E+00    8.9404E-03
   1.1470E+00    8.8951E-03
   1.1480E+00    8.8490E-03
   1.1490E+00    8.8020E-03
   1.1500E+00    8.7541E-03
   1.1510E+00    8.7053E-03
   1.1520E+00    8.6557E-03
   1.1530E+00    8.6052E-03
   1.1540E+00    8.5538E-03
   1.1550E+00    8.5016E-03
   1.1560E+00    8.4485E-03
   1.1570E+00    8.3946E-03
   1.1580E+00    8.3399E-03
   1.1590E+00    8.2843E-03
   1.1600E+00    8.2278E-03
   1.1610E+00    8.1706E-03
   1.1620E+00    8.1125E-03
   1.1630E+00    8.0537E-03
   1.1640E+00    7.9940E-03
   1.1650E+00    7.9335E-03
   1.1660E+00    7.8722E-03
   1.1670E+00    7.8102E-03
   1.1680E+00    7.7474E-03
   1.1690E+00    7.6837E-03
   1.1700E+00    7.6194E-03
   1.1710E+00    7.5542E-03
   1.1720E+00    7.4883E-03
   1.1730E+00    7.4217E-03
   1.1740E+00    7.3543E-03
   1.1750E+00    7.2862E-03
   1.1760E+00    7.2173E-03
   1.1770E+00    7.1477E-03
   1.1780E+00    7.0775E-03
   1.1790E+00    7.0065E-03
   1.1800E+00    6.9348E-03
   1.1810E+00    6.8624E-03
   1.1820E+00    6.7893E-03
   1.1830E+00    6.7155E-03
   1.1840E+00    6.6411E-03
   1.1850E+00    6.5660E-03
   1.1860E+00    6.4903E-03
   1.1870E+00    6.4139E-03
   1.1880E+00    6.3368E-03
   1.1890E+00    6.2592E-03
   1.1900E+00    6.1809E-03
   1.1910E+00    6.1019E-03
   1.1920E+00    6.0224E-03
   1.1930E+00    5.9423E-03
   1.1940E+00    5.8616E-03
   1.1950E+00    5.7803E-03
   1.1960E+00    5.6984E-03
   1.1970E+00    5.6159E-03
   1.1980E+00    5.5329E-03
   1.1990E+00    5.4493E-03
   1.2000E+00    5.3652E-03
   1.2010E+00    5.2805E-03
   1.2020E+00    5.1954E-03
   1.2030E+00    5.1097E-03
   1.2040E+00    5.0235E-03
   1.2050E+00    4.9367E-03
   1.2060E+00    4.8495E-03
   1.2070E+00    4.7618E-03
   1.2080E+00    4.6737E-03
   1.2090E+00    4.5850E-03
   1.2100E+00    4.4959E-03
   1.2110E+00    4.4064E-03
   1.2120E+00    4.3164E-03
   1.2130E+00    4.2260E-03
   1.2140E+00    4.1352E-03
   1.2150E+00    4.0439E-03
   1.2160E+00    3.9522E-03
   1.2170E+00    3.8602E-03
   1.2180E+00    3.7677E-03
   1.2190E+00    3.6749E-03
   1.2200E+00    3.5818E-03
   1.2210E+00    3.4882E-03
   1.2220E+00    3.3943E-03
   1.2230E+00    3.3001E-03
   1.2240E+00    3.2055E-03
   1.2250E+00    3.1107E-03
   1.2260E+00    3.0155E-03
   1.2270E+00    2.9200E-03
   1.2280E+00    2.8242E-03
   1.2290E+00    2.7281E-03
   1.2300E+00    2.6318E-03
   1.2310E+00    2.5352E-03
   1.2320E+00    2.4383E-03
   1.2330E+00    2.3412E-03
   1.2340E+00    2.2439E-03
   1.2350E+00    2.1463E-03
   1.2360E+00    2.0485E-03
   1.2370E+00    1.9506E-03
   1.2380E+00    1.8524E-03
   1.2390E+00    1.7540E-03
   1.2400E+00    1.6555E-03
   1.2410E+00    1.5568E-03
   1.2420E+00    1.4579E-03
   1.2430E+00    1.3589E-03
   1.2440E+00    1.2598E-03
   1.2450E+00    1.1605E-03
   1.2460E+00    1.0612E-03
   1.2470E+00    9.6168E-04
   1.2480E+00    8.6210E-04
   1.2490E+00    7.6244E-04
   1.2500E+00    6.6269E-04
   1.2510E+00    5.6288E-04
   1.2520E+00    4.6302E-04
   1.2530E+00    3.6310E-04
   1.2540E+00    2.6315E-04
   1.2550E+00    1.6318E-04
   1.2560E+00    6.3187E-05
   1.2570E+00   -3.6811E-05
   1.2580E+00   -1.3680E-04
   1.2590E+00   -2.3679E-04
   1.2600E+00   -3.3674E-04
   1.2610E+00   -4.3667E-04
   1.2620E+00   -5.3654E-04
   1.2630E+00   -6.3637E-04
   1.2640E+00   -7.3613E-04
   1.2650E+00   -8.3582E-04
   1.2660E+00   -9.3543E-04
   1.2670E+00   -1.0349E-03
   1.2680E+00   -1.1343E-03
   1.2690E+00   -1.2336E-03
   1.2700E+00   -1.3328E-03
   1.2710E+00   -1.4318E-03
   1.2720E+00   -1.5307E-03
   1.2730E+00   -1.6295E-03
   1.2740E+00   -1.7281E-03
   1.2750E+00   -1.8265E-03
   1.2760E+00   -1.9247E-03
   1.2770E+00   -2.0227E-03
   1.2780E+00   -2.1206E-03
   1.2790E+00   -2.2182E-03
   1.2800E+00   -2.3156E-03
   1.2810E+00   -2.4127E-03
   1.2820E+00   -2.5096E-03
   1.2830E+00   -2.6063E-03
   1.2840E+00   -2.7027E-03
   1.2850E+00   -2.7989E-03
   1.2860E+00   -2.8947E-03
   1.2870E+00   -2.9903E-03
   1.2880E+00   -3.0856E-03
   1.2890E+00   -3.1805E-03
   1.2900E+00   -3.2752E-03
   1.2910E+00   -3.3695E-03
   1.2920E+00   -3.4635E-03
   1.2930E+00   -3.5571E-03
   1.2940E+00   -3.6504E-03
   1.2950E+00   -3.7433E-03
   1.2960E+00   -3.8358E-03
   1.2970E+00   -3.9280E-03
   1.2980E+00   -4.0198E-03
   1.2990E+00   -4.1111E-03
   1.3000E+00   -4.2021E-03
   1.3010E+00   -4.2926E-03
   1.3020E+00   -4.3827E-03
   1.3030E+00   -4.4724E-03
   1.3040E+00   -4.5616E-03
   1.3050E+00   -4.6503E-03
   1.3060E+00   -4.7386E-03
   1.3070E+00   -4.8265E-03
   1.3080E+00   -4.9138E-03
   1.3090E+00   -5.0006E-03
   1.3100E+00   -5.0870E-03
   1.3110E+00   -5.1728E-03
   1.3120E+00   -5.2581E-03
   1.3130E+00   -5.3429E-03
   1.3140E+00   -5.4272E-03
   1.3150E+00   -5.5109E-03
   1.3160E+00   -5.5941E-03
   1.3170E+00   -5.6767E-03
   1.3180E+00   -5.7587E-03
   1.3190E+00   -5.8402E-03
   1.3200E+00   -5.9211E-03
   1.3210E+00   -6.0013E-03
   1.3220E+00   -6.0810E-03
   1.3230E+00   -6.1601E-03
   1.3240E+00   -6.2386E-03
   1.3250E+00   -6.3164E-03
   1.3260E+00   -6.3936E-03
   1.3270E+00   -6.4702E-03
   1.3280E+00   -6.5461E-03
   1.3290E+00   -6.6214E-03
   1.3300E+00   -6.6960E-03
   1.3310E+00   -6.7699E-03
   1.3320E+00   -6.8432E-03
   1.3330E+00   -6.9157E-03
   1.3340E+00   -6.9876E-03
   1.3350E+00   -7.0588E-03
   1.3360E+00   -7.1293E-03
   1.3370E+00   -7.1990E-03
   1.3380E+00   -7.2681E-03
   1.3390E+00   -7.3364E-03
   1.3400E+00   -7.4040E-03
   1.3410E+00   -7.4708E-03
   1.3420E+00   -7.5369E-03
   1.3430E+00   -7.6023E-03
   1.3440E+00   -7.6669E-03
   1.3450E+00   -7.7307E-03
   1.3460E+00   -7.7937E-03
   1.3470E+00   -7.8560E-03
   1.3480E+00   -7.9175E-03
   1.3490E+00   -7.9781E-03
   1.3500E+00   -8.0380E-03
   1.3510E+00   -8.0971E-03
   1.3520E+00   -8.1554E-03
   1.3530E+00   -8.2128E-03
   1.3540E+00   -8.2695E-03
   1.3550E+00   -8.3253E-03
   1.3560E+00   -8.3803E-03
   1.3570E+00   -8.4344E-03
   1.3580E+00   -8.4877E-03
   1.3590E+00   -8.5402E-03
   1.3600E+00   -8.5918E-03
   1.3610E+00   -8.6425E-03
   1.3620E+00   -8.6924E-03
   1.3630E+00   -8.7414E-03
   1.3640E+00   -8.7895E-03
   1.3650E+00   -8.8367E-03
   1.3660E+00   -8.8831E-03
   1.3670E+00   -8.9286E-03
   1.3680E+00   -8.9732E-03
   1.3690E+00   -9.0168E-03
   1.3700E+00   -9.0596E-03
   1.3710E+00   -9.1015E-03
   1.3720E+00   -9.1425E-03
   1.3730E+00   -9.1825E-03
   1.3740E+00   -9.2217E-03
   1.3750E+00   -9.2599E-03
   1.3760E+00   -9.2972E-03
   1.3770E+00   -9.3335E-03
   1.3780E+00   -9.3690E-03
   1.3790E+00   -9.4034E-03
   1.3800E+00   -9.4370E-03
   1.3810E+00   -9.4696E-03
   1.3820E+00   -9.5013E-03
   1.3830E+00   -9.5320E-03
   1.3840E+00   -9.5617E-03
   1.3850E+00   -9.5905E-03
   1.3860E+00   -9.6183E-03
   1.3870E+00   -9.6452E-03
   1.3880E+00   -9.6711E-03
   1.3890E+00   -9.6961E-03
   1.3900E+00   -9.7201E-03
   1.3910E+00   -9.7431E-03
   1.3920E+00   -9.7651E-03
   1.3930E+00   -9.7861E-03
   1.3940E+00   -9.8062E-03
   1.3950E+00   -9.8253E-03
   1.3960E+00   -9.8434E-03
   1.3970E+00   -9.8605E-03
   1.3980E+00   -9.8767E-03
   1.3990E+00   -9.8918E-03
   1.4000E+00   -9.9060E-03
   1.4010E+00   -9.9192E-03
   1.4020E+00   -9.9314E-03
   1.4030E+00   -9.9425E-03
   1.4040E+00   -9.9527E-03
   1.4050E+00   -9.9619E-03
   1.4060E+00   -9.9701E-03
   1.4070E+00   -9.9774E-03
   1.4080E+00   -9.9836E-03
   1.4090E+00   -9.9888E-03
   1.4100E+00   -9.9930E-03
   1.4110E+00   -9.9962E-03
   1.4120E+00   -9.9984E-03
   1.4130E+00   -9.9996E-03
   1.4140E+00   -9.9998E-03
   1.4150E+00   -9.9990E-03
   1.4160E+00   -9.9972E-03
   1.4170E+00   -9.9945E-03
   1.4180E+00   -9.9907E-03
   1.4190E+00   -9.9859E-03
   1.4200E+00   -9.9801E-03
   1.4210E+00   -9.9733E-03
   1.4220E+00   -9.9655E-03
   1.4230E+00   -9.9568E-03
   1.4240E+00   -9.9470E-03
   1.4250E+00   -9.9362E-03
   1.4260E+00   -9.9245E-03
   1.4270E+00   -9.9117E-03
   1.4280E+00   -9.8980E-03
   1.4290E+00   -9.8832E-03
   1.4300E+00   -9.8675E-03
   1.4310E+00   -9.8508E-03
   1.4320E+00   -9.8331E-03
   1.4330E+00   -9.8144E-03
   1.4340E+00   -9.7948E-03
   1.4350E+00   -9.7741E-03
   1.4360E+00   -9.7525E-03
   1.4370E+00   -9.7299E-03
   1.4380E+00   -9.7064E-03
   1.4390E+00   -9.6818E-03
   1.4400E+00   -9.6563E-03
   1.4410E+00   -9.6299E-03
   1.4420E+00   -9.6024E-03
   1.4430E+00   -9.5740E-03
   1.4440E+00   -9.5447E-03
   1.4450E+00   -9.5144E-03
   1.4460E+00   -9.4831E-03
   1.4470E+00   -9.4509E-03
   1.4480E+00   -9.4178E-03
   1.4490E+00   -9.3837E-03
   1.4500E+00   -9.3487E-03
   1.4510E+00   -9.3127E-03
   1.4520E+00   -9.2758E-03
   1.4530E+00   -9.2380E-03
   1.4540E+00   -9.1992E-03
   1.4550E+00   -9.1596E-03
   1.4560E+00   -9.1190E-03
   1.4570E+00   -9.0775E-03
   1.4580E+00   -9.0351E-03
   1.4590E+00   -8.9918E-03
   1.4600E+00   -8.9476E-03
   1.4610E+00   -8.9025E-03
   1.4620E+00   -8.8565E-03
   1.4630E+00   -8.8096E-03
   1.4640E+00   -8.7619E-03
   1.4650E+00   -8.7132E-03
   1.4660E+00   -8.6637E-03
   1.4670E+00   -8.6134E-03
   1.4680E+00   -8.5621E-03
   1.4690E+00   -8.5101E-03
   1.4700E+00   -8.4571E-03
   1.4710E+00   -8.4033E-03
   1.4720E+00   -8.3487E-03
   1.4730E+00   -8.2933E-03
   1.4740E+00   -8.2370E-03
   1.4750E+00   -8.1799E-03
   1.4760E+00   -8.1219E-03
   1.4770E+00   -8.0632E-03
   1.4780E+00   -8.0036E-03
   1.4790E+00   -7.9433E-03
   1.4800E+00   -7.8821E-03
   1.4810E+00   -7.8202E-03
   1.4820E+00   -7.7575E-03
   1.4830E+00   -7.6940E-03
   1.4840E+00   -7.6298E-03
   1.4850E+00   -7.5647E-03
   1.4860E+00   -7.4990E-03
   1.4870E+00   -7.4324E-03
   1.4880E+00   -7.3652E-03
   1.4890E+00   -7.2972E-03
   1.4900E+00   -7.2284E-03
   1.4910E+00   -7.1590E-03
   1.4920E+00   -7.0888E-03
   1.4930E+00   -7.0179E-03
   1.4940E+00   -6.9463E-03
   1.4950E+00   -6.8740E-03
   1.4960E+00   -6.8011E-03
   1.4970E+00   -6.7274E-03
   1.4980E+00   -6.6531E-03
   1.4990E+00   -6.5781E-03
   1.5000E+00   -6.5025E-03
   1.5010E+00   -6.4262E-03
   1.5020E+00   -6.3492E-03
   1.5030E+00   -6.2717E-03
   1.5040E+00   -6.1935E-03
   1.5050E+00   -6.1147E-03
   1.5060E+00   -6.0352E-03
   1.5070E+00   -5.9552E-03
   1.5080E+00   -5.8746E-03
   1.5090E+00   -5.7934E-03
   1.5100E+00   -5.7116E-03
   1.5110E+00   -5.6292E-03
   1.5120E+00   -5.5463E-03
   1.5130E+00   -5.4628E-03
   1.5140E+00   -5.3787E-03
   1.5150E+00   -5.2942E-03
   1.5160E+00   -5.2091E-03
   1.5170E+00   -5.1235E-03
   1.5180E+00   -5.0373E-03
   1.5190E+00   -4.9507E-03
   1.5200E+00   -4.8636E-03
   1.5210E+00   -4.7760E-03
   1.5220E+00   -4.6879E-03
   1.5230E+00   -4.5993E-03
   1.5240E+00   -4.5103E-03
   1.5250E+00   -4.4208E-03
   1.5260E+00   -4.3309E-03
   1.5270E+00   -4.2405E-03
   1.5280E+00   -4.1498E-03
   1.5290E+00   -4.0586E-03
   1.5300E+00   -3.9670E-03
   1.5310E+00   -3.8750E-03
   1.5320E+00   -3.7826E-03
   1.5330E+00   -3.6899E-03
   1.5340E+00   -3.5967E-03
   1.5350E+00   -3.5033E-03
   1.5360E+00   -3.4094E-03
   1.5370E+00   -3.3153E-03
   1.5380E+00   -3.2208E-03
   1.5390E+00   -3.1259E-03
   1.5400E+00   -3.0308E-03
   1.5410E+00   -2.9353E-03
   1.5420E+00   -2.8396E-03
   1.5430E+00   -2.7436E-03
   1.5440E+00   -2.6473E-03
   1.5450E+00   -2.5507E-03
   1.5460E+00   -2.4539E-03
   1.5470E+00   -2.3568E-03
   1.5480E+00   -2.2595E-03
   1.5490E+00   -2.1620E-03
   1.5500E+00   -2.0643E-03
   1.5510E+00   -1.9663E-03
   1.5520E+00   -1.8682E-03
   1.5530E+00   -1.7699E-03
   1.5540E+00   -1.6714E-03
   1.5550E+00   -1.5727E-03
   1.5560E+00   -1.4739E-03
   1.5570E+00   -1.3749E-03
   1.5580E+00   -1.2758E-03
   1.5590E+00   -1.1765E-03
   1.5600E+00   -1.0772E-03
   1.5610E+00   -9.7770E-04
   1.5620E+00   -8.7814E-04
   1.5630E+00   -7.7848E-04
   1.5640E+00   -6.7875E-04
   1.5650E+00   -5.7895E-04
   1.5660E+00   -4.7910E-04
   1.5670E+00   -3.7919E-04
   1.5680E+00   -2.7925E-04
   1.5690E+00   -1.7928E-04
   1.5700E+00   -7.9292E-05
   1.5710E+00    2.0704E-05
   1.5720E+00    1.2070E-04
   1.5730E+00    2.2068E-04
   1.5740E+00    3.2064E-04
   1.5750E+00    4.2057E-04
   1.5760E+00    5.2045E-04
   1.5770E+00    6.2029E-04
   1.5780E+00    7.2006E-04
   1.5790E+00    8.1976E-04
   1.5800E+00    9.1938E-04
   1.5810E+00    1.0189E-03
   1.5820E+00    1.1183E-03
   1.5830E+00    1.2176E-03
   1.5840E+00    1.3168E-03
   1.5850E+00    1.4159E-03
   1.5860E+00    1.5148E-03
   1.5870E+00    1.6136E-03
   1.5880E+00    1.7122E-03
   1.5890E+00    1.8106E-03
   1.5900E+00    1.9089E-03
   1.5910E+00    2.0069E-03
   1.5920E+00    2.1048E-03
   1.5930E+00    2.2024E-03
   1.5940E+00    2.2999E-03
   1.5950E+00    2.3971E-03
   1.5960E+00    2.4940E-03
   1.5970E+00    2.5907E-03
   1.5980E+00    2.6872E-03
   1.5990E+00    2.7834E-03
   1.6000E+00    2.8793E-03
   1.6010E+00    2.9749E-03
   1.6020E+00    3.0702E-03
   1.6030E+00    3.1652E-03
   1.6040E+00    3.2599E-03
   1.6050E+00    3.3543E-03
   1.6060E+00    3.4483E-03
   1.6070E+00    3.5420E-03
   1.6080E+00    3.6353E-03
   1.6090E+00    3.7283E-03
   1.6100E+00    3.8209E-03
   1.6110E+00    3.9131E-03
   1.6120E+00    4.0049E-03
   1.6130E+00    4.0964E-03
   1.6140E+00    4.1874E-03
   1.6150E+00    4.2780E-03
   1.6160E+00    4.3681E-03
   1.6170E+00    4.4579E-03
   1.6180E+00    4.5472E-03
   1.6190E+00    4.6360E-03
   1.6200E+00    4.7244E-03
   1.6210E+00    4.8122E-03
   1.6220E+00    4.8997E-03
   1.6230E+00    4.9866E-03
   1.6240E+00    5.0730E-03
   1.6250E+00    5.1589E-03
   1.6260E+00    5.2443E-03
   1.6270E+00    5.3292E-03
   1.6280E+00    5.4136E-03
   1.6290E+00    5.4974E-03
   1.6300E+00    5.5806E-03
   1.6310E+00    5.6633E-03
   1.6320E+00    5.7454E-03
   1.6330E+00    5.8270E-03
   1.6340E+00    5.9080E-03
   1.6350E+00    5.9883E-03
   1.6360E+00    6.0681E-03
   1.6370E+00    6.1473E-03
   1.6380E+00    6.2259E-03
   1.6390E+00    6.3038E-03
   1.6400E+00    6.3811E-03
   1.6410E+00    6.4578E-03
   1.6420E+00    6.5338E-03
   1.6430E+00    6.6092E-03
   1.6440E+00    6.6839E-03
   1.6450E+00    6.7579E-03
   1.6460E+00    6.8313E-03
   1.6470E+00    6.9040E-03
   1.6480E+00    6.9759E-03
   1.6490E+00    7.0472E-03
   1.6500E+00    7.1178E-03
   1.6510E+00    7.1877E-03
   1.6520E+00    7.2569E-03
   1.6530E+00    7.3253E-03
   1.6540E+00    7.3930E-03
   1.6550E+00    7.4600E-03
   1.6560E+00    7.5262E-03
   1.6570E+00    7.5916E-03
   1.6580E+00    7.6563E-03
   1.6590E+00    7.7203E-03
   1.6600E+00    7.7834E-03
   1.6610E+00    7.8458E-03
   1.6620E+00    7.9074E-03
   1.6630E+00    7.9682E-03
   1.6640E+00    8.0283E-03
   1.6650E+00    8.0875E-03
   1.6660E+00    8.1459E-03
   1.6670E+00    8.2035E-03
   1.6680E+00    8.2602E-03
   1.6690E+00    8.3162E-03
   1.6700E+00    8.3713E-03
   1.6710E+00    8.4255E-03
   1.6720E+00    8.4790E-03
   1.6730E+00    8.5316E-03
   1.6740E+00    8.5833E-03
   1.6750E+00    8.6342E-03
   1.6760E+00    8.6842E-03
   1.6770E+00    8.7333E-03
   1.6780E+00    8.7816E-03
   1.6790E+00    8.8290E-03
   1.6800E+00    8.8755E-03
   1.6810E+00    8.9211E-03
   1.6820E+00    8.9658E-03
   1.6830E+00    9.0096E-03
   1.6840E+00    9.0526E-03
   1.6850E+00    9.0946E-03
   1.6860E+00    9.1357E-03
   1.6870E+00    9.1759E-03
   1.6880E+00    9.2152E-03
   1.6890E+00    9.2535E-03
   1.6900E+00    9.2910E-03
   1.6910E+00    9.3275E-03
   1.6920E+00    9.3631E-03
   1.6930E+00    9.3977E-03
   1.6940E+00    9.4314E-03
   1.6950E+00    9.4641E-03
   1.6960E+00    9.4960E-03
   1.6970E+00    9.5268E-03
   1.6980E+00    9.5567E-03
   1.6990E+00    9.5857E-03
   1.7000E+00    9.6137E-03
   1.7010E+00    9.6407E-03
   1.7020E+00    9.6668E-03
   1.7030E+00    9.6919E-03
   1.7040E+00    9.7160E-03
   1.7050E+00    9.7391E-03
   1.7060E+00    9.7613E-03
   1.7070E+00    9.7825E-03
   1.7080E+00    9.8028E-03
   1.7090E+00    9.8220E-03
   1.7100E+00    9.8403E-03
   1.7110E+00    9.8576E-03
   1.7120E+00    9.8739E-03
   1.7130E+00    9.8892E-03
   1.7140E+00    9.9035E-03
   1.7150E+00    9.9168E-03
   1.7160E+00    9.9292E-03
   1.7170E+00    9.9405E-03
   1.7180E+00    9.9509E-03
   1.7190E+00    9.9602E-03
   1.7200E+00    9.9686E-03
   1.7210E+00    9.9759E-03
   1.7220E+00    9.9823E-03
   1.7230E+00    9.9877E-03
   1.7240E+00    9.9921E-03
   1.7250E+00    9.9954E-03
   1.7260E+00    9.9978E-03
   1.7270E+00    9.9992E-03
   1.7280E+00    9.9995E-03
   1.7290E+00    9.9989E-03
   1.7300E+00    9.9973E-03
   1.7310E+00    9.9946E-03
   1.7320E+00    9.9910E-03
   1.7330E+00    9.9864E-03
   1.7340E+00    9.9808E-03
   1.7350E+00    9.9741E-03
   1.7360E+00    9.9665E-03
   1.7370E+00    9.9579E-03
   1.7380E+00    9.9483E-03
   1.7390E+00    9.9377E-03
   1.7400E+00    9.9261E-03
   1.7410E+00    9.9135E-03
   1.7420E+00    9.8999E-03
   1.7430E+00    9.8853E-03
   1.7440E+00    9.8698E-03
   1.7450E+00    9.8532E-03
   1.7460E+00    9.8357E-03
   1.7470E+00    9.8172E-03
   1.7480E+00    9.7977E-03
   1.7490E+00    9.7772E-03
   1.7500E+00    9.7557E-03
   1.7510E+00    9.7333E-03
   1.7520E+00    9.7099E-03
   1.7530E+00    9.6855E-03
   1.7540E+00    9.6601E-03
   1.7550E+00    9.6338E-03
   1.7560E+00    9.6065E-03
   1.7570E+00    9.5783E-03
   1.7580E+00    9.5491E-03
   1.7590E+00    9.5190E-03
   1.7600E+00    9.4879E-03
   1.7610E+00    9.4558E-03
   1.7620E+00    9.4228E-03
   1.7630E+00    9.3889E-03
   1.7640E+00    9.3540E-03
   1.7650E+00    9.3182E-03
   1.7660E+00    9.2814E-03
   1.7670E+00    9.2438E-03
   1.7680E+00    9.2052E-03
   1.7690E+00    9.1656E-03
   1.7700E+00    9.1252E-03
   1.7710E+00    9.0839E-03
   1.7720E+00    9.0416E-03
   1.7730E+00    8.9984E-03
   1.7740E+00    8.9544E-03
   1.7750E+00    8.9094E-03
   1.7760E+00    8.8636E-03
   1.7770E+00    8.8169E-03
   1.7780E+00    8.7692E-03
   1.7790E+00    8.7207E-03
   1.7800E+00    8.6714E-03
   1.7810E+00    8.6212E-03
   1.7820E+00    8.5701E-03
   1.7830E+00    8.5181E-03
   1.7840E+00    8.4653E-03
   1.7850E+00    8.4117E-03
   1.7860E+00    8.3572E-03
   1.7870E+00    8.3019E-03
   1.7880E+00    8.2457E-03
   1.7890E+00    8.1887E-03
   1.7900E+00    8.1309E-03
   1.7910E+00    8.0723E-03
   1.7920E+00    8.0129E-03
   1.7930E+00    7.9527E-03
   1.7940E+00    7.8917E-03
   1.7950E+00    7.8298E-03
   1.7960E+00    7.7673E-03
   1.7970E+00    7.7039E-03
   1.7980E+00    7.6398E-03
   1.7990E+00    7.5749E-03
   1.8000E+00    7.5092E-03
   1.8010E+00    7.4428E-03
   1.8020E+00    7.3757E-03
   1.8030E+00    7.3078E-03
   1.8040E+00    7.2391E-03
   1.8050E+00    7.1698E-03
   1.8060E+00    7.0997E-03
   1.8070E+00    7.0290E-03
   1.8080E+00    6.9575E-03
   1.8090E+00    6.8853E-03
   1.8100E+00    6.8125E-03
   1.8110E+00    6.7389E-03
   1.8120E+00    6.6647E-03
   1.8130E+00    6.5898E-03
   1.8140E+00    6.5143E-03
   1.8150E+00    6.4381E-03
   1.8160E+00    6.3613E-03
   1.8170E+00    6.2838E-03
   1.8180E+00    6.2057E-03
   1.8190E+00    6.1270E-03
   1.8200E+00    6.0477E-03
   1.8210E+00    5.9677E-03
   1.8220E+00    5.8872E-03
   1.8230E+00    5.8061E-03
   1.8240E+00    5.7244E-03
   1.8250E+00    5.6421E-03
   1.8260E+00    5.5593E-03
   1.8270E+00    5.4759E-03
   1.8280E+00    5.3919E-03
   1.8290E+00    5.3074E-03
   1.8300E+00    5.2224E-03
   1.8310E+00    5.1369E-03
   1.8320E+00    5.0508E-03
   1.8330E+00    4.9643E-03
   1.8340E+00    4.8772E-03
   1.8350E+00    4.7897E-03
   1.8360E+00    4.7017E-03
   1.8370E+00    4.6132E-03
   1.8380E+00    4.5243E-03
   1.8390E+00    4.4349E-03
   1.8400E+00    4.3450E-03
   1.8410E+00    4.2547E-03
   1.8420E+00    4.1640E-03
   1.8430E+00    4.0729E-03
   1.8440E+00    3.9814E-03
   1.8450E+00    3.8895E-03
   1.8460E+00    3.7971E-03
   1.8470E+00    3.7045E-03
   1.8480E+00    3.6114E-03
   1.8490E+00    3.5180E-03
   1.8500E+00    3.4242E-03
   1.8510E+00    3.3301E-03
   1.8520E+00    3.2356E-03
   1.8530E+00    3.1408E-03
   1.8540E+00    3.0457E-03
   1.8550E+00    2.9504E-03
   1.8560E+00    2.8547E-03
   1.8570E+00    2.7587E-03
   1.8580E+00    2.6624E-03
   1.8590E+00    2.5659E-03
   1.8600E+00    2.4691E-03
   1.8610E+00    2.3721E-03
   1.8620E+00    2.2749E-03
   1.8630E+00    2.1774E-03
   1.8640E+00    2.0797E-03
   1.8650E+00    1.9818E-03
   1.8660E+00    1.8837E-03
   1.8670E+00    1.7854E-03
   1.8680E+00    1.6869E-03
   1.8690E+00    1.5882E-03
   1.8700E+00    1.4894E-03
   1.8710E+00    1.3905E-03
   1.8720E+00    1.2914E-03
   1.8730E+00    1.1922E-03
   1.8740E+00    1.0928E-03
   1.8750E+00    9.9338E-04
   1.8760E+00    8.9383E-04
   1.8770E+00    7.9419E-04
   1.8780E+00    6.9448E-04
   1.8790E+00    5.9469E-04
   1.8800E+00    4.9484E-04
   1.8810E+00    3.9495E-04
   1.8820E+00    2.9501E-04
   1.8830E+00    1.9505E-04
   1.8840E+00    9.5061E-05
   1.8850E+00   -4.9327E-06
   1.8860E+00   -1.0493E-04
   1.8870E+00   -2.0491E-04
   1.8880E+00   -3.0487E-04
   1.8890E+00   -4.0480E-04
   1.8900E+00   -5.0470E-04
   1.8910E+00   -6.0454E-04
   1.8920E+00   -7.0432E-04
   1.8930E+00   -8.0403E-04
   1.8940E+00   -9.0366E-04
   1.8950E+00   -1.0032E-03
   1.8960E+00   -1.1026E-03
   1.8970E+00   -1.2020E-03
   1.8980E+00   -1.3012E-03
   1.8990E+00   -1.4003E-03
   1.9000E+00   -1.4992E-03
   1.9010E+00   -1.5980E-03
   1.9020E+00   -1.6966E-03
   1.9030E+00   -1.7951E-03
   1.9040E+00   -1.8933E-03
   1.9050E+00   -1.9914E-03
   1.9060E+00   -2.0893E-03
   1.9070E+00   -2.1870E-03
   1.9080E+00   -2.2845E-03
   1.9090E+00   -2.3817E-03
   1.9100E+00   -2.4787E-03
   1.9110E+00   -2.5755E-03
   1.9120E+00   -2.6719E-03
   1.9130E+00   -2.7682E-03
   1.9140E+00   -2.8641E-03
   1.9150E+00   -2.9598E-03
   1.9160E+00   -3.0551E-03
   1.9170E+00   -3.1502E-03
   1.9180E+00   -3.2449E-03
   1.9190E+00   -3.3394E-03
   1.9200E+00   -3.4335E-03
   1.9210E+00   -3.5272E-03
   1.9220E+00   -3.6206E-03
   1.9230E+00   -3.7136E-03
   1.9240E+00   -3.8063E-03
   1.9250E+00   -3.8985E-03
   1.9260E+00   -3.9904E-03
   1.9270E+00   -4.0819E-03
   1.9280E+00   -4.1730E-03
   1.9290E+00   -4.2637E-03
   1.9300E+00   -4.3539E-03
   1.9310E+00   -4.4437E-03
   1.9320E+00   -4.5331E-03
   1.9330E+00   -4.6220E-03
   1.9340E+00   -4.7104E-03
   1.9350E+00   -4.7984E-03
   1.9360E+00   -4.8859E-03
   1.9370E+00   -4.9729E-03
   1.9380E+00   -5.0594E-03
   1.9390E+00   -5.1454E-03
   1.9400E+00   -5.2308E-03
   1.9410E+00   -5.3158E-03
   1.9420E+00   -5.4002E-03
   1.9430E+00   -5.4841E-03
   1.9440E+00   -5.5675E-03
   1.9450E+00   -5.6502E-03
   1.9460E+00   -5.7325E-03
   1.9470E+00   -5.8141E-03
   1.9480E+00   -5.8952E-03
   1.9490E+00   -5.9756E-03
   1.9500E+00   -6.0555E-03
   1.9510E+00   -6.1348E-03
   1.9520E+00   -6.2134E-03
   1.9530E+00   -6.2915E-03
   1.9540E+00   -6.3689E-03
   1.9550E+00   -6.4457E-03
   1.9560E+00   -6.5218E-03
   1.9570E+00   -6.5973E-03
   1.9580E+00   -6.6721E-03
   1.9590E+00   -6.7462E-03
   1.9600E+00   -6.8197E-03
   1.9610E+00   -6.8925E-03
   1.9620E+00   -6.9646E-03
   1.9630E+00   -7.0360E-03
   1.9640E+00   -7.1067E-03
   1.9650E+00   -7.1767E-03
   1.9660E+00   -7.2459E-03
   1.9670E+00   -7.3145E-03
   1.9680E+00   -7.3823E-03
   1.9690E+00   -7.4494E-03
   1.9700E+00   -7.5157E-03
   1.9710E+00   -7.5813E-03
   1.9720E+00   -7.6461E-03
   1.9730E+00   -7.7102E-03
   1.9740E+00   -7.7735E-03
   1.9750E+00   -7.8360E-03
   1.9760E+00   -7.8977E-03
   1.9770E+00   -7.9586E-03
   1.9780E+00   -8.0188E-03
   1.9790E+00   -8.0781E-03
   1.9800E+00   -8.1366E-03
   1.9810E+00   -8.1944E-03
   1.9820E+00   -8.2513E-03
   1.9830E+00   -8.3073E-03
   1.9840E+00   -8.3626E-03
   1.9850E+00   -8.4170E-03
   1.9860E+00   -8.4706E-03
   1.9870E+00   -8.5233E-03
   1.9880E+00   -8.5751E-03
   1.9890E+00   -8.6261E-03
   1.9900E+00   -8.6763E-03
   1.9910E+00   -8.7256E-03
   1.9920E+00   -8.7740E-03
   1.9930E+00   -8.8215E-03
   1.9940E+00   -8.8681E-03
   1.9950E+00   -8.9139E-03
   1.9960E+00   -8.9588E-03
   1.9970E+00   -9.0027E-03
   1.9980E+00   -9.0458E-03
   1.9990E+00   -9.0880E-03
   2.0000E+00   -9.1292E-03
