# node 2
   0.0000E+00    0.0000E+00
   1.0000E-03    0.0000E+00
   2.0000E-03   -3.3333E-14
   3.0000E-03   -1.3333E-13
   4.0000E-03   -3.3330E-13
   5.0000E-03   -6.6654E-13
   6.0000E-03   -1.1663E-12
   7.0000E-03   -1.8659E-12
   8.0000E-03   -2.7985E-12
   9.0000E-03   -3.9973E-12
   1.0000E-02   -5.4954E-12
   1.1000E-02   -7.3259E-12
   1.2000E-02   -9.5218E-12
   1.3000E-02   -1.2116E-11
   1.4000E-02   -1.5142E-11
   1.5000E-02   -1.8631E-11
   1.6000E-02   -2.2617E-11
   1.7000E-02   -2.7133E-11
   1.8000E-02   -3.2211E-11
   1.9000E-02   -3.7883E-11
   2.0000E-02   -4.4182E-11
   2.1000E-02   -5.1140E-11
   2.2000E-02   -5.8790E-11
   2.3000E-02   -6.7162E-11
   2.4000E-02   -7.6290E-11
   2.5000E-02   -8.6204E-11
   2.6000E-02   -9.6937E-11
   2.7000E-02   -1.0852E-10
   2.8000E-02   -1.2098E-10
   2.9000E-02   -1.3436E-10
   3.0000E-02   -1.4868E-10
   3.1000E-02   -1.6398E-10
   3.2000E-02   -1.8028E-10
   3.3000E-02   -1.9761E-10
   3.4000E-02   -2.1601E-10
   3.5000E-02   -2.3551E-10
   3.6000E-02   -2.5613E-10
   3.7000E-02   -2.7791E-10
   3.8000E-02   -3.0088E-10
   3.9000E-02   -3.2506E-10
   4.0000E-02   -3.5048E-10
   4.1000E-02   -3.7718E-10
   4.2000E-02   -4.0518E-10
   4.3000E-02   -4.3451E-10
   4.4000E-02   -4.6519E-10
   4.5000E-02   -4.9727E-10
   4.6000E-02   -5.3075E-10
   4.7000E-02   -5.6568E-10
   4.8000E-02   -6.0208E-10
   4.9000E-02   -6.3998E-10
   5.0000E-02   -6.7939E-10
   5.1000E-02   -7.2036E-10
   5.2000E-02   -7.6290E-10
   5.3000E-02   -8.0705E-10
   5.4000E-02   -8.5282E-10
   5.5000E-02   -9.0025E-10
   5.6000E-02   -9.4935E-10
   5.7000E-02   -1.0002E-09
   5.8000E-02   -1.0527E-09
   5.9000E-02   -1.1070E-09
   6.0000E-02   -1.1630E-09
   6.1000E-02   -1.2209E-09
   6.2000E-02   -1.2806E-09
   6.3000E-02   -1.3421E-09
   6.4000E-02   -1.4055E-09
   6.5000E-02   -1.4708E-09
   6.6000E-02   -1.5380E-09
   6.7000E-02   -1.6071E-09
   6.8000E-02   -1.6782E-09
   6.9000E-02   -1.7513E-09
   7.0000E-02   -1.8263E-09
   7.1000E-02   -1.9034E-09
   7.2000E-02   -1.9825E-09
   7.3000E-02   -2.0637E-09
   7.4000E-02   -2.1469E-09
   7.5000E-02   -2.2323E-09
   7.6000E-02   -2.3197E-09
   7.7000E-02   -2.4093E-09
   7.8000E-02   -2.5011E-09
   7.9000E-02   -2.5950E-09
   8.0000E-02   -2.6911E-09
   8.1000E-02   -2.7894E-09
   8.2000E-02   -2.8899E-09
   8.3000E-02   -2.9926E-09
   8.4000E-02   -3.0976E-09
   8.5000E-02   -3.2049E-09
   8.6000E-02   -3.3144E-09
   8.7000E-02   -3.4262E-09
   8.8000E-02   -3.5403E-09
   8.9000E-02   -3.6568E-09
   9.0000E-02   -3.7755E-09
   9.1000E-02   -3.8967E-09
   9.2000E-02   -4.0201E-09
   9.3000E-02   -4.1460E-09
   9.4000E-02   -4.2742E-09
   9.5000E-02   -4.4048E-09
   9.6000E-02   -4.5379E-09
   9.7000E-02   -4.6733E-09
   9.8000E-02   -4.8111E-09
   9.9000E-02   -4.9514E-09
   1.0000E-01   -5.0941E-09
   1.0100E-01   -5.2393E-09
   1.0200E-01   -5.3869E-09
   1.0300E-01   -5.5370E-09
   1.0400E-01   -5.6896E-09
   1.0500E-01   -5.8446E-09
   1.0600E-01   -6.0021E-09
   1.0700E-01   -6.1621E-09
   1.0800E-01   -6.3246E-09
   1.0900E-01   -6.4896E-09
   1.1000E-01   -6.6571E-09
   1.1100E-01   -6.8271E-09
   1.1200E-01   -6.9996E-09
   1.1300E-01   -7.1746E-09
   1.1400E-01   -7.3521E-09
   1.1500E-01   -7.5322E-09
   1.1600E-01   -7.7147E-09
   1.1700E-01   -7.8998E-09
   1.1800E-01   -8.0874E-09
   1.1900E-01   -8.2776E-09
   1.2000E-01   -8.4702E-09
   1.2100E-01   -8.6654E-09
   1.2200E-01   -8.8631E-09
   1.2300E-01   -9.0633E-09
   1.2400E-01   -9.2660E-09
   1.2500E-01   -9.4712E-09
   1.2600E-01   -9.6789E-09
   1.2700E-01   -9.8891E-09
   1.2800E-01   -1.0102E-08
   1.2900E-01   -1.0317E-08
   1.3000E-01   -1.0535E-08
   1.3100E-01   -1.0755E-08
   1.3200E-01   -1.0978E-08
   1.3300E-01   -1.1203E-08
   1.3400E-01   -1.1431E-08
   1.3500E-01   -1.1661E-08
   1.3600E-01   -1.1893E-08
   1.3700E-01   -1.2128E-08
   1.3800E-01   -1.2366E-08
   1.3900E-01   -1.2605E-08
   1.4000E-01   -1.2848E-08
   1.4100E-01   -1.3092E-08
   1.4200E-01   -1.3339E-08
   1.4300E-01   -1.3589E-08
   1.4400E-01   -1.3841E-08
   1.4500E-01   -1.4095E-08
   1.4600E-01   -1.4351E-08
   1.4700E-01   -1.4610E-08
   1.4800E-01   -1.4871E-08
   1.4900E-01   -1.5135E-08
   1.5000E-01   -1.5401E-08
   1.5100E-01   -1.5669E-08
   1.5200E-01   -1.5939E-08
   1.5300E-01   -1.6212E-08
   1.5400E-01   -1.6486E-08
   1.5500E-01   -1.6763E-08
   1.5600E-01   -1.7043E-08
   1.5700E-01   -1.7324E-08
   1.5800E-01   -1.7608E-08
   1.5900E-01   -1.7893E-08
   1.6000E-01   -1.8181E-08
   1.6100E-01   -1.8471E-08
   1.6200E-01   -1.8763E-08
   1.6300E-01   -1.9057E-08
   1.6400E-01   -1.9353E-08
   1.6500E-01   -1.9652E-08
   1.6600E-01   -1.9952E-08
   1.6700E-01   -2.0254E-08
   1.6800E-01   -2.0558E-08
   1.6900E-01   -2.0864E-08
   1.7000E-01   -2.1172E-08
   1.7100E-01   -2.1482E-08
   1.7200E-01   -2.1794E-08
   1.7300E-01   -2.2108E-08
   1.7400E-01   -2.2423E-08
   1.7500E-01   -2.2740E-08
   1.7600E-01   -2.3059E-08
   1.7700E-01   -2.3380E-08
   1.7800E-01   -2.3703E-08
   1.7900E-01   -2.4027E-08
   1.8000E-01   -2.4353E-08
   1.8100E-01   -2.4680E-08
   1.8200E-01   -2.5009E-08
   1.8300E-01   -2.5340E-08
   1.8400E-01   -2.5672E-08
   1.8500E-01   -2.6006E-08
   1.8600E-01   -2.6341E-08
   1.8700E-01   -2.6678E-08
   1.8800E-01   -2.7016E-08
   1.8900E-01   -2.7356E-08
   1.9000E-01   -2.7697E-08
   1.9100E-01   -2.8040E-08
   1.9200E-01   -2.8383E-08
   1.9300E-01   -2.8728E-08
   1.9400E-01   -2.9074E-08
   1.9500E-01   -2.9422E-08
   1.9600E-01   -2.9771E-08
   1.9700E-01   -3.0120E-08
   1.9800E-01   -3.0471E-08
   1.9900E-01   -3.0823E-08
   2.0000E-01   -3.1177E-08
   2.0100E-01   -3.1531E-08
   2.0200E-01   -3.1886E-08
   2.0300E-01   -3.2242E-08
   2.0400E-01   -3.2599E-08
   2.0500E-01   -3.2957E-08
   2.0600E-01   -3.3316E-08
   2.0700E-01   -3.3675E-08
   2.0800E-01   -3.4036E-08
   2.0900E-01   -3.4397E-08
   2.1000E-01   -3.4759E-08
   2.1100E-01   -3.5121E-08
   2.1200E-01   -3.5485E-08
   2.1300E-01   -3.5848E-08
   2.1400E-01   -3.6213E-08
   2.1500E-01   -3.6578E-08
   2.1600E-01   -3.6943E-08
   2.1700E-01   -3.7309E-08
   2.1800E-01   -3.7675E-08
   2.1900E-01   -3.8042E-08
   2.2000E-01   -3.8409E-08
   2.2100E-01   -3.8776E-08
   2.2200E-01   -3.9144E-08
   2.2300E-01   -3.9511E-08
   2.2400E-01   -3.9879E-08
   2.2500E-01   -4.0247E-08
   2.2600E-01   -4.0616E-08
   2.2700E-01   -4.0984E-08
   2.2800E-01   -4.1352E-08
   2.2900E-01   -4.1721E-08
   2.3000E-01   -4.2089E-08
   2.3100E-01   -4.2457E-08
   2.3200E-01   -4.2825E-08
   2.3300E-01   -4.3193E-08
   2.3400E-01   -4.3561E-08
   2.3500E-01   -4.3928E-08
   2.3600E-01   -4.4295E-08
   2.3700E-01   -4.4662E-08
   2.3800E-01   -4.5029E-08
   2.3900E-01   -4.5395E-08
   2.4000E-01   -4.5760E-08
   2.4100E-01   -4.6126E-08
   2.4200E-01   -4.6490E-08
   2.4300E-01   -4.6854E-08
   2.4400E-01   -4.7218E-08
   2.4500E-01   -4.7580E-08
   2.4600E-01   -4.7942E-08
   2.4700E-01   -4.8304E-08
   2.4800E-01   -4.8664E-08
   2.4900E-01   -4.9024E-08
   2.5000E-01   -4.9383E-08
   2.5100E-01   -4.9741E-08
   2.5200E-01   -5.0098E-08
   2.5300E-01   -5.0454E-08
   2.5400E-01   -5.0809E-08
   2.5500E-01   -5.1162E-08
   2.5600E-01   -5.1515E-08
   2.5700E-01   -5.1867E-08
   2.5800E-01   -5.2217E-08
   2.5900E-01   -5.2567E-08
   2.6000E-01   -5.2915E-08
   2.6100E-01   -5.3261E-08
   2.6200E-01   -5.3606E-08
   2.6300E-01   -5.3950E-08
   2.6400E-01   -5.4293E-08
   2.6500E-01   -5.4634E-08
   2.6600E-01   -5.4973E-08
   2.6700E-01   -5.5311E-08
   2.6800E-01   -5.5648E-08
   2.6900E-01   -5.5982E-08
   2.7000E-01   -5.6315E-08
   2.7100E-01   -5.6646E-08
   2.7200E-01   -5.6976E-08
   2.7300E-01   -5.7304E-08
   2.7400E-01   -5.7630E-08
   2.7500E-01   -5.7954E-08
   2.7600E-01   -5.8276E-08
   2.7700E-01   -5.8596E-08
   2.7800E-01   -5.8914E-08
   2.7900E-01   -5.9230E-08
   2.8000E-01   -5.9544E-08
   2.8100E-01   -5.9856E-08
   2.8200E-01   -6.0166E-08
   2.8300E-01   -6.0474E-08
   2.8400E-01   -6.0779E-08
   2.8500E-01   -6.1082E-08
   2.8600E-01   -6.1383E-08
   2.8700E-01   -6.1681E-08
   2.8800E-01   -6.1978E-08
   2.8900E-01   -6.2271E-08
   2.9000E-01   -6.2563E-08
   2.9100E-01   -6.2851E-08
   2.9200E-01   -6.3138E-08
   2.9300E-01   -6.3421E-08
   2.9400E-01   -6.3702E-08
   2.9500E-01   -6.3981E-08
   2.9600E-01   -6.4257E-08
   2.9700E-01   -6.4530E-08
   2.9800E-01   -6.4800E-08
   2.9900E-01   -6.5068E-08
   3.0000E-01   -6.5333E-08
   3.0100E-01   -6.5595E-08
   3.0200E-01   -6.5854E-08
   3.0300E-01   -6.6110E-08
   3.0400E-01   -6.6364E-08
   3.0500E-01   -6.6614E-08
   3.0600E-01   -6.6862E-08
   3.0700E-01   -6.7106E-08
   3.0800E-01   -6.7347E-08
   3.0900E-01   -6.7586E-08
   3.1000E-01   -6.7821E-08
   3.1100E-01   -6.8053E-08
   3.1200E-01   -6.8281E-08
   3.1300E-01   -6.8507E-08
   3.1400E-01   -6.8729E-08
   3.1500E-01   -6.8948E-08
   3.1600E-01   -6.9164E-08
   3.1700E-01   -6.9377E-08
   3.1800E-01   -6.9586E-08
   3.1900E-01   -6.9792E-08
   3.2000E-01   -6.9994E-08
   3.2100E-01   -7.0193E-08
   3.2200E-01   -7.0389E-08
   3.2300E-01   -7.0581E-08
   3.2400E-01   -7.0769E-08
   3.2500E-01   -7.0954E-08
   3.2600E-01   -7.1135E-08
   3.2700E-01   -7.1313E-08
   3.2800E-01   -7.1488E-08
   3.2900E-01   -7.1658E-08
   3.3000E-01   -7.1825E-08
   3.3100E-01   -7.1989E-08
   3.3200E-01   -7.2148E-08
   3.3300E-01   -7.2304E-08
   3.3400E-01   -7.2456E-08
   3.3500E-01   -7.2605E-08
   3.3600E-01   -7.2750E-08
   3.3700E-01   -7.2890E-08
   3.3800E-01   -7.3028E-08
   3.3900E-01   -7.3161E-08
   3.4000E-01   -7.3290E-08
   3.4100E-01   -7.3416E-08
   3.4200E-01   -7.3538E-08
   3.4300E-01   -7.3655E-08
   3.4400E-01   -7.3769E-08
   3.4500E-01   -7.3879E-08
   3.4600E-01   -7.3985E-08
   3.4700E-01   -7.4087E-08
   3.4800E-01   -7.4186E-08
   3.4900E-01   -7.4280E-08
   3.5000E-01   -7.4370E-08
   3.5100E-01   -7.4456E-08
   3.5200E-01   -7.4538E-08
   3.5300E-01   -7.4616E-08
   3.5400E-01   -7.4690E-08
   3.5500E-01   -7.4760E-08
   3.5600E-01   -7.4826E-08
   3.5700E-01   -7.4888E-08
   3.5800E-01   -7.4946E-08
   3.5900E-01   -7.5000E-08
   3.6000E-01   -7.5050E-08
   3.6100E-01   -7.5095E-08
   3.6200E-01   -7.5137E-08
   3.6300E-01   -7.5174E-08
   3.6400E-01   -7.5208E-08
   3.6500E-01   -7.5237E-08
   3.6600E-01   -7.5262E-08
   3.6700E-01   -7.5283E-08
   3.6800E-01   -7.5300E-08
   3.6900E-01   -7.5312E-08
   3.7000E-01   -7.5321E-08
   3.7100E-01   -7.5325E-08
   3.7200E-01   -7.5326E-08
   3.7300E-01   -7.5322E-08
   3.7400E-01   -7.5314E-08
   3.7500E-01   -7.5302E-08
   3.7600E-01   -7.5286E-08
   3.7700E-01   -7.5265E-08
   3.7800E-01   -7.5241E-08
   3.7900E-01   -7.5212E-08
   3.8000E-01   -7.5180E-08
   3.8100E-01   -7.5143E-08
   3.8200E-01   -7.5102E-08
   3.8300E-01   -7.5057E-08
   3.8400E-01   -7.5008E-08
   3.8500E-01   -7.4955E-08
   3.8600E-01   -7.4898E-08
   3.8700E-01   -7.4837E-08
   3.8800E-01   -7.4771E-08
   3.8900E-01   -7.4702E-08
   3.9000E-01   -7.4629E-08
   3.9100E-01   -7.4551E-08
   3.9200E-01   -7.4470E-08
   3.9300E-01   -7.4385E-08
   3.9400E-01   -7.4295E-08
   3.9500E-01   -7.4202E-08
   3.9600E-01   -7.4104E-08
   3.9700E-01   -7.4003E-08
   3.9800E-01   -7.3898E-08
   3.9900E-01   -7.3789E-08
   4.0000E-01   -7.3676E-08
   4.0100E-01   -7.3559E-08
   4.0200E-01   -7.3438E-08
   4.0300E-01   -7.3314E-08
   4.0400E-01   -7.3185E-08
   4.0500E-01   -7.3053E-08
   4.0600E-01   -7.2917E-08
   4.0700E-01   -7.2777E-08
   4.0800E-01   -7.2634E-08
   4.0900E-01   -7.2487E-08
   4.1000E-01   -7.2336E-08
   4.1100E-01   -7.2181E-08
   4.1200E-01   -7.2023E-08
   4.1300E-01   -7.1861E-08
   4.1400E-01   -7.1695E-08
   4.1500E-01   -7.1526E-08
   4.1600E-01   -7.1353E-08
   4.1700E-01   -7.1177E-08
   4.1800E-01   -7.0997E-08
   4.1900E-01   -7.0814E-08
   4.2000E-01   -7.0627E-08
   4.2100E-01   -7.0437E-08
   4.2200E-01   -7.0244E-08
   4.2300E-01   -7.0047E-08
   4.2400E-01   -6.9847E-08
   4.2500E-01   -6.9643E-08
   4.2600E-01   -6.9436E-08
   4.2700E-01   -6.9226E-08
   4.2800E-01   -6.9013E-08
   4.2900E-01   -6.8797E-08
   4.3000E-01   -6.8577E-08
   4.3100E-01   -6.8355E-08
   4.3200E-01   -6.8129E-08
   4.3300E-01   -6.7900E-08
   4.3400E-01   -6.7668E-08
   4.3500E-01   -6.7433E-08
   4.3600E-01   -6.7196E-08
   4.3700E-01   -6.6955E-08
   4.3800E-01   -6.6711E-08
   4.3900E-01   -6.6465E-08
   4.4000E-01   -6.6216E-08
   4.4100E-01   -6.5964E-08
   4.4200E-01   -6.5709E-08
   4.4300E-01   -6.5452E-08
   4.4400E-01   -6.5192E-08
   4.4500E-01   -6.4930E-08
   4.4600E-01   -6.4665E-08
   4.4700E-01   -6.4397E-08
   4.4800E-01   -6.4127E-08
   4.4900E-01   -6.3855E-08
   4.5000E-01   -6.3580E-08
   4.5100E-01   -6.3303E-08
   4.5200E-01   -6.3023E-08
   4.5300E-01   -6.2741E-08
   4.5400E-01   -6.2457E-08
   4.5500E-01   -6.2171E-08
   4.5600E-01   -6.1883E-08
   4.5700E-01   -6.1593E-08
   4.5800E-01   -6.1300E-08
   4.5900E-01   -6.1006E-08
   4.6000E-01   -6.0710E-08
   4.6100E-01   -6.0412E-08
   4.6200E-01   -6.0112E-08
   4.6300E-01   -5.9810E-08
   4.6400E-01   -5.9506E-08
   4.6500E-01   -5.9201E-08
   4.6600E-01   -5.8894E-08
   4.6700E-01   -5.8586E-08
   4.6800E-01   -5.8276E-08
   4.6900E-01   -5.7964E-08
   4.7000E-01   -5.7652E-08
   4.7100E-01   -5.7337E-08
   4.7200E-01   -5.7022E-08
   4.7300E-01   -5.6705E-08
   4.7400E-01   -5.6386E-08
   4.7500E-01   -5.6067E-08
   4.7600E-01   -5.5746E-08
   4.7700E-01   -5.5425E-08
   4.7800E-01   -5.5102E-08
   4.7900E-01   -5.4779E-08
   4.8000E-01   -5.4454E-08
   4.8100E-01   -5.4129E-08
   4.8200E-01   -5.3802E-08
   4.8300E-01   -5.3475E-08
   4.8400E-01   -5.3148E-08
   4.8500E-01   -5.2819E-08
   4.8600E-01   -5.2491E-08
   4.8700E-01   -5.2161E-08
   4.8800E-01   -5.1831E-08
   4.8900E-01   -5.1501E-08
   4.9000E-01   -5.1170E-08
   4.9100E-01   -5.0839E-08
   4.9200E-01   -5.0508E-08
   4.9300E-01   -5.0176E-08
   4.9400E-01   -4.9844E-08
   4.9500E-01   -4.9513E-08
   4.9600E-01   -4.9181E-08
   4.9700E-01   -4.8849E-08
   4.9800E-01   -4.8517E-08
   4.9900E-01   -4.8186E-08
   5.0000E-01   -4.7854E-08
   5.0100E-01   -4.7523E-08
   5.0200E-01   -4.7192E-08
   5.0300E-01   -4.6862E-08
   5.0400E-01   -4.6532E-08
   5.0500E-01   -4.6202E-08
   5.0600E-01   -4.5873E-08
   5.0700E-01   -4.5545E-08
   5.0800E-01   -4.5217E-08
   5.0900E-01   -4.4890E-08
   5.1000E-01   -4.4564E-08
   5.1100E-01   -4.4239E-08
   5.1200E-01   -4.3914E-08
   5.1300E-01   -4.3591E-08
   5.1400E-01   -4.3268E-08
   5.1500E-01   -4.2947E-08
   5.1600E-01   -4.2626E-08
   5.1700E-01   -4.2307E-08
   5.1800E-01   -4.1989E-08
   5.1900E-01   -4.1673E-08
   5.2000E-01   -4.1357E-08
   5.2100E-01   -4.1043E-08
   5.2200E-01   -4.0731E-08
   5.2300E-01   -4.0420E-08
   5.2400E-01   -4.0111E-08
   5.2500E-01   -3.9804E-08
   5.2600E-01   -3.9498E-08
   5.2700E-01   -3.9194E-08
   5.2800E-01   -3.8891E-08
   5.2900E-01   -3.8591E-08
   5.3000E-01   -3.8293E-08
   5.3100E-01   -3.7996E-08
   5.3200E-01   -3.7702E-08
   5.3300E-01   -3.7410E-08
   5.3400E-01   -3.7120E-08
   5.3500E-01   -3.6832E-08
   5.3600E-01   -3.6547E-08
   5.3700E-01   -3.6263E-08
   5.3800E-01   -3.5983E-08
   5.3900E-01   -3.5704E-08
   5.4000E-01   -3.5429E-08
   5.4100E-01   -3.5155E-08
   5.4200E-01   -3.4885E-08
   5.4300E-01   -3.4617E-08
   5.4400E-01   -3.4352E-08
   5.4500E-01   -3.4090E-08
   5.4600E-01   -3.3830E-08
   5.4700E-01   -3.3574E-08
   5.4800E-01   -3.3320E-08
   5.4900E-01   -3.3070E-08
   5.5000E-01   -3.2822E-08
   5.5100E-01   -3.2578E-08
   5.5200E-01   -3.2337E-08
   5.5300E-01   -3.2099E-08
   5.5400E-01   -3.1864E-08
   5.5500E-01   -3.1633E-08
   5.5600E-01   -3.1405E-08
   5.5700E-01   -3.1180E-08
   5.5800E-01   -3.0959E-08
   5.5900E-01   -3.0742E-08
   5.6000E-01   -3.0528E-08
   5.6100E-01   -3.0318E-08
   5.6200E-01   -3.0112E-08
   5.6300E-01   -2.9909E-08
   5.6400E-01   -2.9710E-08
   5.6500E-01   -2.9515E-08
   5.6600E-01   -2.9324E-08
   5.6700E-01   -2.9137E-08
   5.6800E-01   -2.8954E-08
   5.6900E-01   -2.8775E-08
   5.7000E-01   -2.8600E-08
   5.7100E-01   -2.8429E-08
   5.7200E-01   -2.8262E-08
   5.7300E-01   -2.8100E-08
   5.7400E-01   -2.7942E-08
   5.7500E-01   -2.7788E-08
   5.7600E-01   -2.7639E-08
   5.7700E-01   -2.7494E-08
   5.7800E-01   -2.7353E-08
   5.7900E-01   -2.7217E-08
   5.8000E-01   -2.7086E-08
   5.8100E-01   -2.6959E-08
   5.8200E-01   -2.6836E-08
   5.8300E-01   -2.6719E-08
   5.8400E-01   -2.6606E-08
   5.8500E-01   -2.6498E-08
   5.8600E-01   -2.6395E-08
   5.8700E-01   -2.6296E-08
   5.8800E-01   -2.6203E-08
   5.8900E-01   -2.6114E-08
   5.9000E-01   -2.6030E-08
   5.9100E-01   -2.5952E-08
   5.9200E-01   -2.5878E-08
   5.9300E-01   -2.5810E-08
   5.9400E-01   -2.5746E-08
   5.9500E-01   -2.5688E-08
   5.9600E-01   -2.5635E-08
   5.9700E-01   -2.5587E-08
   5.9800E-01   -2.5544E-08
   5.9900E-01   -2.5507E-08
   6.0000E-01   -2.5474E-08
   6.0100E-01   -2.5448E-08
   6.0200E-01   -2.5426E-08
   6.0300E-01   -2.5410E-08
   6.0400E-01   -2.5400E-08
   6.0500E-01   -2.5395E-08
   6.0600E-01   -2.5395E-08
   6.0700E-01   -2.5401E-08
   6.0800E-01   -2.5412E-08
   6.0900E-01   -2.5429E-08
   6.1000E-01   -2.5452E-08
   6.1100E-01   -2.5480E-08
   6.1200E-01   -2.5514E-08
   6.1300E-01   -2.5554E-08
   6.1400E-01   -2.5599E-08
   6.1500E-01   -2.5650E-08
   6.1600E-01   -2.5707E-08
   6.1700E-01   -2.5769E-08
   6.1800E-01   -2.5837E-08
   6.1900E-01   -2.5912E-08
   6.2000E-01   -2.5991E-08
   6.2100E-01   -2.6077E-08
   6.2200E-01   -2.6169E-08
   6.2300E-01   -2.6266E-08
   6.2400E-01   -2.6370E-08
   6.2500E-01   -2.6479E-08
   6.2600E-01   -2.6594E-08
   6.2700E-01   -2.6715E-08
   6.2800E-01   -2.6842E-08
   6.2900E-01   -2.6976E-08
   6.3000E-01   -2.7115E-08
   6.3100E-01   -2.7260E-08
   6.3200E-01   -2.7411E-08
   6.3300E-01   -2.7568E-08
   6.3400E-01   -2.7731E-08
   6.3500E-01   -2.7900E-08
   6.3600E-01   -2.8075E-08
   6.3700E-01   -2.8256E-08
   6.3800E-01   -2.8443E-08
   6.3900E-01   -2.8637E-08
   6.4000E-01   -2.8836E-08
   6.4100E-01   -2.9042E-08
   6.4200E-01   -2.9253E-08
   6.4300E-01   -2.9471E-08
   6.4400E-01   -2.9694E-08
   6.4500E-01   -2.9924E-08
   6.4600E-01   -3.0160E-08
   6.4700E-01   -3.0401E-08
   6.4800E-01   -3.0649E-08
   6.4900E-01   -3.0903E-08
   6.5000E-01   -3.1163E-08
   6.5100E-01   -3.1429E-08
   6.5200E-01   -3.1702E-08
   6.5300E-01   -3.1980E-08
   6.5400E-01   -3.2264E-08
   6.5500E-01   -3.2554E-08
   6.5600E-01   -3.2851E-08
   6.5700E-01   -3.3153E-08
   6.5800E-01   -3.3461E-08
   6.5900E-01   -3.3776E-08
   6.6000E-01   -3.4096E-08
   6.6100E-01   -3.4422E-08
   6.6200E-01   -3.4755E-08
   6.6300E-01   -3.5093E-08
   6.6400E-01   -3.5437E-08
   6.6500E-01   -3.5787E-08
   6.6600E-01   -3.6143E-08
   6.6700E-01   -3.6505E-08
   6.6800E-01   -3.6873E-08
   6.6900E-01   -3.7247E-08
   6.7000E-01   -3.7626E-08
   6.7100E-01   -3.8012E-08
   6.7200E-01   -3.8403E-08
   6.7300E-01   -3.8800E-08
   6.7400E-01   -3.9202E-08
   6.7500E-01   -3.9611E-08
   6.7600E-01   -4.0025E-08
   6.7700E-01   -4.0445E-08
   6.7800E-01   -4.0870E-08
   6.7900E-01   -4.1301E-08
   6.8000E-01   -4.1738E-08
   6.8100E-01   -4.2180E-08
   6.8200E-01   -4.2628E-08
   6.8300E-01   -4.3082E-08
   6.8400E-01   -4.3540E-08
   6.8500E-01   -4.4005E-08
   6.8600E-01   -4.4475E-08
   6.8700E-01   -4.4950E-08
   6.8800E-01   -4.5430E-08
   6.8900E-01   -4.5916E-08
   6.9000E-01   -4.6407E-08
   6.9100E-01   -4.6904E-08
   6.9200E-01   -4.7406E-08
   6.9300E-01   -4.7912E-08
   6.9400E-01   -4.8424E-08
   6.9500E-01   -4.8942E-08
   6.9600E-01   -4.9464E-08
   6.9700E-01   -4.9991E-08
   6.9800E-01   -5.0523E-08
   6.9900E-01   -5.1061E-08
   7.0000E-01   -5.1603E-08
   7.0100E-01   -5.2150E-08
   7.0200E-01   -5.2702E-08
   7.0300E-01   -5.3259E-08
   7.0400E-01   -5.3820E-08
   7.0500E-01   -5.4386E-08
   7.0600E-01   -5.4957E-08
   7.0700E-01   -5.5532E-08
   7.0800E-01   -5.6112E-08
   7.0900E-01   -5.6697E-08
   7.1000E-01   -5.7286E-08
   7.1100E-01   -5.7879E-08
   7.1200E-01   -5.8477E-08
   7.1300E-01   -5.9079E-08
   7.1400E-01   -5.9685E-08
   7.1500E-01   -6.0296E-08
   7.1600E-01   -6.0911E-08
   7.1700E-01   -6.1529E-08
   7.1800E-01   -6.2152E-08
   7.1900E-01   -6.2779E-08
   7.2000E-01   -6.3410E-08
   7.2100E-01   -6.4045E-08
   7.2200E-01   -6.4683E-08
   7.2300E-01   -6.5325E-08
   7.2400E-01   -6.5971E-08
   7.2500E-01   -6.6621E-08
   7.2600E-01   -6.7274E-08
   7.2700E-01   -6.7931E-08
   7.2800E-01   -6.8591E-08
   7.2900E-01   -6.9255E-08
   7.3000E-01   -6.9922E-08
   7.3100E-01   -7.0593E-08
   7.3200E-01   -7.1266E-08
   7.3300E-01   -7.1943E-08
   7.3400E-01   -7.2623E-08
   7.3500E-01   -7.3306E-08
   7.3600E-01   -7.3992E-08
   7.3700E-01   -7.4681E-08
   7.3800E-01   -7.5372E-08
   7.3900E-01   -7.6067E-08
   7.4000E-01   -7.6764E-08
   7.4100E-01   -7.7464E-08
   7.4200E-01   -7.8167E-08
   7.4300E-01   -7.8872E-08
   7.4400E-01   -7.9579E-08
   7.4500E-01   -8.0289E-08
   7.4600E-01   -8.1001E-08
   7.4700E-01   -8.1715E-08
   7.4800E-01   -8.2432E-08
   7.4900E-01   -8.3150E-08
   7.5000E-01   -8.3871E-08
   7.5100E-01   -8.4594E-08
   7.5200E-01   -8.5318E-08
   7.5300E-01   -8.6044E-08
   7.5400E-01   -8.6773E-08
   7.5500E-01   -8.7502E-08
   7.5600E-01   -8.8234E-08
   7.5700E-01   -8.8966E-08
   7.5800E-01   -8.9701E-08
   7.5900E-01   -9.0436E-08
   7.6000E-01   -9.1173E-08
   7.6100E-01   -9.1912E-08
   7.6200E-01   -9.2651E-08
   7.6300E-01   -9.3391E-08
   7.6400E-01   -9.4133E-08
   7.6500E-01   -9.4875E-08
   7.6600E-01   -9.5618E-08
   7.6700E-01   -9.6362E-08
   7.6800E-01   -9.7107E-08
   7.6900E-01   -9.7852E-08
   7.7000E-01   -9.8598E-08
   7.7100E-01   -9.9344E-08
   7.7200E-01   -1.0009E-07
   7.7300E-01   -1.0084E-07
   7.7400E-01   -1.0158E-07
   7.7500E-01   -1.0233E-07
   7.7600E-01   -1.0308E-07
   7.7700E-01   -1.0383E-07
   7.7800E-01   -1.0457E-07
   7.7900E-01   -1.0532E-07
   7.8000E-01   -1.0607E-07
   7.8100E-01   -1.0681E-07
   7.8200E-01   -1.0756E-07
   7.8300E-01   -1.0831E-07
   7.8400E-01   -1.0905E-07
   7.8500E-01   -1.0979E-07
   7.8600E-01   -1.1054E-07
   7.8700E-01   -1.1128E-07
   7.8800E-01   -1.1202E-07
   7.8900E-01   -1.1276E-07
   7.9000E-01   -1.1350E-07
   7.9100E-01   -1.1424E-07
   7.9200E-01   -1.1498E-07
   7.9300E-01   -1.1571E-07
   7.9400E-01   -1.1645E-07
   7.9500E-01   -1.1718E-07
   7.9600E-01   -1.1791E-07
   7.9700E-01   -1.1864E-07
   7.9800E-01   -1.1937E-07
   7.9900E-01   -1.2010E-07
   8.0000E-01   -1.2082E-07
   8.0100E-01   -1.2155E-07
   8.0200E-01   -1.2227E-07
   8.0300E-01   -1.2299E-07
   8.0400E-01   -1.2370E-07
   8.0500E-01   -1.2442E-07
   8.0600E-01   -1.2513E-07
   8.0700E-01   -1.2584E-07
   8.0800E-01   -1.2654E-07
   8.0900E-01   -1.2725E-07
   8.1000E-01   -1.2795E-07
   8.1100E-01   -1.2865E-07
   8.1200E-01   -1.2934E-07
   8.1300E-01   -1.3004E-07
   8.1400E-01   -1.3073E-07
   8.1500E-01   -1.3141E-07
   8.1600E-01   -1.3210E-07
   8.1700E-01   -1.3278E-07
   8.1800E-01   -1.3345E-07
   8.1900E-01   -1.3413E-07
   8.2000E-01   -1.3480E-07
   8.2100E-01   -1.3546E-07
   8.2200E-01   -1.3613E-07
   8.2300E-01   -1.3679E-07
   8.2400E-01   -1.3744E-07
   8.2500E-01   -1.3809E-07
   8.2600E-01   -1.3874E-07
   8.2700E-01   -1.3938E-07
   8.2800E-01   -1.4002E-07
   8.2900E-01   -1.4066E-07
   8.3000E-01   -1.4129E-07
   8.3100E-01   -1.4192E-07
   8.3200E-01   -1.4254E-07
   8.3300E-01   -1.4316E-07
   8.3400E-01   -1.4377E-07
   8.3500E-01   -1.4438E-07
   8.3600E-01   -1.4498E-07
   8.3700E-01   -1.4558E-07
   8.3800E-01   -1.4618E-07
   8.3900E-01   -1.4677E-07
   8.4000E-01   -1.4735E-07
   8.4100E-01   -1.4793E-07
   8.4200E-01   -1.4851E-07
   8.4300E-01   -1.4907E-07
   8.4400E-01   -1.4964E-07
   8.4500E-01   -1.5020E-07
   8.4600E-01   -1.5075E-07
   8.4700E-01   -1.5130E-07
   8.4800E-01   -1.5184E-07
   8.4900E-01   -1.5238E-07
   8.5000E-01   -1.5291E-07
   8.5100E-01   -1.5343E-07
   8.5200E-01   -1.5395E-07
   8.5300E-01   -1.5447E-07
   8.5400E-01   -1.5497E-07
   8.5500E-01   -1.5547E-07
   8.5600E-01   -1.5597E-07
   8.5700E-01   -1.5646E-07
   8.5800E-01   -1.5694E-07
   8.5900E-01   -1.5742E-07
   8.6000E-01   -1.5789E-07
   8.6100E-01   -1.5835E-07
   8.6200E-01   -1.5881E-07
   8.6300E-01   -1.5926E-07
   8.6400E-01   -1.5971E-07
   8.6500E-01   -1.6014E-07
   8.6600E-01   -1.6058E-07
   8.6700E-01   -1.6100E-07
   8.6800E-01   -1.6142E-07
   8.6900E-01   -1.6183E-07
   8.7000E-01   -1.6223E-07
   8.7100E-01   -1.6263E-07
   8.7200E-01   -1.6302E-07
   8.7300E-01   -1.6340E-07
   8.7400E-01   -1.6378E-07
   8.7500E-01   -1.6415E-07
   8.7600E-01   -1.6451E-07
   8.7700E-01   -1.6486E-07
   8.7800E-01   -1.6521E-07
   8.7900E-01   -1.6555E-07
   8.8000E-01   -1.6588E-07
   8.8100E-01   -1.6621E-07
   8.8200E-01   -1.6653E-07
   8.8300E-01   -1.6683E-07
   8.8400E-01   -1.6714E-07
   8.8500E-01   -1.6743E-07
   8.8600E-01   -1.6772E-07
   8.8700E-01   -1.6800E-07
   8.8800E-01   -1.6827E-07
   8.8900E-01   -1.6853E-07
   8.9000E-01   -1.6879E-07
   8.9100E-01   -1.6904E-07
   8.9200E-01   -1.6928E-07
   8.9300E-01   -1.6951E-07
   8.9400E-01   -1.6973E-07
   8.9500E-01   -1.6995E-07
   8.9600E-01   -1.7016E-07
   8.9700E-01   -1.7036E-07
   8.9800E-01   -1.7055E-07
   8.9900E-01   -1.7073E-07
   9.0000E-01   -1.7091E-07
   9.0100E-01   -1.7107E-07
   9.0200E-01   -1.7123E-07
   9.0300E-01   -1.7138E-07
   9.0400E-01   -1.7153E-07
   9.0500E-01   -1.7166E-07
   9.0600E-01   -1.7179E-07
   9.0700E-01   -1.7190E-07
   9.0800E-01   -1.7201E-07
   9.0900E-01   -1.7211E-07
   9.1000E-01   -1.7220E-07
   9.1100E-01   -1.7229E-07
   9.1200E-01   -1.7236E-07
   9.1300E-01   -1.7243E-07
   9.1400E-01   -1.7249E-07
   9.1500E-01   -1.7254E-07
   9.1600E-01   -1.7258E-07
   9.1700E-01   -1.7261E-07
   9.1800E-01   -1.7263E-07
   9.1900E-01   -1.7265E-07
   9.2000E-01   -1.7266E-07
   9.2100E-01   -1.7265E-07
   9.2200E-01   -1.7264E-07
   9.2300E-01   -1.7262E-07
   9.2400E-01   -1.7260E-07
   9.2500E-01   -1.7256E-07
   9.2600E-01   -1.7252E-07
   9.2700E-01   -1.7246E-07
   9.2800E-01   -1.7240E-07
   9.2900E-01   -1.7233E-07
   9.3000E-01   -1.7225E-07
   9.3100E-01   -1.7216E-07
   9.3200E-01   -1.7206E-07
   9.3300E-01   -1.7196E-07
   9.3400E-01   -1.7184E-07
   9.3500E-01   -1.7172E-07
   9.3600E-01   -1.7159E-07
   9.3700E-01   -1.7145E-07
   9.3800E-01   -1.7130E-07
   9.3900E-01   -1.7114E-07
   9.4000E-01   -1.7097E-07
   9.4100E-01   -1.7080E-07
   9.4200E-01   -1.7061E-07
   9.4300E-01   -1.7042E-07
   9.4400E-01   -1.7022E-07
   9.4500E-01   -1.7001E-07
   9.4600E-01   -1.6979E-07
   9.4700E-01   -1.6957E-07
   9.4800E-01   -1.6933E-07
   9.4900E-01   -1.6909E-07
   9.5000E-01   -1.6883E-07
   9.5100E-01   -1.6857E-07
   9.5200E-01   -1.6830E-07
   9.5300E-01   -1.6803E-07
   9.5400E-01   -1.6774E-07
   9.5500E-01   -1.6745E-07
   9.5600E-01   -1.6714E-07
   9.5700E-01   -1.6683E-07
   9.5800E-01   -1.6651E-07
   9.5900E-01   -1.6618E-07
   9.6000E-01   -1.6585E-07
   9.6100E-01   -1.6550E-07
   9.6200E-01   -1.6515E-07
   9.6300E-01   -1.6479E-07
   9.6400E-01   -1.6442E-07
   9.6500E-01   -1.6404E-07
   9.6600E-01   -1.6366E-07
   9.6700E-01   -1.6327E-07
   9.6800E-01   -1.6286E-07
   9.6900E-01   -1.6246E-07
   9.7000E-01   -1.6204E-07
   9.7100E-01   -1.6161E-07
   9.7200E-01   -1.6118E-07
   9.7300E-01   -1.6074E-07
   9.7400E-01   -1.6029E-07
   9.7500E-01   -1.5984E-07
   9.7600E-01   -1.5937E-07
   9.7700E-01   -1.5890E-07
   9.7800E-01   -1.5842E-07
   9.7900E-01   -1.5793E-07
   9.8000E-01   -1.5744E-07
   9.8100E-01   -1.5694E-07
   9.8200E-01   -1.5643E-07
   9.8300E-01   -1.5591E-07
   9.8400E-01   -1.5539E-07
   9.8500E-01   -1.5486E-07
   9.8600E-01   -1.5432E-07
   9.8700E-01   -1.5377E-07
   9.8800E-01   -1.5322E-07
   9.8900E-01   -1.5266E-07
   9.9000E-01   -1.5210E-07
   9.9100E-01   -1.5152E-07
   9.9200E-01   -1.5094E-07
   9.9300E-01   -1.5036E-07
   9.9400E-01   -1.4976E-07
   9.9500E-01   -1.4916E-07
   9.9600E-01   -1.4856E-07
   9.9700E-01   -1.4794E-07
   9.9800E-01   -1.4732E-07
   9.9900E-01   -1.4670E-07
   1.0000E+00   -1.4606E-07
   1.0010E+00   -1.4542E-07
   1.0020E+00   -1.4478E-07
   1.0030E+00   -1.4413E-07
   1.0040E+00   -1.4347E-07
   1.0050E+00   -1.4281E-07
   1.0060E+00   -1.4214E-07
   1.0070E+00   -1.4146E-07
   1.0080E+00   -1.4078E-07
   1.0090E+00   -1.4009E-07
   1.0100E+00   -1.3940E-07
   1.0110E+00   -1.3870E-07
   1.0120E+00   -1.3800E-07
   1.0130E+00   -1.3729E-07
   1.0140E+00   -1.3658E-07
   1.0150E+00   -1.3586E-07
   1.0160E+00   -1.3513E-07
   1.0170E+00   -1.3440E-07
   1.0180E+00   -1.3367E-07
   1.0190E+00   -1.3293E-07
   1.0200E+00   -1.3218E-07
   1.0210E+00   -1.3143E-07
   1.0220E+00   -1.3068E-07
   1.0230E+00   -1.2992E-07
   1.0240E+00   -1.2915E-07
   1.0250E+00   -1.2839E-07
   1.0260E+00   -1.2761E-07
   1.0270E+00   -1.2684E-07
   1.0280E+00   -1.2606E-07
   1.0290E+00   -1.2527E-07
   1.0300E+00   -1.2448E-07
   1.0310E+00   -1.2369E-07
   1.0320E+00   -1.2289E-07
   1.0330E+00   -1.2209E-07
   1.0340E+00   -1.2129E-07
   1.0350E+00   -1.2048E-07
   1.0360E+00   -1.1967E-07
   1.0370E+00   -1.1885E-07
   1.0380E+00   -1.1804E-07
   1.0390E+00   -1.1721E-07
   1.0400E+00   -1.1639E-07
   1.0410E+00   -1.1556E-07
   1.0420E+00   -1.1473E-07
   1.0430E+00   -1.1390E-07
   1.0440E+00   -1.1306E-07
   1.0450E+00   -1.1222E-07
   1.0460E+00   -1.1138E-07
   1.0470E+00   -1.1054E-07
   1.0480E+00   -1.0969E-07
   1.0490E+00   -1.0884E-07
   1.0500E+00   -1.0799E-07
   1.0510E+00   -1.0714E-07
   1.0520E+00   -1.0629E-07
   1.0530E+00   -1.0543E-07
   1.0540E+00   -1.0457E-07
   1.0550E+00   -1.0371E-07
   1.0560E+00   -1.0285E-07
   1.0570E+00   -1.0199E-07
   1.0580E+00   -1.0112E-07
   1.0590E+00   -1.0026E-07
   1.0600E+00   -9.9391E-08
   1.0610E+00   -9.8523E-08
   1.0620E+00   -9.7654E-08
   1.0630E+00   -9.6784E-08
   1.0640E+00   -9.5914E-08
   1.0650E+00   -9.5042E-08
   1.0660E+00   -9.4171E-08
   1.0670E+00   -9.3298E-08
   1.0680E+00   -9.2426E-08
   1.0690E+00   -9.1553E-08
   1.0700E+00   -9.0680E-08
   1.0710E+00   -8.9807E-08
   1.0720E+00   -8.8934E-08
   1.0730E+00   -8.8061E-08
   1.0740E+00   -8.7188E-08
   1.0750E+00   -8.6316E-08
   1.0760E+00   -8.5444E-08
   1.0770E+00   -8.4573E-08
   1.0780E+00   -8.3702E-08
   1.0790E+00   -8.2833E-08
   1.0800E+00   -8.1964E-08
   1.0810E+00   -8.1096E-08
   1.0820E+00   -8.0229E-08
   1.0830E+00   -7.9363E-08
   1.0840E+00   -7.8499E-08
   1.0850E+00   -7.7636E-08
   1.0860E+00   -7.6774E-08
   1.0870E+00   -7.5915E-08
   1.0880E+00   -7.5056E-08
   1.0890E+00   -7.4200E-08
   1.0900E+00   -7.3346E-08
   1.0910E+00   -7.2493E-08
   1.0920E+00   -7.1643E-08
   1.0930E+00   -7.0795E-08
   1.0940E+00   -6.9949E-08
   1.0950E+00   -6.9106E-08
   1.0960E+00   -6.8265E-08
   1.0970E+00   -6.7427E-08
   1.0980E+00   -6.6592E-08
   1.0990E+00   -6.5759E-08
   1.1000E+00   -6.4930E-08
   1.1010E+00   -6.4103E-08
   1.1020E+00   -6.3280E-08
   1.1030E+00   -6.2460E-08
   1.1040E+00   -6.1643E-08
   1.1050E+00   -6.0830E-08
   1.1060E+00   -6.0020E-08
   1.1070E+00   -5.9214E-08
   1.1080E+00   -5.8412E-08
   1.1090E+00   -5.7614E-08
   1.1100E+00   -5.6819E-08
   1.1110E+00   -5.6029E-08
   1.1120E+00   -5.5243E-08
   1.1130E+00   -5.4461E-08
   1.1140E+00   -5.3683E-08
   1.1150E+00   -5.2910E-08
   1.1160E+00   -5.2141E-08
   1.1170E+00   -5.1377E-08
   1.1180E+00   -5.0618E-08
   1.1190E+00   -4.9864E-08
   1.1200E+00   -4.9114E-08
   1.1210E+00   -4.8370E-08
   1.1220E+00   -4.7631E-08
   1.1230E+00   -4.6897E-08
   1.1240E+00   -4.6168E-08
   1.1250E+00   -4.5445E-08
   1.1260E+00   -4.4727E-08
   1.1270E+00   -4.4015E-08
   1.1280E+00   -4.3309E-08
   1.1290E+00   -4.2608E-08
   1.1300E+00   -4.1913E-08
   1.1310E+00   -4.1224E-08
   1.1320E+00   -4.0542E-08
   1.1330E+00   -3.9865E-08
   1.1340E+00   -3.9195E-08
   1.1350E+00   -3.8530E-08
   1.1360E+00   -3.7873E-08
   1.1370E+00   -3.7222E-08
   1.1380E+00   -3.6577E-08
   1.1390E+00   -3.5939E-08
   1.1400E+00   -3.5308E-08
   1.1410E+00   -3.4684E-08
   1.1420E+00   -3.4066E-08
   1.1430E+00   -3.3456E-08
   1.1440E+00   -3.2853E-08
   1.1450E+00   -3.2256E-08
   1.1460E+00   -3.1668E-08
   1.1470E+00   -3.1086E-08
   1.1480E+00   -3.0512E-08
   1.1490E+00   -2.9945E-08
   1.1500E+00   -2.9386E-08
   1.1510E+00   -2.8835E-08
   1.1520E+00   -2.8291E-08
   1.1530E+00   -2.7755E-08
   1.1540E+00   -2.7227E-08
   1.1550E+00   -2.6707E-08
   1.1560E+00   -2.6195E-08
   1.1570E+00   -2.5690E-08
   1.1580E+00   -2.5195E-08
   1.1590E+00   -2.4707E-08
   1.1600E+00   -2.4227E-08
   1.1610E+00   -2.3756E-08
   1.1620E+00   -2.3294E-08
   1.1630E+00   -2.2840E-08
   1.1640E+00   -2.2394E-08
   1.1650E+00   -2.1957E-08
   1.1660E+00   -2.1529E-08
   1.1670E+00   -2.1110E-08
   1.1680E+00   -2.0699E-08
   1.1690E+00   -2.0297E-08
   1.1700E+00   -1.9905E-08
   1.1710E+00   -1.9521E-08
   1.1720E+00   -1.9146E-08
   1.1730E+00   -1.8780E-08
   1.1740E+00   -1.8424E-08
   1.1750E+00   -1.8077E-08
   1.1760E+00   -1.7739E-08
   1.1770E+00   -1.7410E-08
   1.1780E+00   -1.7091E-08
   1.1790E+00   -1.6781E-08
   1.1800E+00   -1.6481E-08
   1.1810E+00   -1.6190E-08
   1.1820E+00   -1.5909E-08
   1.1830E+00   -1.5637E-08
   1.1840E+00   -1.5375E-08
   1.1850E+00   -1.5123E-08
   1.1860E+00   -1.4880E-08
   1.1870E+00   -1.4648E-08
   1.1880E+00   -1.4425E-08
   1.1890E+00   -1.4212E-08
   1.1900E+00   -1.4009E-08
   1.1910E+00   -1.3816E-08
   1.1920E+00   -1.3633E-08
   1.1930E+00   -1.3460E-08
   1.1940E+00   -1.3298E-08
   1.1950E+00   -1.3145E-08
   1.1960E+00   -1.3002E-08
   1.1970E+00   -1.2870E-08
   1.1980E+00   -1.2748E-08
   1.1990E+00   -1.2636E-08
   1.2000E+00   -1.2534E-08
   1.2010E+00   -1.2442E-08
   1.2020E+00   -1.2361E-08
   1.2030E+00   -1.2291E-08
   1.2040E+00   -1.2230E-08
   1.2050E+00   -1.2180E-08
   1.2060E+00   -1.2140E-08
   1.2070E+00   -1.2111E-08
   1.2080E+00   -1.2092E-08
   1.2090E+00   -1.2084E-08
   1.2100E+00   -1.2086E-08
   1.2110E+00   -1.2099E-08
   1.2120E+00   -1.2122E-08
   1.2130E+00   -1.2156E-08
   1.2140E+00   -1.2200E-08
   1.2150E+00   -1.2255E-08
   1.2160E+00   -1.2320E-08
   1.2170E+00   -1.2396E-08
   1.2180E+00   -1.2482E-08
   1.2190E+00   -1.2579E-08
   1.2200E+00   -1.2687E-08
   1.2210E+00   -1.2805E-08
   1.2220E+00   -1.2934E-08
   1.2230E+00   -1.3073E-08
   1.2240E+00   -1.3223E-08
   1.2250E+00   -1.3383E-08
   1.2260E+00   -1.3555E-08
   1.2270E+00   -1.3736E-08
   1.2280E+00   -1.3928E-08
   1.2290E+00   -1.4131E-08
   1.2300E+00   -1.4344E-08
   1.2310E+00   -1.4568E-08
   1.2320E+00   -1.4802E-08
   1.2330E+00   -1.5047E-08
   1.2340E+00   -1.5302E-08
   1.2350E+00   -1.5568E-08
   1.2360E+00   -1.5845E-08
   1.2370E+00   -1.6131E-08
   1.2380E+00   -1.6428E-08
   1.2390E+00   -1.6736E-08
   1.2400E+00   -1.7054E-08
   1.2410E+00   -1.7382E-08
   1.2420E+00   -1.7721E-08
   1.2430E+00   -1.8070E-08
   1.2440E+00   -1.8429E-08
   1.2450E+00   -1.8799E-08
   1.2460E+00   -1.9179E-08
   1.2470E+00   -1.9569E-08
   1.2480E+00   -1.9969E-08
   1.2490E+00   -2.0379E-08
   1.2500E+00   -2.0800E-08
   1.2510E+00   -2.1231E-08
   1.2520E+00   -2.1671E-08
   1.2530E+00   -2.2122E-08
   1.2540E+00   -2.2582E-08
   1.2550E+00   -2.3053E-08
   1.2560E+00   -2.3533E-08
   1.2570E+00   -2.4024E-08
   1.2580E+00   -2.4524E-08
   1.2590E+00   -2.5034E-08
   1.2600E+00   -2.5553E-08
   1.2610E+00   -2.6083E-08
   1.2620E+00   -2.6621E-08
   1.2630E+00   -2.7170E-08
   1.2640E+00   -2.7728E-08
   1.2650E+00   -2.8295E-08
   1.2660E+00   -2.8872E-08
   1.2670E+00   -2.9459E-08
   1.2680E+00   -3.0054E-08
   1.2690E+00   -3.0659E-08
   1.2700E+00   -3.1273E-08
   1.2710E+00   -3.1896E-08
   1.2720E+00   -3.2528E-08
   1.2730E+00   -3.3170E-08
   1.2740E+00   -3.3820E-08
   1.2750E+00   -3.4479E-08
   1.2760E+00   -3.5147E-08
   1.2770E+00   -3.5824E-08
   1.2780E+00   -3.6509E-08
   1.2790E+00   -3.7203E-08
   1.2800E+00   -3.7906E-08
   1.2810E+00   -3.8617E-08
   1.2820E+00   -3.9337E-08
   1.2830E+00   -4.0065E-08
   1.2840E+00   -4.0801E-08
   1.2850E+00   -4.1546E-08
   1.2860E+00   -4.2298E-08
   1.2870E+00   -4.3059E-08
   1.2880E+00   -4.3827E-08
   1.2890E+00   -4.4604E-08
   1.2900E+00   -4.5388E-08
   1.2910E+00   -4.6181E-08
   1.2920E+00   -4.6980E-08
   1.2930E+00   -4.7788E-08
   1.2940E+00   -4.8603E-08
   1.2950E+00   -4.9425E-08
   1.2960E+00   -5.0255E-08
   1.2970E+00   -5.1091E-08
   1.2980E+00   -5.1935E-08
   1.2990E+00   -5.2787E-08
   1.3000E+00   -5.3645E-08
   1.3010E+00   -5.4510E-08
   1.3020E+00   -5.5382E-08
   1.3030E+00   -5.6260E-08
   1.3040E+00   -5.7145E-08
   1.3050E+00   -5.8037E-08
   1.3060E+00   -5.8935E-08
   1.3070E+00   -5.9839E-08
   1.3080E+00   -6.0750E-08
   1.3090E+00   -6.1667E-08
   1.3100E+00   -6.2590E-08
   1.3110E+00   -6.3519E-08
   1.3120E+00   -6.4453E-08
   1.3130E+00   -6.5394E-08
   1.3140E+00   -6.6340E-08
   1.3150E+00   -6.7292E-08
   1.3160E+00   -6.8249E-08
   1.3170E+00   -6.9211E-08
   1.3180E+00   -7.0179E-08
   1.3190E+00   -7.1152E-08
   1.3200E+00   -7.2130E-08
   1.3210E+00   -7.3112E-08
   1.3220E+00   -7.4100E-08
   1.3230E+00   -7.5092E-08
   1.3240E+00   -7.6089E-08
   1.3250E+00   -7.7090E-08
   1.3260E+00   -7.8096E-08
   1.3270E+00   -7.9106E-08
   1.3280E+00   -8.0121E-08
   1.3290E+00   -8.1139E-08
   1.3300E+00   -8.2161E-08
   1.3310E+00   -8.3187E-08
   1.3320E+00   -8.4217E-08
   1.3330E+00   -8.5250E-08
   1.3340E+00   -8.6287E-08
   1.3350E+00   -8.7327E-08
   1.3360E+00   -8.8371E-08
   1.3370E+00   -8.9417E-08
   1.3380E+00   -9.0467E-08
   1.3390E+00   -9.1519E-08
   1.3400E+00   -9.2575E-08
   1.3410E+00   -9.3633E-08
   1.3420E+00   -9.4693E-08
   1.3430E+00   -9.5756E-08
   1.3440E+00   -9.6821E-08
   1.3450E+00   -9.7889E-08
   1.3460E+00   -9.8958E-08
   1.3470E+00   -1.0003E-07
   1.3480E+00   -1.0110E-07
   1.3490E+00   -1.0218E-07
   1.3500E+00   -1.0325E-07
   1.3510E+00   -1.0433E-07
   1.3520E+00   -1.0541E-07
   1.3530E+00   -1.0649E-07
   1.3540E+00   -1.0757E-07
   1.3550E+00   -1.0866E-07
   1.3560E+00   -1.0974E-07
   1.3570E+00   -1.1083E-07
   1.3580E+00   -1.1191E-07
   1.3590E+00   -1.1300E-07
   1.3600E+00   -1.1408E-07
   1.3610E+00   -1.1517E-07
   1.3620E+00   -1.1625E-07
   1.3630E+00   -1.1734E-07
   1.3640E+00   -1.1842E-07
   1.3650E+00   -1.1951E-07
   1.3660E+00   -1.2060E-07
   1.3670E+00   -1.2168E-07
   1.3680E+00   -1.2276E-07
   1.3690E+00   -1.2385E-07
   1.3700E+00   -1.2493E-07
   1.3710E+00   -1.2601E-07
   1.3720E+00   -1.2709E-07
   1.3730E+00   -1.2817E-07
   1.3740E+00   -1.2925E-07
   1.3750E+00   -1.3032E-07
   1.3760E+00   -1.3140E-07
   1.3770E+00   -1.3247E-07
   1.3780E+00   -1.3354E-07
   1.3790E+00   -1.3461E-07
   1.3800E+00   -1.3568E-07
   1.3810E+00   -1.3674E-07
   1.3820E+00   -1.3780E-07
   1.3830E+00   -1.3886E-07
   1.3840E+00   -1.3992E-07
   1.3850E+00   -1.4097E-07
   1.3860E+00   -1.4202E-07
   1.3870E+00   -1.4307E-07
   1.3880E+00   -1.4411E-07
   1.3890E+00   -1.4515E-07
   1.3900E+00   -1.4619E-07
   1.3910E+00   -1.4723E-07
   1.3920E+00   -1.4826E-07
   1.3930E+00   -1.4928E-07
   1.3940E+00   -1.5031E-07
   1.3950E+00   -1.5132E-07
   1.3960E+00   -1.5234E-07
   1.3970E+00   -1.5335E-07
   1.3980E+00   -1.5436E-07
   1.3990E+00   -1.5536E-07
   1.4000E+00   -1.5635E-07
   1.4010E+00   -1.5735E-07
   1.4020E+00   -1.5833E-07
   1.4030E+00   -1.5931E-07
   1.4040E+00   -1.6029E-07
   1.4050E+00   -1.6126E-07
   1.4060E+00   -1.6223E-07
   1.4070E+00   -1.6319E-07
   1.4080E+00   -1.6415E-07
   1.4090E+00   -1.6510E-07
   1.4100E+00   -1.6604E-07
   1.4110E+00   -1.6698E-07
   1.4120E+00   -1.6791E-07
   1.4130E+00   -1.6883E-07
   1.4140E+00   -1.6975E-07
   1.4150E+00   -1.7067E-07
   1.4160E+00   -1.7157E-07
   1.4170E+00   -1.7247E-07
   1.4180E+00   -1.7336E-07
   1.4190E+00   -1.7425E-07
   1.4200E+00   -1.7513E-07
   1.4210E+00   -1.7600E-07
   1.4220E+00   -1.7686E-07
   1.4230E+00   -1.7772E-07
   1.4240E+00   -1.7857E-07
   1.4250E+00   -1.7941E-07
   1.4260E+00   -1.8025E-07
   1.4270E+00   -1.8108E-07
   1.4280E+00   -1.8189E-07
   1.4290E+00   -1.8271E-07
   1.4300E+00   -1.8351E-07
   1.4310E+00   -1.8430E-07
   1.4320E+00   -1.8509E-07
   1.4330E+00   -1.8587E-07
   1.4340E+00   -1.8664E-07
   1.4350E+00   -1.8740E-07
   1.4360E+00   -1.8815E-07
   1.4370E+00   -1.8889E-07
   1.4380E+00   -1.8963E-07
   1.4390E+00   -1.9035E-07
   1.4400E+00   -1.9107E-07
   1.4410E+00   -1.9178E-07
   1.4420E+00   -1.9248E-07
   1.4430E+00   -1.9317E-07
   1.4440E+00   -1.9385E-07
   1.4450E+00   -1.9452E-07
   1.4460E+00   -1.9518E-07
   1.4470E+00   -1.9583E-07
   1.4480E+00   -1.9647E-07
   1.4490E+00   -1.9710E-07
   1.4500E+00   -1.9772E-07
   1.4510E+00   -1.9833E-07
   1.4520E+00   -1.9893E-07
   1.4530E+00   -1.9952E-07
   1.4540E+00   -2.0010E-07
   1.4550E+00   -2.0067E-07
   1.4560E+00   -2.0123E-07
   1.4570E+00   -2.0178E-07
   1.4580E+00   -2.0232E-07
   1.4590E+00   -2.0285E-07
   1.4600E+00   -2.0336E-07
   1.4610E+00   -2.0387E-07
   1.4620E+00   -2.0436E-07
   1.4630E+00   -2.0485E-07
   1.4640E+00   -2.0532E-07
   1.4650E+00   -2.0578E-07
   1.4660E+00   -2.0623E-07
   1.4670E+00   -2.0667E-07
   1.4680E+00   -2.0710E-07
   1.4690E+00   -2.0752E-07
   1.4700E+00   -2.0792E-07
   1.4710E+00   -2.0831E-07
   1.4720E+00   -2.0870E-07
   1.4730E+00   -2.0907E-07
   1.4740E+00   -2.0942E-07
   1.4750E+00   -2.0977E-07
   1.4760E+00   -2.1011E-07
   1.4770E+00   -2.1043E-07
   1.4780E+00   -2.1074E-07
   1.4790E+00   -2.1104E-07
   1.4800E+00   -2.1132E-07
   1.4810E+00   -2.1160E-07
   1.4820E+00   -2.1186E-07
   1.4830E+00   -2.1211E-07
   1.4840E+00   -2.1235E-07
   1.4850E+00   -2.1258E-07
   1.4860E+00   -2.1279E-07
   1.4870E+00   -2.1299E-07
   1.4880E+00   -2.1318E-07
   1.4890E+00   -2.1336E-07
   1.4900E+00   -2.1352E-07
   1.4910E+00   -2.1367E-07
   1.4920E+00   -2.1381E-07
   1.4930E+00   -2.1394E-07
   1.4940E+00   -2.1405E-07
   1.4950E+00   -2.1415E-07
   1.4960E+00   -2.1424E-07
   1.4970E+00   -2.1432E-07
   1.4980E+00   -2.1438E-07
   1.4990E+00   -2.1443E-07
   1.5000E+00   -2.1446E-07
   1.5010E+00   -2.1449E-07
   1.5020E+00   -2.1450E-07
   1.5030E+00   -2.1450E-07
   1.5040E+00   -2.1448E-07
   1.5050E+00   -2.1446E-07
   1.5060E+00   -2.1442E-07
   1.5070E+00   -2.1436E-07
   1.5080E+00   -2.1430E-07
   1.5090E+00   -2.1422E-07
   1.5100E+00   -2.1413E-07
   1.5110E+00   -2.1402E-07
   1.5120E+00   -2.1390E-07
   1.5130E+00   -2.1377E-07
   1.5140E+00   -2.1363E-07
   1.5150E+00   -2.1347E-07
   1.5160E+00   -2.1330E-07
   1.5170E+00   -2.1312E-07
   1.5180E+00   -2.1292E-07
   1.5190E+00   -2.1272E-07
   1.5200E+00   -2.1249E-07
   1.5210E+00   -2.1226E-07
   1.5220E+00   -2.1201E-07
   1.5230E+00   -2.1175E-07
   1.5240E+00   -2.1148E-07
   1.5250E+00   -2.1119E-07
   1.5260E+00   -2.1089E-07
   1.5270E+00   -2.1058E-07
   1.5280E+00   -2.1025E-07
   1.5290E+00   -2.0991E-07
   1.5300E+00   -2.0956E-07
   1.5310E+00   -2.0920E-07
   1.5320E+00   -2.0882E-07
   1.5330E+00   -2.0843E-07
   1.5340E+00   -2.0803E-07
   1.5350E+00   -2.0761E-07
   1.5360E+00   -2.0719E-07
   1.5370E+00   -2.0675E-07
   1.5380E+00   -2.0629E-07
   1.5390E+00   -2.0583E-07
   1.5400E+00   -2.0535E-07
   1.5410E+00   -2.0486E-07
   1.5420E+00   -2.0435E-07
   1.5430E+00   -2.0384E-07
   1.5440E+00   -2.0331E-07
   1.5450E+00   -2.0277E-07
   1.5460E+00   -2.0221E-07
   1.5470E+00   -2.0165E-07
   1.5480E+00   -2.0107E-07
   1.5490E+00   -2.0048E-07
   1.5500E+00   -1.9988E-07
   1.5510E+00   -1.9926E-07
   1.5520E+00   -1.9864E-07
   1.5530E+00   -1.9800E-07
   1.5540E+00   -1.9735E-07
   1.5550E+00   -1.9668E-07
   1.5560E+00   -1.9601E-07
   1.5570E+00   -1.9532E-07
   1.5580E+00   -1.9463E-07
   1.5590E+00   -1.9392E-07
   1.5600E+00   -1.9320E-07
   1.5610E+00   -1.9246E-07
   1.5620E+00   -1.9172E-07
   1.5630E+00   -1.9096E-07
   1.5640E+00   -1.9020E-07
   1.5650E+00   -1.8942E-07
   1.5660E+00   -1.8863E-07
   1.5670E+00   -1.8783E-07
   1.5680E+00   -1.8701E-07
   1.5690E+00   -1.8619E-07
   1.5700E+00   -1.8536E-07
   1.5710E+00   -1.8451E-07
   1.5720E+00   -1.8366E-07
   1.5730E+00   -1.8279E-07
   1.5740E+00   -1.8191E-07
   1.5750E+00   -1.8103E-07
   1.5760E+00   -1.8013E-07
   1.5770E+00   -1.7922E-07
   1.5780E+00   -1.7830E-07
   1.5790E+00   -1.7737E-07
   1.5800E+00   -1.7643E-07
   1.5810E+00   -1.7548E-07
   1.5820E+00   -1.7453E-07
   1.5830E+00   -1.7356E-07
   1.5840E+00   -1.7258E-07
   1.5850E+00   -1.7159E-07
   1.5860E+00   -1.7059E-07
   1.5870E+00   -1.6958E-07
   1.5880E+00   -1.6857E-07
   1.5890E+00   -1.6754E-07
   1.5900E+00   -1.6651E-07
   1.5910E+00   -1.6546E-07
   1.5920E+00   -1.6441E-07
   1.5930E+00   -1.6335E-07
   1.5940E+00   -1.6228E-07
   1.5950E+00   -1.6120E-07
   1.5960E+00   -1.6011E-07
   1.5970E+00   -1.5901E-07
   1.5980E+00   -1.5791E-07
   1.5990E+00   -1.5680E-07
   1.6000E+00   -1.5567E-07
   1.6010E+00   -1.5454E-07
   1.6020E+00   -1.5341E-07
   1.6030E+00   -1.5226E-07
   1.6040E+00   -1.5111E-07
   1.6050E+00   -1.4995E-07
   1.6060E+00   -1.4878E-07
   1.6070E+00   -1.4761E-07
   1.6080E+00   -1.4642E-07
   1.6090E+00   -1.4524E-07
   1.6100E+00   -1.4404E-07
   1.6110E+00   -1.4284E-07
   1.6120E+00   -1.4163E-07
   1.6130E+00   -1.4041E-07
   1.6140E+00   -1.3919E-07
   1.6150E+00   -1.3796E-07
   1.6160E+00   -1.3672E-07
   1.6170E+00   -1.3548E-07
   1.6180E+00   -1.3423E-07
   1.6190E+00   -1.3298E-07
   1.6200E+00   -1.3172E-07
   1.6210E+00   -1.3046E-07
   1.6220E+00   -1.2918E-07
   1.6230E+00   -1.2791E-07
   1.6240E+00   -1.2663E-07
   1.6250E+00   -1.2534E-07
   1.6260E+00   -1.2405E-07
   1.6270E+00   -1.2276E-07
   1.6280E+00   -1.2146E-07
   1.6290E+00   -1.2015E-07
   1.6300E+00   -1.1884E-07
   1.6310E+00   -1.1753E-07
   1.6320E+00   -1.1621E-07
   1.6330E+00   -1.1489E-07
   1.6340E+00   -1.1356E-07
   1.6350E+00   -1.1223E-07
   1.6360E+00   -1.1090E-07
   1.6370E+00   -1.0956E-07
   1.6380E+00   -1.0822E-07
   1.6390E+00   -1.0688E-07
   1.6400E+00   -1.0553E-07
   1.6410E+00   -1.0418E-07
   1.6420E+00   -1.0283E-07
   1.6430E+00   -1.0148E-07
   1.6440E+00   -1.0012E-07
   1.6450E+00   -9.8762E-08
   1.6460E+00   -9.7401E-08
   1.6470E+00   -9.6037E-08
   1.6480E+00   -9.4672E-08
   1.6490E+00   -9.3305E-08
   1.6500E+00   -9.1936E-08
   1.6510E+00   -9.0566E-08
   1.6520E+00   -8.9194E-08
   1.6530E+00   -8.7822E-08
   1.6540E+00   -8.6448E-08
   1.6550E+00   -8.5073E-08
   1.6560E+00   -8.3698E-08
   1.6570E+00   -8.2322E-08
   1.6580E+00   -8.0945E-08
   1.6590E+00   -7.9568E-08
   1.6600E+00   -7.8191E-08
   1.6610E+00   -7.6814E-08
   1.6620E+00   -7.5437E-08
   1.6630E+00   -7.4061E-08
   1.6640E+00   -7.2685E-08
   1.6650E+00   -7.1309E-08
   1.6660E+00   -6.9934E-08
   1.6670E+00   -6.8560E-08
   1.6680E+00   -6.7187E-08
   1.6690E+00   -6.5815E-08
   1.6700E+00   -6.4444E-08
   1.6710E+00   -6.3075E-08
   1.6720E+00   -6.1708E-08
   1.6730E+00   -6.0342E-08
   1.6740E+00   -5.8978E-08
   1.6750E+00   -5.7616E-08
   1.6760E+00   -5.6256E-08
   1.6770E+00   -5.4898E-08
   1.6780E+00   -5.3544E-08
   1.6790E+00   -5.2191E-08
   1.6800E+00   -5.0842E-08
   1.6810E+00   -4.9495E-08
   1.6820E+00   -4.8151E-08
   1.6830E+00   -4.6811E-08
   1.6840E+00   -4.5474E-08
   1.6850E+00   -4.4140E-08
   1.6860E+00   -4.2810E-08
   1.6870E+00   -4.1484E-08
   1.6880E+00   -4.0161E-08
   1.6890E+00   -3.8843E-08
   1.6900E+00   -3.7529E-08
   1.6910E+00   -3.6219E-08
   1.6920E+00   -3.4914E-08
   1.6930E+00   -3.3613E-08
   1.6940E+00   -3.2317E-08
   1.6950E+00   -3.1026E-08
   1.6960E+00   -2.9740E-08
   1.6970E+00   -2.8460E-08
   1.6980E+00   -2.7184E-08
   1.6990E+00   -2.5914E-08
   1.7000E+00   -2.4650E-08
   1.7010E+00   -2.3391E-08
   1.7020E+00   -2.2139E-08
   1.7030E+00   -2.0892E-08
   1.7040E+00   -1.9651E-08
   1.7050E+00   -1.8417E-08
   1.7060E+00   -1.7189E-08
   1.7070E+00   -1.5968E-08
   1.7080E+00   -1.4754E-08
   1.7090E+00   -1.3546E-08
   1.7100E+00   -1.2345E-08
   1.7110E+00   -1.1151E-08
   1.7120E+00   -9.9648E-09
   1.7130E+00   -8.7856E-09
   1.7140E+00   -7.6140E-09
   1.7150E+00   -6.4499E-09
   1.7160E+00   -5.2936E-09
   1.7170E+00   -4.1451E-09
   1.7180E+00   -3.0047E-09
   1.7190E+00   -1.8723E-09
   1.7200E+00   -7.4821E-10
   1.7210E+00    3.6753E-10
   1.7220E+00    1.4748E-09
   1.7230E+00    2.5734E-09
   1.7240E+00    3.6633E-09
   1.7250E+00    4.7444E-09
   1.7260E+00    5.8165E-09
   1.7270E+00    6.8795E-09
   1.7280E+00    7.9333E-09
   1.7290E+00    8.9778E-09
   1.7300E+00    1.0013E-08
   1.7310E+00    1.1038E-08
   1.7320E+00    1.2054E-08
   1.7330E+00    1.3060E-08
   1.7340E+00    1.4056E-08
   1.7350E+00    1.5042E-08
   1.7360E+00    1.6018E-08
   1.7370E+00    1.6984E-08
   1.7380E+00    1.7940E-08
   1.7390E+00    1.8885E-08
   1.7400E+00    1.9819E-08
   1.7410E+00    2.0743E-08
   1.7420E+00    2.1656E-08
   1.7430E+00    2.2558E-08
   1.7440E+00    2.3450E-08
   1.7450E+00    2.4330E-08
   1.7460E+00    2.5199E-08
   1.7470E+00    2.6057E-08
   1.7480E+00    2.6903E-08
   1.7490E+00    2.7738E-08
   1.7500E+00    2.8562E-08
   1.7510E+00    2.9374E-08
   1.7520E+00    3.0174E-08
   1.7530E+00    3.0962E-08
   1.7540E+00    3.1739E-08
   1.7550E+00    3.2503E-08
   1.7560E+00    3.3256E-08
   1.7570E+00    3.3996E-08
   1.7580E+00    3.4724E-08
   1.7590E+00    3.5440E-08
   1.7600E+00    3.6143E-08
   1.7610E+00    3.6834E-08
   1.7620E+00    3.7512E-08
   1.7630E+00    3.8178E-08
   1.7640E+00    3.8831E-08
   1.7650E+00    3.9471E-08
   1.7660E+00    4.0098E-08
   1.7670E+00    4.0713E-08
   1.7680E+00    4.1314E-08
   1.7690E+00    4.1903E-08
   1.7700E+00    4.2478E-08
   1.7710E+00    4.3040E-08
   1.7720E+00    4.3589E-08
   1.7730E+00    4.4124E-08
   1.7740E+00    4.4646E-08
   1.7750E+00    4.5155E-08
   1.7760E+00    4.5650E-08
   1.7770E+00    4.6131E-08
   1.7780E+00    4.6599E-08
   1.7790E+00    4.7054E-08
   1.7800E+00    4.7494E-08
   1.7810E+00    4.7921E-08
   1.7820E+00    4.8334E-08
   1.7830E+00    4.8733E-08
   1.7840E+00    4.9118E-08
   1.7850E+00    4.9490E-08
   1.7860E+00    4.9847E-08
   1.7870E+00    5.0190E-08
   1.7880E+00    5.0519E-08
   1.7890E+00    5.0834E-08
   1.7900E+00    5.1135E-08
   1.7910E+00    5.1422E-08
   1.7920E+00    5.1694E-08
   1.7930E+00    5.1953E-08
   1.7940E+00    5.2197E-08
   1.7950E+00    5.2426E-08
   1.7960E+00    5.2641E-08
   1.7970E+00    5.2842E-08
   1.7980E+00    5.3029E-08
   1.7990E+00    5.3201E-08
   1.8000E+00    5.3359E-08
   1.8010E+00    5.3502E-08
   1.8020E+00    5.3631E-08
   1.8030E+00    5.3745E-08
   1.8040E+00    5.3845E-08
   1.8050E+00    5.3930E-08
   1.8060E+00    5.4001E-08
   1.8070E+00    5.4057E-08
   1.8080E+00    5.4099E-08
   1.8090E+00    5.4126E-08
   1.8100E+00    5.4138E-08
   1.8110E+00    5.4136E-08
   1.8120E+00    5.4120E-08
   1.8130E+00    5.4089E-08
   1.8140E+00    5.4043E-08
   1.8150E+00    5.3983E-08
   1.8160E+00    5.3908E-08
   1.8170E+00    5.3819E-08
   1.8180E+00    5.3716E-08
   1.8190E+00    5.3597E-08
   1.8200E+00    5.3465E-08
   1.8210E+00    5.3317E-08
   1.8220E+00    5.3156E-08
   1.8230E+00    5.2980E-08
   1.8240E+00    5.2789E-08
   1.8250E+00    5.2584E-08
   1.8260E+00    5.2365E-08
   1.8270E+00    5.2131E-08
   1.8280E+00    5.1883E-08
   1.8290E+00    5.1620E-08
   1.8300E+00    5.1344E-08
   1.8310E+00    5.1053E-08
   1.8320E+00    5.0748E-08
   1.8330E+00    5.0428E-08
   1.8340E+00    5.0095E-08
   1.8350E+00    4.9747E-08
   1.8360E+00    4.9385E-08
   1.8370E+00    4.9010E-08
   1.8380E+00    4.8620E-08
   1.8390E+00    4.8216E-08
   1.8400E+00    4.7799E-08
   1.8410E+00    4.7367E-08
   1.8420E+00    4.6922E-08
   1.8430E+00    4.6463E-08
   1.8440E+00    4.5990E-08
   1.8450E+00    4.5504E-08
   1.8460E+00    4.5004E-08
   1.8470E+00    4.4491E-08
   1.8480E+00    4.3964E-08
   1.8490E+00    4.3423E-08
   1.8500E+00    4.2869E-08
   1.8510E+00    4.2302E-08
   1.8520E+00    4.1722E-08
   1.8530E+00    4.1128E-08
   1.8540E+00    4.0522E-08
   1.8550E+00    3.9902E-08
   1.8560E+00    3.9270E-08
   1.8570E+00    3.8624E-08
   1.8580E+00    3.7966E-08
   1.8590E+00    3.7295E-08
   1.8600E+00    3.6611E-08
   1.8610E+00    3.5915E-08
   1.8620E+00    3.5206E-08
   1.8630E+00    3.4484E-08
   1.8640E+00    3.3751E-08
   1.8650E+00    3.3005E-08
   1.8660E+00    3.2247E-08
   1.8670E+00    3.1477E-08
   1.8680E+00    3.0695E-08
   1.8690E+00    2.9900E-08
   1.8700E+00    2.9095E-08
   1.8710E+00    2.8277E-08
   1.8720E+00    2.7448E-08
   1.8730E+00    2.6607E-08
   1.8740E+00    2.5755E-08
   1.8750E+00    2.4891E-08
   1.8760E+00    2.4016E-08
   1.8770E+00    2.3130E-08
   1.8780E+00    2.2233E-08
   1.8790E+00    2.1325E-08
   1.8800E+00    2.0406E-08
   1.8810E+00    1.9476E-08
   1.8820E+00    1.8536E-08
   1.8830E+00    1.7586E-08
   1.8840E+00    1.6624E-08
   1.8850E+00    1.5653E-08
   1.8860E+00    1.4671E-08
   1.8870E+00    1.3680E-08
   1.8880E+00    1.2678E-08
   1.8890E+00    1.1667E-08
   1.8900E+00    1.0645E-08
   1.8910E+00    9.6146E-09
   1.8920E+00    8.5744E-09
   1.8930E+00    7.5247E-09
   1.8940E+00    6.4658E-09
   1.8950E+00    5.3978E-09
   1.8960E+00    4.3208E-09
   1.8970E+00    3.2350E-09
   1.8980E+00    2.1404E-09
   1.8990E+00    1.0372E-09
   1.9000E+00   -7.4541E-11
   1.9010E+00   -1.1946E-09
   1.9020E+00   -2.3229E-09
   1.9030E+00   -3.4593E-09
   1.9040E+00   -4.6036E-09
   1.9050E+00   -5.7558E-09
   1.9060E+00   -6.9156E-09
   1.9070E+00   -8.0831E-09
   1.9080E+00   -9.2579E-09
   1.9090E+00   -1.0440E-08
   1.9100E+00   -1.1629E-08
   1.9110E+00   -1.2826E-08
   1.9120E+00   -1.4029E-08
   1.9130E+00   -1.5239E-08
   1.9140E+00   -1.6455E-08
   1.9150E+00   -1.7678E-08
   1.9160E+00   -1.8907E-08
   1.9170E+00   -2.0142E-08
   1.9180E+00   -2.1384E-08
   1.9190E+00   -2.2631E-08
   1.9200E+00   -2.3884E-08
   1.9210E+00   -2.5142E-08
   1.9220E+00   -2.6406E-08
   1.9230E+00   -2.7675E-08
   1.9240E+00   -2.8950E-08
   1.9250E+00   -3.0229E-08
   1.9260E+00   -3.1513E-08
   1.9270E+00   -3.2802E-08
   1.9280E+00   -3.4095E-08
   1.9290E+00   -3.5392E-08
   1.9300E+00   -3.6694E-08
   1.9310E+00   -3.8000E-08
   1.9320E+00   -3.9310E-08
   1.9330E+00   -4.0623E-08
   1.9340E+00   -4.1940E-08
   1.9350E+00   -4.3261E-08
   1.9360E+00   -4.4584E-08
   1.9370E+00   -4.5911E-08
   1.9380E+00   -4.7241E-08
   1.9390E+00   -4.8574E-08
   1.9400E+00   -4.9909E-08
   1.9410E+00   -5.1247E-08
   1.9420E+00   -5.2587E-08
   1.9430E+00   -5.3929E-08
   1.9440E+00   -5.5273E-08
   1.9450E+00   -5.6619E-08
   1.9460E+00   -5.7967E-08
   1.9470E+00   -5.9316E-08
   1.9480E+00   -6.0666E-08
   1.9490E+00   -6.2018E-08
   1.9500E+00   -6.3371E-08
   1.9510E+00   -6.4725E-08
   1.9520E+00   -6.6079E-08
   1.9530E+00   -6.7434E-08
   1.9540E+00   -6.8789E-08
   1.9550E+00   -7.0144E-08
   1.9560E+00   -7.1500E-08
   1.9570E+00   -7.2855E-08
   1.9580E+00   -7.4210E-08
   1.9590E+00   -7.5565E-08
   1.9600E+00   -7.6919E-08
   1.9610E+00   -7.8272E-08
   1.9620E+00   -7.9625E-08
   1.9630E+00   -8.0976E-08
   1.9640E+00   -8.2326E-08
   1.9650E+00   -8.3675E-08
   1.9660E+00   -8.5022E-08
   1.9670E+00   -8.6367E-08
   1.9680E+00   -8.7710E-08
   1.9690E+00   -8.9052E-08
   1.9700E+00   -9.0391E-08
   1.9710E+00   -9.1727E-08
   1.9720E+00   -9.3061E-08
   1.9730E+00   -9.4392E-08
   1.9740E+00   -9.5721E-08
   1.9750E+00   -9.7046E-08
   1.9760E+00   -9.8368E-08
   1.9770E+00   -9.9687E-08
   1.9780E+00   -1.0100E-07
   1.9790E+00   -1.0231E-07
   1.9800E+00   -1.0362E-07
   1.9810E+00   -1.0492E-07
   1.9820E+00   -1.0622E-07
   1.9830E+00   -1.0752E-07
   1.9840E+00   -1.0881E-07
   1.9850E+00   -1.1010E-07
   1.9860E+00   -1.1138E-07
   1.9870E+00   -1.1265E-07
   1.9880E+00   -1.1392E-07
   1.9890E+00   -1.1519E-07
   1.9900E+00   -1.1645E-07
   1.9910E+00   -1.1770E-07
   1.9920E+00   -1.1895E-07
   1.9930E+00   -1.2020E-07
   1.9940E+00   -1.2143E-07
   1.9950E+00   -1.2266E-07
   1.9960E+00   -1.2389E-07
   1.9970E+00   -1.2510E-07
   1.9980E+00   -1.2631E-07
   1.9990E+00   -1.2752E-07
   2.0000E+00   -1.2872E-07
