Scalar TEMP under NLStatic for nodeset
189
   0.0000E+00
  0.0000E+00
  0.0000E+00
  0.0000E+00
  0.0000E+00
  0.0000E+00
  0.0000E+00
  0.0000E+00
  0.0000E+00
  0.0000E+00
 -2.4704E+00
 -2.4704E+00
 -2.4704E+00
 -2.4704E+00
 -2.4704E+00
 -2.4704E+00
 -2.4704E+00
 -2.4704E+00
 -2.4704E+00
 -4.9407E+00
 -4.9407E+00
 -4.9407E+00
 -4.9407E+00
 -4.9407E+00
 -4.9407E+00
 -4.9407E+00
 -4.9407E+00
 -4.9407E+00
 -7.4111E+00
 -7.4111E+00
 -7.4111E+00
 -7.4111E+00
 -7.4111E+00
 -7.4111E+00
 -7.4111E+00
 -7.4111E+00
 -7.4111E+00
 -9.8814E+00
 -9.8814E+00
 -9.8814E+00
 -9.8814E+00
 -9.8814E+00
 -9.8814E+00
 -9.8814E+00
 -9.8814E+00
 -9.8814E+00
 -1.2352E+01
 -1.2352E+01
 -1.2352E+01
 -1.2352E+01
 -1.2352E+01
 -1.2352E+01
 -1.2352E+01
 -1.2352E+01
 -1.2352E+01
 -1.4822E+01
 -1.4822E+01
 -1.4822E+01
 -1.4822E+01
 -1.4822E+01
 -1.4822E+01
 -1.4822E+01
 -1.4822E+01
 -1.4822E+01
 -1.7292E+01
 -1.7292E+01
 -1.7292E+01
 -1.7292E+01
 -1.7292E+01
 -1.7292E+01
 -1.7292E+01
 -1.7292E+01
 -1.7292E+01
 -1.9763E+01
 -1.9763E+01
 -1.9763E+01
 -1.9763E+01
 -1.9763E+01
 -1.9763E+01
 -1.9763E+01
 -1.9763E+01
 -1.9763E+01
 -2.2233E+01
 -2.2233E+01
 -2.2233E+01
 -2.2233E+01
 -2.2233E+01
 -2.2233E+01
 -2.2233E+01
 -2.2233E+01
 -2.2233E+01
 -2.4704E+01
 -2.4704E+01
 -2.4704E+01
 -2.4704E+01
 -2.4704E+01
 -2.4704E+01
 -2.4704E+01
 -2.4704E+01
 -2.4704E+01
 -2.7174E+01
 -2.7174E+01
 -2.7174E+01
 -2.7174E+01
 -2.7174E+01
 -2.7174E+01
 -2.7174E+01
 -2.7174E+01
 -2.7174E+01
 -2.9644E+01
 -2.9644E+01
 -2.9644E+01
 -2.9644E+01
 -2.9644E+01
 -2.9644E+01
 -2.9644E+01
 -2.9644E+01
 -2.9644E+01
 -3.2115E+01
 -3.2115E+01
 -3.2115E+01
 -3.2115E+01
 -3.2115E+01
 -3.2115E+01
 -3.2115E+01
 -3.2115E+01
 -3.2115E+01
 -3.4585E+01
 -3.4585E+01
 -3.4585E+01
 -3.4585E+01
 -3.4585E+01
 -3.4585E+01
 -3.4585E+01
 -3.4585E+01
 -3.4585E+01
 -3.7055E+01
 -3.7055E+01
 -3.7055E+01
 -3.7055E+01
 -3.7055E+01
 -3.7055E+01
 -3.7055E+01
 -3.7055E+01
 -3.7055E+01
 -3.9526E+01
 -3.9526E+01
 -3.9526E+01
 -3.9526E+01
 -3.9526E+01
 -3.9526E+01
 -3.9526E+01
 -3.9526E+01
 -3.9526E+01
 -4.1996E+01
 -4.1996E+01
 -4.1996E+01
 -4.1996E+01
 -4.1996E+01
 -4.1996E+01
 -4.1996E+01
 -4.1996E+01
 -4.1996E+01
 -4.4466E+01
 -4.4466E+01
 -4.4466E+01
 -4.4466E+01
 -4.4466E+01
 -4.4466E+01
 -4.4466E+01
 -4.4466E+01
 -4.4466E+01
 -4.6937E+01
 -4.6937E+01
 -4.6937E+01
 -4.6937E+01
 -4.6937E+01
 -4.6937E+01
 -4.6937E+01
 -4.6937E+01
 -4.6937E+01
 -4.9407E+01
 -4.9407E+01
 -4.9407E+01
 -4.9407E+01
 -4.9407E+01
 -4.9407E+01
 -4.9407E+01
 -4.9407E+01
 -4.9407E+01
