# node 38046
   0.0000E+00   -1.6692E+02
   1.0000E+00   -1.6692E+02
   2.0000E+00   -1.6694E+02
   3.0000E+00   -1.6698E+02
   4.0000E+00   -1.6703E+02
   5.0000E+00   -1.6709E+02
   6.0000E+00   -1.6716E+02
   7.0000E+00   -1.6725E+02
   8.0000E+00   -1.6735E+02
   9.0000E+00   -1.6746E+02
   1.0000E+01   -1.6759E+02
   1.1000E+01   -1.6774E+02
   1.2000E+01   -1.6789E+02
   1.3000E+01   -1.6806E+02
   1.4000E+01   -1.6824E+02
   1.5000E+01   -1.6843E+02
   1.6000E+01   -1.6864E+02
   1.7000E+01   -1.6885E+02
   1.8000E+01   -1.6908E+02
   1.9000E+01   -1.6931E+02
   2.0000E+01   -1.6956E+02
   2.1000E+01   -1.6981E+02
   2.2000E+01   -1.7008E+02
   2.3000E+01   -1.7036E+02
   2.4000E+01   -1.7065E+02
   2.5000E+01   -1.7096E+02
   2.6000E+01   -1.7129E+02
   2.7000E+01   -1.7164E+02
   2.8000E+01   -1.7202E+02
   2.9000E+01   -1.7241E+02
   3.0000E+01   -1.7282E+02
   3.1000E+01   -1.7326E+02
   3.2000E+01   -1.7371E+02
   3.3000E+01   -1.7418E+02
   3.4000E+01   -1.7468E+02
   3.5000E+01   -1.7519E+02
   3.6000E+01   -1.7572E+02
   3.7000E+01   -1.7627E+02
   3.8000E+01   -1.7684E+02
   3.9000E+01   -1.7743E+02
   4.0000E+01   -1.7804E+02
   4.1000E+01   -1.7867E+02
   4.2000E+01   -1.7932E+02
   4.3000E+01   -1.7999E+02
   4.4000E+01   -1.8068E+02
   4.5000E+01   -1.8139E+02
   4.6000E+01   -1.8213E+02
   4.7000E+01   -1.8289E+02
   4.8000E+01   -1.8367E+02
   4.9000E+01   -1.8448E+02
   5.0000E+01   -1.8531E+02
   5.1000E+01   -1.8617E+02
   5.2000E+01   -1.8705E+02
   5.3000E+01   -1.8796E+02
   5.4000E+01   -1.8889E+02
   5.5000E+01   -1.8985E+02
   5.6000E+01   -1.9084E+02
   5.7000E+01   -1.9187E+02
   5.8000E+01   -1.9292E+02
   5.9000E+01   -1.9400E+02
   6.0000E+01   -1.9511E+02
   6.1000E+01   -1.9626E+02
   6.2000E+01   -1.9744E+02
   6.3000E+01   -1.9865E+02
   6.4000E+01   -1.9990E+02
   6.5000E+01   -2.0119E+02
   6.6000E+01   -2.0252E+02
   6.7000E+01   -2.0389E+02
   6.8000E+01   -2.0530E+02
   6.9000E+01   -2.0675E+02
   7.0000E+01   -2.0825E+02
   7.1000E+01   -2.0980E+02
   7.2000E+01   -2.1140E+02
   7.3000E+01   -2.1305E+02
   7.4000E+01   -2.1476E+02
   7.5000E+01   -2.1652E+02
   7.6000E+01   -2.1835E+02
   7.7000E+01   -2.2023E+02
   7.8000E+01   -2.2218E+02
   7.9000E+01   -2.2418E+02
   8.0000E+01   -2.2623E+02
   8.1000E+01   -2.2831E+02
   8.2000E+01   -2.3036E+02
   8.3000E+01   -2.3223E+02
   8.4000E+01   -2.3334E+02
   8.5000E+01   -2.2574E+02
   8.6000E+01   -2.4824E+02
   8.7000E+01   -2.4723E+02
   8.8000E+01   -2.4912E+02
   8.9000E+01   -2.5161E+02
   9.0000E+01   -2.5438E+02
   9.1000E+01   -2.5733E+02
   9.2000E+01   -2.6043E+02
   9.3000E+01   -2.6367E+02
   9.4000E+01   -2.6703E+02
   9.5000E+01   -2.7053E+02
   9.6000E+01   -2.7417E+02
   9.7000E+01   -2.7795E+02
   9.8000E+01   -2.8189E+02
   9.9000E+01   -2.8599E+02
   1.0000E+02   -2.9026E+02
   1.0100E+02   -2.9472E+02
   1.0200E+02   -2.9936E+02
   1.0300E+02   -3.0421E+02
   1.0400E+02   -3.0928E+02
   1.0500E+02   -3.1458E+02
   1.0600E+02   -3.2013E+02
   1.0700E+02   -3.2595E+02
   1.0800E+02   -3.3205E+02
   1.0900E+02   -3.3845E+02
   1.1000E+02   -3.4518E+02
   1.1100E+02   -3.5226E+02
   1.1200E+02   -3.5971E+02
   1.1300E+02   -3.6757E+02
   1.1400E+02   -3.7586E+02
   1.1500E+02   -3.8462E+02
   1.1600E+02   -3.9389E+02
   1.1700E+02   -4.0369E+02
   1.1800E+02   -4.1407E+02
   1.1900E+02   -4.2507E+02
   1.2000E+02   -4.3674E+02
   1.2100E+02   -4.4912E+02
   1.2200E+02   -4.6227E+02
   1.2300E+02   -4.7626E+02
   1.2400E+02   -4.9118E+02
   1.2500E+02   -5.0715E+02
   1.2600E+02   -5.2433E+02
   1.2700E+02   -5.4292E+02
   1.2800E+02   -5.6318E+02
   1.2900E+02   -5.8540E+02
   1.3000E+02   -6.0991E+02
   1.3100E+02   -6.3707E+02
   1.3200E+02   -6.6734E+02
   1.3300E+02   -7.0124E+02
   1.3400E+02   -7.3938E+02
   1.3500E+02   -7.8259E+02
   1.3600E+02   -8.3186E+02
   1.3700E+02   -8.8853E+02
   1.3800E+02   -9.5435E+02
   1.3900E+02   -1.0317E+03
   1.4000E+02   -1.1238E+03
   1.4100E+02   -1.2353E+03
   1.4200E+02   -1.3730E+03
   1.4300E+02   -1.5475E+03
   1.4400E+02   -1.7755E+03
   1.4500E+02   -2.0864E+03
   1.4600E+02   -2.5351E+03
   1.4700E+02   -3.2393E+03
   1.4800E+02   -4.5044E+03
   1.4900E+02   -7.4433E+03
   1.5000E+02   -2.1872E+04
   1.5100E+02    2.2784E+04
   1.5200E+02    7.4348E+03
   1.5300E+02    4.4222E+03
   1.5400E+02    3.1368E+03
   1.5500E+02    2.4242E+03
   1.5600E+02    1.9712E+03
   1.5700E+02    1.6579E+03
   1.5800E+02    1.4282E+03
   1.5900E+02    1.2527E+03
   1.6000E+02    1.1142E+03
   1.6100E+02    1.0020E+03
   1.6200E+02    9.0942E+02
   1.6300E+02    8.3164E+02
   1.6400E+02    7.6539E+02
   1.6500E+02    7.0828E+02
   1.6600E+02    6.5854E+02
   1.6700E+02    6.1483E+02
   1.6800E+02    5.7612E+02
   1.6900E+02    5.4160E+02
   1.7000E+02    5.1062E+02
   1.7100E+02    4.8267E+02
   1.7200E+02    4.5732E+02
   1.7300E+02    4.3423E+02
   1.7400E+02    4.1311E+02
   1.7500E+02    3.9371E+02
   1.7600E+02    3.7584E+02
   1.7700E+02    3.5932E+02
   1.7800E+02    3.4400E+02
   1.7900E+02    3.2974E+02
   1.8000E+02    3.1643E+02
   1.8100E+02    3.0398E+02
   1.8200E+02    2.9229E+02
   1.8300E+02    2.8130E+02
   1.8400E+02    2.7093E+02
   1.8500E+02    2.6115E+02
   1.8600E+02    2.5189E+02
   1.8700E+02    2.4313E+02
   1.8800E+02    2.3482E+02
   1.8900E+02    2.2693E+02
   1.9000E+02    2.1942E+02
   1.9100E+02    2.1228E+02
   1.9200E+02    2.0547E+02
   1.9300E+02    1.9897E+02
   1.9400E+02    1.9276E+02
   1.9500E+02    1.8681E+02
   1.9600E+02    1.8112E+02
   1.9700E+02    1.7566E+02
   1.9800E+02    1.7043E+02
   1.9900E+02    1.6539E+02
   2.0000E+02    1.6055E+02
   2.0100E+02    1.5589E+02
   2.0200E+02    1.5139E+02
   2.0300E+02    1.4706E+02
   2.0400E+02    1.4287E+02
   2.0500E+02    1.3883E+02
   2.0600E+02    1.3491E+02
   2.0700E+02    1.3113E+02
   2.0800E+02    1.2745E+02
   2.0900E+02    1.2390E+02
   2.1000E+02    1.2044E+02
   2.1100E+02    1.1709E+02
   2.1200E+02    1.1383E+02
   2.1300E+02    1.1066E+02
   2.1400E+02    1.0757E+02
   2.1500E+02    1.0457E+02
   2.1600E+02    1.0164E+02
   2.1700E+02    9.8788E+01
   2.1800E+02    9.6004E+01
   2.1900E+02    9.3286E+01
   2.2000E+02    9.0631E+01
   2.2100E+02    8.8034E+01
   2.2200E+02    8.5492E+01
   2.2300E+02    8.3002E+01
   2.2400E+02    8.0560E+01
   2.2500E+02    7.8162E+01
   2.2600E+02    7.5805E+01
   2.2700E+02    7.3486E+01
   2.2800E+02    7.1203E+01
   2.2900E+02    6.8953E+01
   2.3000E+02    6.6732E+01
   2.3100E+02    6.4539E+01
   2.3200E+02    6.2371E+01
   2.3300E+02    6.0227E+01
   2.3400E+02    5.8103E+01
   2.3500E+02    5.5998E+01
   2.3600E+02    5.3909E+01
   2.3700E+02    5.1835E+01
   2.3800E+02    4.9773E+01
   2.3900E+02    4.7721E+01
   2.4000E+02    4.5677E+01
   2.4100E+02    4.3640E+01
   2.4200E+02    4.1605E+01
   2.4300E+02    3.9573E+01
   2.4400E+02    3.7539E+01
   2.4500E+02    3.5502E+01
   2.4600E+02    3.3459E+01
   2.4700E+02    3.1409E+01
   2.4800E+02    2.9347E+01
   2.4900E+02    2.7271E+01
   2.5000E+02    2.5179E+01
   2.5100E+02    2.3068E+01
   2.5200E+02    2.0934E+01
   2.5300E+02    1.8773E+01
   2.5400E+02    1.6583E+01
   2.5500E+02    1.4359E+01
   2.5600E+02    1.2098E+01
   2.5700E+02    9.7946E+00
   2.5800E+02    7.4445E+00
   2.5900E+02    5.0425E+00
   2.6000E+02    2.5829E+00
   2.6100E+02    5.9879E-02
   2.6200E+02   -2.5334E+00
   2.6300E+02   -5.2041E+00
   2.6400E+02   -7.9602E+00
   2.6500E+02   -1.0811E+01
   2.6600E+02   -1.3765E+01
   2.6700E+02   -1.6835E+01
   2.6800E+02   -2.0033E+01
   2.6900E+02   -2.3371E+01
   2.7000E+02   -2.6866E+01
   2.7100E+02   -3.0535E+01
   2.7200E+02   -3.4399E+01
   2.7300E+02   -3.8478E+01
   2.7400E+02   -4.2799E+01
   2.7500E+02   -4.7392E+01
   2.7600E+02   -5.2289E+01
   2.7700E+02   -5.7529E+01
   2.7800E+02   -6.3157E+01
   2.7900E+02   -6.9227E+01
   2.8000E+02   -7.5801E+01
   2.8100E+02   -8.2956E+01
   2.8200E+02   -9.0782E+01
   2.8300E+02   -9.9394E+01
   2.8400E+02   -1.0893E+02
   2.8500E+02   -1.1957E+02
   2.8600E+02   -1.3152E+02
   2.8700E+02   -1.4508E+02
   2.8800E+02   -1.6061E+02
   2.8900E+02   -1.7860E+02
   2.9000E+02   -1.9973E+02
   2.9100E+02   -2.2492E+02
   2.9200E+02   -2.5552E+02
   2.9300E+02   -2.9353E+02
   2.9400E+02   -3.4206E+02
   2.9500E+02   -4.0629E+02
   2.9600E+02   -4.9543E+02
   2.9700E+02   -6.2762E+02
   2.9800E+02   -8.4427E+02
   2.9900E+02   -1.2650E+03
   3.0000E+02   -2.4369E+03
   3.0100E+02   -2.3322E+04
   3.0200E+02    3.1964E+03
   3.0300E+02    1.5204E+03
   3.0400E+02    1.0076E+03
   3.0500E+02    7.5881E+02
   3.0600E+02    6.1180E+02
   3.0700E+02    5.1466E+02
   3.0800E+02    4.4564E+02
   3.0900E+02    3.9404E+02
   3.1000E+02    3.5397E+02
   3.1100E+02    3.2195E+02
   3.1200E+02    2.9574E+02
   3.1300E+02    2.7389E+02
   3.1400E+02    2.5537E+02
   3.1500E+02    2.3948E+02
   3.1600E+02    2.2567E+02
   3.1700E+02    2.1356E+02
   3.1800E+02    2.0284E+02
   3.1900E+02    1.9329E+02
   3.2000E+02    1.8471E+02
   3.2100E+02    1.7696E+02
   3.2200E+02    1.6992E+02
   3.2300E+02    1.6350E+02
   3.2400E+02    1.5761E+02
   3.2500E+02    1.5220E+02
   3.2600E+02    1.4720E+02
   3.2700E+02    1.4257E+02
   3.2800E+02    1.3828E+02
   3.2900E+02    1.3427E+02
   3.3000E+02    1.3054E+02
   3.3100E+02    1.2704E+02
   3.3200E+02    1.2375E+02
   3.3300E+02    1.2066E+02
   3.3400E+02    1.1775E+02
   3.3500E+02    1.1499E+02
   3.3600E+02    1.1238E+02
   3.3700E+02    1.0990E+02
   3.3800E+02    1.0755E+02
   3.3900E+02    1.0531E+02
   3.4000E+02    1.0317E+02
   3.4100E+02    1.0113E+02
   3.4200E+02    9.9184E+01
   3.4300E+02    9.7319E+01
   3.4400E+02    9.5531E+01
   3.4500E+02    9.3817E+01
   3.4600E+02    9.2171E+01
   3.4700E+02    9.0589E+01
   3.4800E+02    8.9066E+01
   3.4900E+02    8.7600E+01
   3.5000E+02    8.6187E+01
   3.5100E+02    8.4823E+01
   3.5200E+02    8.3507E+01
   3.5300E+02    8.2235E+01
   3.5400E+02    8.1006E+01
   3.5500E+02    7.9816E+01
   3.5600E+02    7.8664E+01
   3.5700E+02    7.7547E+01
   3.5800E+02    7.6465E+01
   3.5900E+02    7.5415E+01
   3.6000E+02    7.4397E+01
   3.6100E+02    7.3408E+01
   3.6200E+02    7.2447E+01
   3.6300E+02    7.1513E+01
   3.6400E+02    7.0606E+01
   3.6500E+02    6.9724E+01
   3.6600E+02    6.8867E+01
   3.6700E+02    6.8033E+01
   3.6800E+02    6.7223E+01
   3.6900E+02    6.6435E+01
   3.7000E+02    6.5668E+01
   3.7100E+02    6.4922E+01
   3.7200E+02    6.4195E+01
   3.7300E+02    6.3486E+01
   3.7400E+02    6.2793E+01
   3.7500E+02    6.2114E+01
   3.7600E+02    6.1449E+01
   3.7700E+02    6.0796E+01
   3.7800E+02    6.0155E+01
   3.7900E+02    5.9526E+01
   3.8000E+02    5.8909E+01
   3.8100E+02    5.8304E+01
   3.8200E+02    5.7710E+01
   3.8300E+02    5.7127E+01
   3.8400E+02    5.6556E+01
   3.8500E+02    5.5995E+01
   3.8600E+02    5.5446E+01
   3.8700E+02    5.4906E+01
   3.8800E+02    5.4378E+01
   3.8900E+02    5.3859E+01
   3.9000E+02    5.3349E+01
   3.9100E+02    5.2849E+01
   3.9200E+02    5.2359E+01
   3.9300E+02    5.1877E+01
   3.9400E+02    5.1404E+01
   3.9500E+02    5.0939E+01
   3.9600E+02    5.0482E+01
   3.9700E+02    5.0033E+01
   3.9800E+02    4.9592E+01
   3.9900E+02    4.9159E+01
   4.0000E+02    4.8732E+01
   4.0100E+02    4.8313E+01
   4.0200E+02    4.7901E+01
   4.0300E+02    4.7495E+01
   4.0400E+02    4.7096E+01
   4.0500E+02    4.6703E+01
   4.0600E+02    4.6316E+01
   4.0700E+02    4.5936E+01
   4.0800E+02    4.5561E+01
   4.0900E+02    4.5193E+01
   4.1000E+02    4.4829E+01
   4.1100E+02    4.4472E+01
   4.1200E+02    4.4120E+01
   4.1300E+02    4.3773E+01
   4.1400E+02    4.3431E+01
   4.1500E+02    4.3095E+01
   4.1600E+02    4.2764E+01
   4.1700E+02    4.2438E+01
   4.1800E+02    4.2118E+01
   4.1900E+02    4.1802E+01
   4.2000E+02    4.1492E+01
   4.2100E+02    4.1188E+01
   4.2200E+02    4.0888E+01
   4.2300E+02    4.0593E+01
   4.2400E+02    4.0302E+01
   4.2500E+02    4.0015E+01
   4.2600E+02    3.9732E+01
   4.2700E+02    3.9451E+01
   4.2800E+02    3.9174E+01
   4.2900E+02    3.8899E+01
   4.3000E+02    3.8626E+01
   4.3100E+02    3.8357E+01
   4.3200E+02    3.8090E+01
   4.3300E+02    3.7826E+01
   4.3400E+02    3.7565E+01
   4.3500E+02    3.7307E+01
   4.3600E+02    3.7052E+01
   4.3700E+02    3.6800E+01
   4.3800E+02    3.6551E+01
   4.3900E+02    3.6305E+01
   4.4000E+02    3.6061E+01
   4.4100E+02    3.5821E+01
   4.4200E+02    3.5584E+01
   4.4300E+02    3.5349E+01
   4.4400E+02    3.5117E+01
   4.4500E+02    3.4888E+01
   4.4600E+02    3.4661E+01
   4.4700E+02    3.4437E+01
   4.4800E+02    3.4216E+01
   4.4900E+02    3.3997E+01
   4.5000E+02    3.3780E+01
   4.5100E+02    3.3566E+01
   4.5200E+02    3.3354E+01
   4.5300E+02    3.3145E+01
   4.5400E+02    3.2938E+01
   4.5500E+02    3.2733E+01
   4.5600E+02    3.2530E+01
   4.5700E+02    3.2330E+01
   4.5800E+02    3.2132E+01
   4.5900E+02    3.1936E+01
   4.6000E+02    3.1742E+01
   4.6100E+02    3.1550E+01
   4.6200E+02    3.1360E+01
   4.6300E+02    3.1172E+01
   4.6400E+02    3.0986E+01
   4.6500E+02    3.0801E+01
   4.6600E+02    3.0619E+01
   4.6700E+02    3.0439E+01
   4.6800E+02    3.0261E+01
   4.6900E+02    3.0084E+01
   4.7000E+02    2.9909E+01
   4.7100E+02    2.9737E+01
   4.7200E+02    2.9566E+01
   4.7300E+02    2.9396E+01
   4.7400E+02    2.9229E+01
   4.7500E+02    2.9063E+01
   4.7600E+02    2.8898E+01
   4.7700E+02    2.8736E+01
   4.7800E+02    2.8574E+01
   4.7900E+02    2.8414E+01
   4.8000E+02    2.8256E+01
   4.8100E+02    2.8099E+01
   4.8200E+02    2.7944E+01
   4.8300E+02    2.7789E+01
   4.8400E+02    2.7637E+01
   4.8500E+02    2.7485E+01
   4.8600E+02    2.7335E+01
   4.8700E+02    2.7187E+01
   4.8800E+02    2.7040E+01
   4.8900E+02    2.6894E+01
   4.9000E+02    2.6749E+01
   4.9100E+02    2.6606E+01
   4.9200E+02    2.6464E+01
   4.9300E+02    2.6323E+01
   4.9400E+02    2.6184E+01
   4.9500E+02    2.6046E+01
   4.9600E+02    2.5909E+01
   4.9700E+02    2.5773E+01
   4.9800E+02    2.5638E+01
   4.9900E+02    2.5505E+01
   5.0000E+02    2.5373E+01
