# node 38046
   0.0000E+00   -1.6682E+02
   1.0000E+00   -1.6682E+02
   2.0000E+00   -1.6684E+02
   3.0000E+00   -1.6688E+02
   4.0000E+00   -1.6692E+02
   5.0000E+00   -1.6698E+02
   6.0000E+00   -1.6706E+02
   7.0000E+00   -1.6715E+02
   8.0000E+00   -1.6725E+02
   9.0000E+00   -1.6736E+02
   1.0000E+01   -1.6749E+02
   1.1000E+01   -1.6763E+02
   1.2000E+01   -1.6779E+02
   1.3000E+01   -1.6796E+02
   1.4000E+01   -1.6814E+02
   1.5000E+01   -1.6833E+02
   1.6000E+01   -1.6853E+02
   1.7000E+01   -1.6875E+02
   1.8000E+01   -1.6898E+02
   1.9000E+01   -1.6921E+02
   2.0000E+01   -1.6946E+02
   2.1000E+01   -1.6972E+02
   2.2000E+01   -1.6998E+02
   2.3000E+01   -1.7026E+02
   2.4000E+01   -1.7056E+02
   2.5000E+01   -1.7087E+02
   2.6000E+01   -1.7120E+02
   2.7000E+01   -1.7155E+02
   2.8000E+01   -1.7193E+02
   2.9000E+01   -1.7232E+02
   3.0000E+01   -1.7273E+02
   3.1000E+01   -1.7316E+02
   3.2000E+01   -1.7362E+02
   3.3000E+01   -1.7409E+02
   3.4000E+01   -1.7458E+02
   3.5000E+01   -1.7509E+02
   3.6000E+01   -1.7562E+02
   3.7000E+01   -1.7617E+02
   3.8000E+01   -1.7674E+02
   3.9000E+01   -1.7733E+02
   4.0000E+01   -1.7794E+02
   4.1000E+01   -1.7857E+02
   4.2000E+01   -1.7922E+02
   4.3000E+01   -1.7989E+02
   4.4000E+01   -1.8058E+02
   4.5000E+01   -1.8129E+02
   4.6000E+01   -1.8203E+02
   4.7000E+01   -1.8279E+02
   4.8000E+01   -1.8357E+02
   4.9000E+01   -1.8437E+02
   5.0000E+01   -1.8520E+02
   5.1000E+01   -1.8606E+02
   5.2000E+01   -1.8694E+02
   5.3000E+01   -1.8785E+02
   5.4000E+01   -1.8878E+02
   5.5000E+01   -1.8974E+02
   5.6000E+01   -1.9073E+02
   5.7000E+01   -1.9175E+02
   5.8000E+01   -1.9280E+02
   5.9000E+01   -1.9388E+02
   6.0000E+01   -1.9499E+02
   6.1000E+01   -1.9614E+02
   6.2000E+01   -1.9732E+02
   6.3000E+01   -1.9853E+02
   6.4000E+01   -1.9978E+02
   6.5000E+01   -2.0107E+02
   6.6000E+01   -2.0239E+02
   6.7000E+01   -2.0376E+02
   6.8000E+01   -2.0517E+02
   6.9000E+01   -2.0662E+02
   7.0000E+01   -2.0812E+02
   7.1000E+01   -2.0967E+02
   7.2000E+01   -2.1127E+02
   7.3000E+01   -2.1292E+02
   7.4000E+01   -2.1462E+02
   7.5000E+01   -2.1639E+02
   7.6000E+01   -2.1821E+02
   7.7000E+01   -2.2010E+02
   7.8000E+01   -2.2205E+02
   7.9000E+01   -2.2406E+02
   8.0000E+01   -2.2613E+02
   8.1000E+01   -2.2823E+02
   8.2000E+01   -2.3033E+02
   8.3000E+01   -2.3232E+02
   8.4000E+01   -2.3383E+02
   8.5000E+01   -2.3190E+02
   8.6000E+01   -2.5101E+02
   8.7000E+01   -2.4727E+02
   8.8000E+01   -2.4895E+02
   8.9000E+01   -2.5140E+02
   9.0000E+01   -2.5415E+02
   9.1000E+01   -2.5709E+02
   9.2000E+01   -2.6018E+02
   9.3000E+01   -2.6340E+02
   9.4000E+01   -2.6676E+02
   9.5000E+01   -2.7025E+02
   9.6000E+01   -2.7388E+02
   9.7000E+01   -2.7766E+02
   9.8000E+01   -2.8159E+02
   9.9000E+01   -2.8568E+02
   1.0000E+02   -2.8994E+02
   1.0100E+02   -2.9439E+02
   1.0200E+02   -2.9902E+02
   1.0300E+02   -3.0386E+02
   1.0400E+02   -3.0892E+02
   1.0500E+02   -3.1421E+02
   1.0600E+02   -3.1974E+02
   1.0700E+02   -3.2554E+02
   1.0800E+02   -3.3163E+02
   1.0900E+02   -3.3801E+02
   1.1000E+02   -3.4472E+02
   1.1100E+02   -3.5178E+02
   1.1200E+02   -3.5922E+02
   1.1300E+02   -3.6705E+02
   1.1400E+02   -3.7532E+02
   1.1500E+02   -3.8406E+02
   1.1600E+02   -3.9330E+02
   1.1700E+02   -4.0308E+02
   1.1800E+02   -4.1344E+02
   1.1900E+02   -4.2442E+02
   1.2000E+02   -4.3607E+02
   1.2100E+02   -4.4844E+02
   1.2200E+02   -4.6158E+02
   1.2300E+02   -4.7557E+02
   1.2400E+02   -4.9049E+02
   1.2500E+02   -5.0647E+02
   1.2600E+02   -5.2366E+02
   1.2700E+02   -5.4227E+02
   1.2800E+02   -5.6253E+02
   1.2900E+02   -5.8475E+02
   1.3000E+02   -6.0924E+02
   1.3100E+02   -6.3639E+02
   1.3200E+02   -6.6662E+02
   1.3300E+02   -7.0046E+02
   1.3400E+02   -7.3853E+02
   1.3500E+02   -7.8165E+02
   1.3600E+02   -8.3081E+02
   1.3700E+02   -8.8733E+02
   1.3800E+02   -9.5296E+02
   1.3900E+02   -1.0300E+03
   1.4000E+02   -1.1218E+03
   1.4100E+02   -1.2329E+03
   1.4200E+02   -1.3701E+03
   1.4300E+02   -1.5438E+03
   1.4400E+02   -1.7707E+03
   1.4500E+02   -2.0796E+03
   1.4600E+02   -2.5250E+03
   1.4700E+02   -3.2229E+03
   1.4800E+02   -4.4725E+03
   1.4900E+02   -7.3563E+03
   1.5000E+02   -2.1133E+04
   1.5100E+02    2.3651E+04
   1.5200E+02    7.5253E+03
   1.5300E+02    4.4542E+03
   1.5400E+02    3.1530E+03
   1.5500E+02    2.4339E+03
   1.5600E+02    1.9777E+03
   1.5700E+02    1.6625E+03
   1.5800E+02    1.4317E+03
   1.5900E+02    1.2554E+03
   1.6000E+02    1.1163E+03
   1.6100E+02    1.0038E+03
   1.6200E+02    9.1085E+02
   1.6300E+02    8.3285E+02
   1.6400E+02    7.6642E+02
   1.6500E+02    7.0917E+02
   1.6600E+02    6.5931E+02
   1.6700E+02    6.1551E+02
   1.6800E+02    5.7673E+02
   1.6900E+02    5.4214E+02
   1.7000E+02    5.1111E+02
   1.7100E+02    4.8311E+02
   1.7200E+02    4.5772E+02
   1.7300E+02    4.3459E+02
   1.7400E+02    4.1344E+02
   1.7500E+02    3.9402E+02
   1.7600E+02    3.7613E+02
   1.7700E+02    3.5959E+02
   1.7800E+02    3.4425E+02
   1.7900E+02    3.2997E+02
   1.8000E+02    3.1665E+02
   1.8100E+02    3.0418E+02
   1.8200E+02    2.9248E+02
   1.8300E+02    2.8148E+02
   1.8400E+02    2.7110E+02
   1.8500E+02    2.6131E+02
   1.8600E+02    2.5205E+02
   1.8700E+02    2.4327E+02
   1.8800E+02    2.3496E+02
   1.8900E+02    2.2706E+02
   1.9000E+02    2.1955E+02
   1.9100E+02    2.1240E+02
   1.9200E+02    2.0558E+02
   1.9300E+02    1.9908E+02
   1.9400E+02    1.9286E+02
   1.9500E+02    1.8691E+02
   1.9600E+02    1.8122E+02
   1.9700E+02    1.7576E+02
   1.9800E+02    1.7051E+02
   1.9900E+02    1.6548E+02
   2.0000E+02    1.6063E+02
   2.0100E+02    1.5597E+02
   2.0200E+02    1.5147E+02
   2.0300E+02    1.4713E+02
   2.0400E+02    1.4294E+02
   2.0500E+02    1.3890E+02
   2.0600E+02    1.3498E+02
   2.0700E+02    1.3119E+02
   2.0800E+02    1.2752E+02
   2.0900E+02    1.2396E+02
   2.1000E+02    1.2050E+02
   2.1100E+02    1.1715E+02
   2.1200E+02    1.1388E+02
   2.1300E+02    1.1071E+02
   2.1400E+02    1.0763E+02
   2.1500E+02    1.0462E+02
   2.1600E+02    1.0170E+02
   2.1700E+02    9.8841E+01
   2.1800E+02    9.6058E+01
   2.1900E+02    9.3340E+01
   2.2000E+02    9.0685E+01
   2.2100E+02    8.8088E+01
   2.2200E+02    8.5547E+01
   2.2300E+02    8.3056E+01
   2.2400E+02    8.0614E+01
   2.2500E+02    7.8215E+01
   2.2600E+02    7.5858E+01
   2.2700E+02    7.3538E+01
   2.2800E+02    7.1254E+01
   2.2900E+02    6.9002E+01
   2.3000E+02    6.6780E+01
   2.3100E+02    6.4586E+01
   2.3200E+02    6.2416E+01
   2.3300E+02    6.0270E+01
   2.3400E+02    5.8145E+01
   2.3500E+02    5.6038E+01
   2.3600E+02    5.3948E+01
   2.3700E+02    5.1872E+01
   2.3800E+02    4.9808E+01
   2.3900E+02    4.7755E+01
   2.4000E+02    4.5710E+01
   2.4100E+02    4.3671E+01
   2.4200E+02    4.1636E+01
   2.4300E+02    3.9602E+01
   2.4400E+02    3.7567E+01
   2.4500E+02    3.5529E+01
   2.4600E+02    3.3485E+01
   2.4700E+02    3.1434E+01
   2.4800E+02    2.9371E+01
   2.4900E+02    2.7295E+01
   2.5000E+02    2.5202E+01
   2.5100E+02    2.3090E+01
   2.5200E+02    2.0955E+01
   2.5300E+02    1.8795E+01
   2.5400E+02    1.6604E+01
   2.5500E+02    1.4380E+01
   2.5600E+02    1.2119E+01
   2.5700E+02    9.8155E+00
   2.5800E+02    7.4654E+00
   2.5900E+02    5.0636E+00
   2.6000E+02    2.6043E+00
   2.6100E+02    8.1601E-02
   2.6200E+02   -2.5112E+00
   2.6300E+02   -5.1814E+00
   2.6400E+02   -7.9370E+00
   2.6500E+02   -1.0787E+01
   2.6600E+02   -1.3741E+01
   2.6700E+02   -1.6811E+01
   2.6800E+02   -2.0008E+01
   2.6900E+02   -2.3347E+01
   2.7000E+02   -2.6844E+01
   2.7100E+02   -3.0515E+01
   2.7200E+02   -3.4382E+01
   2.7300E+02   -3.8466E+01
   2.7400E+02   -4.2795E+01
   2.7500E+02   -4.7397E+01
   2.7600E+02   -5.2306E+01
   2.7700E+02   -5.7560E+01
   2.7800E+02   -6.3203E+01
   2.7900E+02   -6.9290E+01
   2.8000E+02   -7.5881E+01
   2.8100E+02   -8.3052E+01
   2.8200E+02   -9.0896E+01
   2.8300E+02   -9.9525E+01
   2.8400E+02   -1.0908E+02
   2.8500E+02   -1.1973E+02
   2.8600E+02   -1.3171E+02
   2.8700E+02   -1.4529E+02
   2.8800E+02   -1.6085E+02
   2.8900E+02   -1.7888E+02
   2.9000E+02   -2.0005E+02
   2.9100E+02   -2.2530E+02
   2.9200E+02   -2.5597E+02
   2.9300E+02   -2.9407E+02
   2.9400E+02   -3.4274E+02
   2.9500E+02   -4.0719E+02
   2.9600E+02   -4.9667E+02
   2.9700E+02   -6.2947E+02
   2.9800E+02   -8.4738E+02
   2.9900E+02   -1.2715E+03
   3.0000E+02   -2.4596E+03
   3.0100E+02   -2.5416E+04
   3.0200E+02    3.1630E+03
   3.0300E+02    1.5133E+03
   3.0400E+02    1.0047E+03
   3.0500E+02    7.5726E+02
   3.0600E+02    6.1086E+02
   3.0700E+02    5.1404E+02
   3.0800E+02    4.4520E+02
   3.0900E+02    3.9372E+02
   3.1000E+02    3.5374E+02
   3.1100E+02    3.2177E+02
   3.1200E+02    2.9561E+02
   3.1300E+02    2.7378E+02
   3.1400E+02    2.5530E+02
   3.1500E+02    2.3942E+02
   3.1600E+02    2.2564E+02
   3.1700E+02    2.1355E+02
   3.1800E+02    2.0285E+02
   3.1900E+02    1.9332E+02
   3.2000E+02    1.8476E+02
   3.2100E+02    1.7704E+02
   3.2200E+02    1.7002E+02
   3.2300E+02    1.6362E+02
   3.2400E+02    1.5775E+02
   3.2500E+02    1.5236E+02
   3.2600E+02    1.4737E+02
   3.2700E+02    1.4275E+02
   3.2800E+02    1.3845E+02
   3.2900E+02    1.3445E+02
   3.3000E+02    1.3071E+02
   3.3100E+02    1.2720E+02
   3.3200E+02    1.2391E+02
   3.3300E+02    1.2081E+02
   3.3400E+02    1.1789E+02
   3.3500E+02    1.1512E+02
   3.3600E+02    1.1251E+02
   3.3700E+02    1.1003E+02
   3.3800E+02    1.0767E+02
   3.3900E+02    1.0542E+02
   3.4000E+02    1.0328E+02
   3.4100E+02    1.0124E+02
   3.4200E+02    9.9284E+01
   3.4300E+02    9.7415E+01
   3.4400E+02    9.5624E+01
   3.4500E+02    9.3906E+01
   3.4600E+02    9.2257E+01
   3.4700E+02    9.0672E+01
   3.4800E+02    8.9147E+01
   3.4900E+02    8.7678E+01
   3.5000E+02    8.6262E+01
   3.5100E+02    8.4896E+01
   3.5200E+02    8.3578E+01
   3.5300E+02    8.2304E+01
   3.5400E+02    8.1072E+01
   3.5500E+02    7.9880E+01
   3.5600E+02    7.8726E+01
   3.5700E+02    7.7608E+01
   3.5800E+02    7.6524E+01
   3.5900E+02    7.5473E+01
   3.6000E+02    7.4452E+01
   3.6100E+02    7.3462E+01
   3.6200E+02    7.2499E+01
   3.6300E+02    7.1564E+01
   3.6400E+02    7.0655E+01
   3.6500E+02    6.9772E+01
   3.6600E+02    6.8912E+01
   3.6700E+02    6.8077E+01
   3.6800E+02    6.7264E+01
   3.6900E+02    6.6473E+01
   3.7000E+02    6.5704E+01
   3.7100E+02    6.4955E+01
   3.7200E+02    6.4225E+01
   3.7300E+02    6.3513E+01
   3.7400E+02    6.2817E+01
   3.7500E+02    6.2136E+01
   3.7600E+02    6.1469E+01
   3.7700E+02    6.0814E+01
   3.7800E+02    6.0172E+01
   3.7900E+02    5.9542E+01
   3.8000E+02    5.8924E+01
   3.8100E+02    5.8318E+01
   3.8200E+02    5.7723E+01
   3.8300E+02    5.7140E+01
   3.8400E+02    5.6568E+01
   3.8500E+02    5.6008E+01
   3.8600E+02    5.5458E+01
   3.8700E+02    5.4918E+01
   3.8800E+02    5.4389E+01
   3.8900E+02    5.3870E+01
   3.9000E+02    5.3360E+01
   3.9100E+02    5.2860E+01
   3.9200E+02    5.2369E+01
   3.9300E+02    5.1887E+01
   3.9400E+02    5.1414E+01
   3.9500E+02    5.0949E+01
   3.9600E+02    5.0492E+01
   3.9700E+02    5.0043E+01
   3.9800E+02    4.9602E+01
   3.9900E+02    4.9168E+01
   4.0000E+02    4.8742E+01
   4.0100E+02    4.8322E+01
   4.0200E+02    4.7910E+01
   4.0300E+02    4.7504E+01
   4.0400E+02    4.7104E+01
   4.0500E+02    4.6712E+01
   4.0600E+02    4.6325E+01
   4.0700E+02    4.5944E+01
   4.0800E+02    4.5570E+01
   4.0900E+02    4.5201E+01
   4.1000E+02    4.4837E+01
   4.1100E+02    4.4480E+01
   4.1200E+02    4.4127E+01
   4.1300E+02    4.3780E+01
   4.1400E+02    4.3439E+01
   4.1500E+02    4.3102E+01
   4.1600E+02    4.2771E+01
   4.1700E+02    4.2445E+01
   4.1800E+02    4.2125E+01
   4.1900E+02    4.1810E+01
   4.2000E+02    4.1499E+01
   4.2100E+02    4.1195E+01
   4.2200E+02    4.0895E+01
   4.2300E+02    4.0600E+01
   4.2400E+02    4.0309E+01
   4.2500E+02    4.0022E+01
   4.2600E+02    3.9739E+01
   4.2700E+02    3.9458E+01
   4.2800E+02    3.9180E+01
   4.2900E+02    3.8905E+01
   4.3000E+02    3.8633E+01
   4.3100E+02    3.8363E+01
   4.3200E+02    3.8096E+01
   4.3300E+02    3.7832E+01
   4.3400E+02    3.7571E+01
   4.3500E+02    3.7313E+01
   4.3600E+02    3.7058E+01
   4.3700E+02    3.6806E+01
   4.3800E+02    3.6557E+01
   4.3900E+02    3.6311E+01
   4.4000E+02    3.6067E+01
   4.4100E+02    3.5827E+01
   4.4200E+02    3.5589E+01
   4.4300E+02    3.5355E+01
   4.4400E+02    3.5123E+01
   4.4500E+02    3.4893E+01
   4.4600E+02    3.4667E+01
   4.4700E+02    3.4442E+01
   4.4800E+02    3.4221E+01
   4.4900E+02    3.4002E+01
   4.5000E+02    3.3785E+01
   4.5100E+02    3.3571E+01
   4.5200E+02    3.3359E+01
   4.5300E+02    3.3150E+01
   4.5400E+02    3.2943E+01
   4.5500E+02    3.2738E+01
   4.5600E+02    3.2535E+01
   4.5700E+02    3.2335E+01
   4.5800E+02    3.2136E+01
   4.5900E+02    3.1940E+01
   4.6000E+02    3.1746E+01
   4.6100E+02    3.1554E+01
   4.6200E+02    3.1364E+01
   4.6300E+02    3.1176E+01
   4.6400E+02    3.0990E+01
   4.6500E+02    3.0806E+01
   4.6600E+02    3.0623E+01
   4.6700E+02    3.0443E+01
   4.6800E+02    3.0265E+01
   4.6900E+02    3.0088E+01
   4.7000E+02    2.9913E+01
   4.7100E+02    2.9740E+01
   4.7200E+02    2.9569E+01
   4.7300E+02    2.9399E+01
   4.7400E+02    2.9231E+01
   4.7500E+02    2.9065E+01
   4.7600E+02    2.8900E+01
   4.7700E+02    2.8737E+01
   4.7800E+02    2.8575E+01
   4.7900E+02    2.8415E+01
   4.8000E+02    2.8257E+01
   4.8100E+02    2.8100E+01
   4.8200E+02    2.7944E+01
   4.8300E+02    2.7790E+01
   4.8400E+02    2.7637E+01
   4.8500E+02    2.7486E+01
   4.8600E+02    2.7336E+01
   4.8700E+02    2.7187E+01
   4.8800E+02    2.7040E+01
   4.8900E+02    2.6894E+01
   4.9000E+02    2.6749E+01
   4.9100E+02    2.6606E+01
   4.9200E+02    2.6464E+01
   4.9300E+02    2.6323E+01
   4.9400E+02    2.6184E+01
   4.9500E+02    2.6046E+01
   4.9600E+02    2.5909E+01
   4.9700E+02    2.5773E+01
   4.9800E+02    2.5638E+01
   4.9900E+02    2.5505E+01
   5.0000E+02    2.5373E+01
