Scalar STRAINP1 under Static for nodeset
6561
   0.0000E+00
  2.8795E-03
  2.8911E-03
  2.8911E-03
  2.8912E-03
  2.9190E-03
  2.9221E-03
  2.9221E-03
  2.9221E-03
  2.9796E-03
  2.9795E-03
  2.9795E-03
  2.9781E-03
  3.0416E-03
  3.0415E-03
  3.0415E-03
  3.0393E-03
  3.1040E-03
  3.1039E-03
  3.1039E-03
  3.1019E-03
  3.1664E-03
  3.1663E-03
  3.1663E-03
  3.1648E-03
  3.2288E-03
  3.2287E-03
  3.2287E-03
  3.2277E-03
  3.2910E-03
  3.2909E-03
  3.2909E-03
  3.2903E-03
  3.3532E-03
  3.3531E-03
  3.3531E-03
  3.3527E-03
  3.4152E-03
  3.4152E-03
  3.4152E-03
  3.4150E-03
  3.4773E-03
  3.4772E-03
  3.4772E-03
  3.4771E-03
  3.5393E-03
  3.5392E-03
  3.5392E-03
  3.5392E-03
  3.6013E-03
  3.6012E-03
  3.6012E-03
  3.6012E-03
  3.6632E-03
  3.6632E-03
  3.6632E-03
  3.6632E-03
  3.7252E-03
  3.7252E-03
  3.7252E-03
  3.7251E-03
  3.7872E-03
  3.7871E-03
  3.7871E-03
  3.7871E-03
  3.8492E-03
  3.8491E-03
  3.8491E-03
  3.8491E-03
  3.9112E-03
  3.9111E-03
  3.9111E-03
  3.9111E-03
  3.9732E-03
  3.9731E-03
  3.9731E-03
  3.9731E-03
  4.0351E-03
  4.0351E-03
  4.0351E-03
  4.0350E-03
  4.0971E-03
  4.0971E-03
  4.0971E-03
  4.0970E-03
  4.1591E-03
  4.1590E-03
  4.1590E-03
  4.1590E-03
  4.2211E-03
  4.2210E-03
  4.2210E-03
  4.2210E-03
  4.2831E-03
  4.2831E-03
  4.2831E-03
  4.2830E-03
  4.3451E-03
  4.3450E-03
  4.3450E-03
  4.3450E-03
  4.4071E-03
  4.4070E-03
  4.4070E-03
  4.4070E-03
  4.4690E-03
  4.4690E-03
  4.4690E-03
  4.4689E-03
  4.5310E-03
  4.5310E-03
  4.5310E-03
  4.5309E-03
  4.5930E-03
  4.5929E-03
  4.5929E-03
  4.5929E-03
  4.6550E-03
  4.6549E-03
  4.6549E-03
  4.6549E-03
  4.7170E-03
  4.7169E-03
  4.7169E-03
  4.7169E-03
  4.7789E-03
  4.7789E-03
  4.7789E-03
  4.7789E-03
  4.8409E-03
  4.8409E-03
  4.8409E-03
  4.8408E-03
  4.9029E-03
  4.9029E-03
  4.9029E-03
  4.9028E-03
  4.9649E-03
  4.9648E-03
  4.9648E-03
  4.9648E-03
  5.0269E-03
  5.0268E-03
  5.0268E-03
  5.0268E-03
  5.0888E-03
  5.0888E-03
  5.0888E-03
  5.0887E-03
  5.1508E-03
  5.1508E-03
  5.1508E-03
  5.1507E-03
  5.2128E-03
  5.2127E-03
  5.2127E-03
  5.2127E-03
  5.2748E-03
  5.2748E-03
  5.2748E-03
  5.2747E-03
  5.3368E-03
  5.3368E-03
  5.3368E-03
  5.3367E-03
  5.3988E-03
  5.3987E-03
  5.3987E-03
  5.3987E-03
  5.4608E-03
  5.4607E-03
  5.4607E-03
  5.4607E-03
  5.5228E-03
  5.5227E-03
  5.5227E-03
  5.5227E-03
  5.5848E-03
  5.5847E-03
  5.5847E-03
  5.5847E-03
  5.6467E-03
  5.6467E-03
  5.6467E-03
  5.6466E-03
  5.7087E-03
  5.7087E-03
  5.7087E-03
  5.7086E-03
  5.7707E-03
  5.7706E-03
  5.7706E-03
  5.7706E-03
  5.8327E-03
  5.8326E-03
  5.8326E-03
  5.8326E-03
  5.8946E-03
  5.8946E-03
  5.8946E-03
  5.8945E-03
  5.9566E-03
  5.9566E-03
  5.9566E-03
  5.9565E-03
  6.0186E-03
  6.0185E-03
  6.0185E-03
  6.0185E-03
  6.0806E-03
  6.0805E-03
  6.0805E-03
  6.0805E-03
  6.1425E-03
  6.1425E-03
  6.1425E-03
  6.1425E-03
  6.2046E-03
  6.2045E-03
  6.2045E-03
  6.2045E-03
  6.2665E-03
  6.2665E-03
  6.2665E-03
  6.2664E-03
  6.3285E-03
  6.3285E-03
  6.3285E-03
  6.3284E-03
  6.3905E-03
  6.3905E-03
  6.3905E-03
  6.3905E-03
  6.4525E-03
  6.4525E-03
  6.4525E-03
  6.4524E-03
  6.5145E-03
  6.5145E-03
  6.5145E-03
  6.5144E-03
  6.5765E-03
  6.5764E-03
  6.5764E-03
  6.5764E-03
  6.6385E-03
  6.6384E-03
  6.6384E-03
  6.6384E-03
  6.7004E-03
  6.7004E-03
  6.7004E-03
  6.7003E-03
  6.7624E-03
  6.7624E-03
  6.7624E-03
  6.7623E-03
  6.8244E-03
  6.8243E-03
  6.8243E-03
  6.8243E-03
  6.8864E-03
  6.8863E-03
  6.8863E-03
  6.8863E-03
  6.9483E-03
  6.9483E-03
  6.9483E-03
  6.9482E-03
  7.0103E-03
  7.0103E-03
  7.0103E-03
  7.0102E-03
  7.0723E-03
  7.0723E-03
  7.0723E-03
  7.0722E-03
  7.1343E-03
  7.1343E-03
  7.1343E-03
  7.1342E-03
  7.1963E-03
  7.1963E-03
  7.1963E-03
  7.1963E-03
  7.2584E-03
  7.2584E-03
  7.2584E-03
  7.2584E-03
  7.3204E-03
  7.3207E-03
  7.3207E-03
  7.3207E-03
  7.3826E-03
  7.3831E-03
  7.3831E-03
  7.3831E-03
  7.4449E-03
  7.4458E-03
  7.4458E-03
  7.4458E-03
  7.5073E-03
  7.5087E-03
  7.5087E-03
  7.5087E-03
  7.5698E-03
  7.5716E-03
  7.5716E-03
  7.5716E-03
  7.6322E-03
  7.6342E-03
  7.6342E-03
  7.6343E-03
  7.6942E-03
  7.6954E-03
  7.6954E-03
  7.6955E-03
  7.7547E-03
  7.7546E-03
  7.7546E-03
  7.7514E-03
  7.7955E-03
  7.7951E-03
  7.7951E-03
  7.7827E-03
  2.9112E-03
  2.9112E-03
  2.9301E-03
  2.9301E-03
  2.9795E-03
  2.9780E-03
  3.0415E-03
  3.0392E-03
  3.1039E-03
  3.1019E-03
  3.1663E-03
  3.1648E-03
  3.2287E-03
  3.2277E-03
  3.2909E-03
  3.2903E-03
  3.3531E-03
  3.3527E-03
  3.4152E-03
  3.4150E-03
  3.4772E-03
  3.4771E-03
  3.5392E-03
  3.5392E-03
  3.6012E-03
  3.6012E-03
  3.6632E-03
  3.6632E-03
  3.7252E-03
  3.7252E-03
  3.7871E-03
  3.7871E-03
  3.8491E-03
  3.8491E-03
  3.9111E-03
  3.9111E-03
  3.9731E-03
  3.9731E-03
  4.0351E-03
  4.0350E-03
  4.0971E-03
  4.0970E-03
  4.1590E-03
  4.1590E-03
  4.2210E-03
  4.2210E-03
  4.2831E-03
  4.2830E-03
  4.3450E-03
  4.3450E-03
  4.4070E-03
  4.4070E-03
  4.4690E-03
  4.4690E-03
  4.5310E-03
  4.5309E-03
  4.5929E-03
  4.5929E-03
  4.6549E-03
  4.6549E-03
  4.7169E-03
  4.7169E-03
  4.7789E-03
  4.7789E-03
  4.8409E-03
  4.8408E-03
  4.9029E-03
  4.9028E-03
  4.9648E-03
  4.9648E-03
  5.0268E-03
  5.0268E-03
  5.0888E-03
  5.0888E-03
  5.1508E-03
  5.1507E-03
  5.2127E-03
  5.2127E-03
  5.2748E-03
  5.2747E-03
  5.3368E-03
  5.3367E-03
  5.3987E-03
  5.3987E-03
  5.4607E-03
  5.4607E-03
  5.5227E-03
  5.5227E-03
  5.5847E-03
  5.5847E-03
  5.6467E-03
  5.6466E-03
  5.7087E-03
  5.7086E-03
  5.7706E-03
  5.7706E-03
  5.8326E-03
  5.8326E-03
  5.8946E-03
  5.8945E-03
  5.9566E-03
  5.9565E-03
  6.0185E-03
  6.0185E-03
  6.0805E-03
  6.0805E-03
  6.1425E-03
  6.1425E-03
  6.2045E-03
  6.2045E-03
  6.2665E-03
  6.2664E-03
  6.3285E-03
  6.3284E-03
  6.3905E-03
  6.3905E-03
  6.4525E-03
  6.4524E-03
  6.5145E-03
  6.5144E-03
  6.5764E-03
  6.5764E-03
  6.6384E-03
  6.6384E-03
  6.7004E-03
  6.7003E-03
  6.7624E-03
  6.7623E-03
  6.8243E-03
  6.8243E-03
  6.8863E-03
  6.8863E-03
  6.9483E-03
  6.9482E-03
  7.0103E-03
  7.0102E-03
  7.0723E-03
  7.0722E-03
  7.1343E-03
  7.1343E-03
  7.1965E-03
  7.1965E-03
  7.2588E-03
  7.2588E-03
  7.3215E-03
  7.3215E-03
  7.3845E-03
  7.3845E-03
  7.4481E-03
  7.4481E-03
  7.5120E-03
  7.5120E-03
  7.5758E-03
  7.5758E-03
  7.6385E-03
  7.6385E-03
  7.6969E-03
  7.6969E-03
  7.7546E-03
  7.7514E-03
  7.7951E-03
  7.7826E-03
  2.9230E-03
  2.9230E-03
  2.9377E-03
  2.9377E-03
  2.9795E-03
  2.9780E-03
  3.0415E-03
  3.0392E-03
  3.1039E-03
  3.1019E-03
  3.1663E-03
  3.1648E-03
  3.2287E-03
  3.2277E-03
  3.2909E-03
  3.2903E-03
  3.3531E-03
  3.3527E-03
  3.4152E-03
  3.4150E-03
  3.4772E-03
  3.4771E-03
  3.5392E-03
  3.5392E-03
  3.6012E-03
  3.6012E-03
  3.6632E-03
  3.6632E-03
  3.7252E-03
  3.7252E-03
  3.7872E-03
  3.7872E-03
  3.8491E-03
  3.8491E-03
  3.9111E-03
  3.9111E-03
  3.9731E-03
  3.9731E-03
  4.0351E-03
  4.0350E-03
  4.0971E-03
  4.0970E-03
  4.1590E-03
  4.1590E-03
  4.2210E-03
  4.2210E-03
  4.2831E-03
  4.2830E-03
  4.3450E-03
  4.3450E-03
  4.4070E-03
  4.4070E-03
  4.4690E-03
  4.4690E-03
  4.5310E-03
  4.5309E-03
  4.5929E-03
  4.5929E-03
  4.6549E-03
  4.6549E-03
  4.7169E-03
  4.7169E-03
  4.7789E-03
  4.7789E-03
  4.8409E-03
  4.8408E-03
  4.9029E-03
  4.9028E-03
  4.9648E-03
  4.9648E-03
  5.0268E-03
  5.0268E-03
  5.0888E-03
  5.0888E-03
  5.1508E-03
  5.1507E-03
  5.2127E-03
  5.2127E-03
  5.2748E-03
  5.2747E-03
  5.3368E-03
  5.3367E-03
  5.3987E-03
  5.3987E-03
  5.4607E-03
  5.4607E-03
  5.5227E-03
  5.5227E-03
  5.5847E-03
  5.5847E-03
  5.6467E-03
  5.6466E-03
  5.7087E-03
  5.7086E-03
  5.7706E-03
  5.7706E-03
  5.8326E-03
  5.8326E-03
  5.8946E-03
  5.8945E-03
  5.9566E-03
  5.9565E-03
  6.0185E-03
  6.0185E-03
  6.0805E-03
  6.0805E-03
  6.1425E-03
  6.1425E-03
  6.2045E-03
  6.2045E-03
  6.2665E-03
  6.2664E-03
  6.3285E-03
  6.3284E-03
  6.3905E-03
  6.3905E-03
  6.4525E-03
  6.4524E-03
  6.5145E-03
  6.5144E-03
  6.5764E-03
  6.5764E-03
  6.6384E-03
  6.6384E-03
  6.7004E-03
  6.7003E-03
  6.7624E-03
  6.7623E-03
  6.8243E-03
  6.8243E-03
  6.8863E-03
  6.8863E-03
  6.9483E-03
  6.9482E-03
  7.0103E-03
  7.0102E-03
  7.0723E-03
  7.0722E-03
  7.1344E-03
  7.1344E-03
  7.1967E-03
  7.1967E-03
  7.2592E-03
  7.2592E-03
  7.3222E-03
  7.3222E-03
  7.3858E-03
  7.3858E-03
  7.4501E-03
  7.4501E-03
  7.5149E-03
  7.5149E-03
  7.5794E-03
  7.5794E-03
  7.6413E-03
  7.6413E-03
  7.6962E-03
  7.6962E-03
  7.7546E-03
  7.7514E-03
  7.7951E-03
  7.7826E-03
  2.9268E-03
  2.9268E-03
  2.9404E-03
  2.9404E-03
  2.9795E-03
  2.9780E-03
  3.0415E-03
  3.0392E-03
  3.1039E-03
  3.1019E-03
  3.1663E-03
  3.1648E-03
  3.2287E-03
  3.2277E-03
  3.2909E-03
  3.2903E-03
  3.3531E-03
  3.3527E-03
  3.4152E-03
  3.4150E-03
  3.4772E-03
  3.4771E-03
  3.5392E-03
  3.5392E-03
  3.6012E-03
  3.6012E-03
  3.6632E-03
  3.6632E-03
  3.7252E-03
  3.7252E-03
  3.7872E-03
  3.7872E-03
  3.8491E-03
  3.8491E-03
  3.9111E-03
  3.9111E-03
  3.9731E-03
  3.9731E-03
  4.0351E-03
  4.0350E-03
  4.0971E-03
  4.0970E-03
  4.1590E-03
  4.1590E-03
  4.2210E-03
  4.2210E-03
  4.2831E-03
  4.2830E-03
  4.3450E-03
  4.3450E-03
  4.4070E-03
  4.4070E-03
  4.4690E-03
  4.4690E-03
  4.5310E-03
  4.5309E-03
  4.5929E-03
  4.5929E-03
  4.6549E-03
  4.6549E-03
  4.7169E-03
  4.7169E-03
  4.7789E-03
  4.7789E-03
  4.8409E-03
  4.8408E-03
  4.9029E-03
  4.9028E-03
  4.9648E-03
  4.9648E-03
  5.0268E-03
  5.0268E-03
  5.0888E-03
  5.0888E-03
  5.1508E-03
  5.1507E-03
  5.2127E-03
  5.2127E-03
  5.2748E-03
  5.2747E-03
  5.3368E-03
  5.3367E-03
  5.3987E-03
  5.3987E-03
  5.4607E-03
  5.4607E-03
  5.5227E-03
  5.5227E-03
  5.5847E-03
  5.5847E-03
  5.6467E-03
  5.6466E-03
  5.7087E-03
  5.7086E-03
  5.7706E-03
  5.7706E-03
  5.8326E-03
  5.8326E-03
  5.8946E-03
  5.8945E-03
  5.9566E-03
  5.9565E-03
  6.0185E-03
  6.0185E-03
  6.0805E-03
  6.0805E-03
  6.1425E-03
  6.1425E-03
  6.2045E-03
  6.2045E-03
  6.2665E-03
  6.2664E-03
  6.3285E-03
  6.3284E-03
  6.3905E-03
  6.3905E-03
  6.4525E-03
  6.4524E-03
  6.5145E-03
  6.5144E-03
  6.5764E-03
  6.5764E-03
  6.6384E-03
  6.6384E-03
  6.7004E-03
  6.7003E-03
  6.7624E-03
  6.7623E-03
  6.8243E-03
  6.8243E-03
  6.8863E-03
  6.8863E-03
  6.9483E-03
  6.9482E-03
  7.0103E-03
  7.0102E-03
  7.0723E-03
  7.0723E-03
  7.1344E-03
  7.1344E-03
  7.1967E-03
  7.1967E-03
  7.2594E-03
  7.2594E-03
  7.3226E-03
  7.3226E-03
  7.3864E-03
  7.3864E-03
  7.4509E-03
  7.4509E-03
  7.5160E-03
  7.5160E-03
  7.5806E-03
  7.5806E-03
  7.6422E-03
  7.6422E-03
  7.6956E-03
  7.6956E-03
  7.7546E-03
  7.7514E-03
  7.7951E-03
  7.7826E-03
  2.9230E-03
  2.9230E-03
  2.9377E-03
  2.9377E-03
  2.9795E-03
  2.9780E-03
  3.0415E-03
  3.0392E-03
  3.1039E-03
  3.1019E-03
  3.1663E-03
  3.1648E-03
  3.2287E-03
  3.2277E-03
  3.2909E-03
  3.2903E-03
  3.3531E-03
  3.3527E-03
  3.4152E-03
  3.4150E-03
  3.4772E-03
  3.4771E-03
  3.5392E-03
  3.5392E-03
  3.6012E-03
  3.6012E-03
  3.6632E-03
  3.6632E-03
  3.7252E-03
  3.7252E-03
  3.7872E-03
  3.7872E-03
  3.8491E-03
  3.8491E-03
  3.9111E-03
  3.9111E-03
  3.9731E-03
  3.9731E-03
  4.0351E-03
  4.0350E-03
  4.0971E-03
  4.0970E-03
  4.1590E-03
  4.1590E-03
  4.2210E-03
  4.2210E-03
  4.2831E-03
  4.2830E-03
  4.3450E-03
  4.3450E-03
  4.4070E-03
  4.4070E-03
  4.4690E-03
  4.4690E-03
  4.5310E-03
  4.5309E-03
  4.5929E-03
  4.5929E-03
  4.6549E-03
  4.6549E-03
  4.7169E-03
  4.7169E-03
  4.7789E-03
  4.7789E-03
  4.8409E-03
  4.8408E-03
  4.9029E-03
  4.9028E-03
  4.9648E-03
  4.9648E-03
  5.0268E-03
  5.0268E-03
  5.0888E-03
  5.0888E-03
  5.1508E-03
  5.1507E-03
  5.2127E-03
  5.2127E-03
  5.2748E-03
  5.2747E-03
  5.3368E-03
  5.3367E-03
  5.3987E-03
  5.3987E-03
  5.4607E-03
  5.4607E-03
  5.5227E-03
  5.5227E-03
  5.5847E-03
  5.5847E-03
  5.6467E-03
  5.6466E-03
  5.7087E-03
  5.7086E-03
  5.7706E-03
  5.7706E-03
  5.8326E-03
  5.8326E-03
  5.8946E-03
  5.8945E-03
  5.9566E-03
  5.9565E-03
  6.0185E-03
  6.0185E-03
  6.0805E-03
  6.0805E-03
  6.1425E-03
  6.1425E-03
  6.2045E-03
  6.2045E-03
  6.2665E-03
  6.2664E-03
  6.3285E-03
  6.3284E-03
  6.3905E-03
  6.3905E-03
  6.4525E-03
  6.4524E-03
  6.5145E-03
  6.5144E-03
  6.5764E-03
  6.5764E-03
  6.6384E-03
  6.6384E-03
  6.7004E-03
  6.7003E-03
  6.7624E-03
  6.7623E-03
  6.8243E-03
  6.8243E-03
  6.8863E-03
  6.8863E-03
  6.9483E-03
  6.9482E-03
  7.0103E-03
  7.0102E-03
  7.0723E-03
  7.0722E-03
  7.1344E-03
  7.1344E-03
  7.1967E-03
  7.1967E-03
  7.2592E-03
  7.2592E-03
  7.3222E-03
  7.3222E-03
  7.3858E-03
  7.3858E-03
  7.4501E-03
  7.4501E-03
  7.5149E-03
  7.5149E-03
  7.5794E-03
  7.5794E-03
  7.6413E-03
  7.6413E-03
  7.6962E-03
  7.6962E-03
  7.7546E-03
  7.7514E-03
  7.7951E-03
  7.7826E-03
  2.9112E-03
  2.9112E-03
  2.9301E-03
  2.9301E-03
  2.9795E-03
  2.9780E-03
  3.0415E-03
  3.0392E-03
  3.1039E-03
  3.1019E-03
  3.1663E-03
  3.1648E-03
  3.2287E-03
  3.2277E-03
  3.2909E-03
  3.2903E-03
  3.3531E-03
  3.3527E-03
  3.4152E-03
  3.4150E-03
  3.4772E-03
  3.4771E-03
  3.5392E-03
  3.5392E-03
  3.6012E-03
  3.6012E-03
  3.6632E-03
  3.6632E-03
  3.7252E-03
  3.7252E-03
  3.7871E-03
  3.7871E-03
  3.8491E-03
  3.8491E-03
  3.9111E-03
  3.9111E-03
  3.9731E-03
  3.9731E-03
  4.0351E-03
  4.0350E-03
  4.0971E-03
  4.0970E-03
  4.1590E-03
  4.1590E-03
  4.2210E-03
  4.2210E-03
  4.2831E-03
  4.2830E-03
  4.3450E-03
  4.3450E-03
  4.4070E-03
  4.4070E-03
  4.4690E-03
  4.4690E-03
  4.5310E-03
  4.5309E-03
  4.5929E-03
  4.5929E-03
  4.6549E-03
  4.6549E-03
  4.7169E-03
  4.7169E-03
  4.7789E-03
  4.7789E-03
  4.8409E-03
  4.8408E-03
  4.9029E-03
  4.9028E-03
  4.9648E-03
  4.9648E-03
  5.0268E-03
  5.0268E-03
  5.0888E-03
  5.0888E-03
  5.1508E-03
  5.1507E-03
  5.2127E-03
  5.2127E-03
  5.2748E-03
  5.2747E-03
  5.3368E-03
  5.3367E-03
  5.3987E-03
  5.3987E-03
  5.4607E-03
  5.4607E-03
  5.5227E-03
  5.5227E-03
  5.5847E-03
  5.5847E-03
  5.6467E-03
  5.6466E-03
  5.7087E-03
  5.7086E-03
  5.7706E-03
  5.7706E-03
  5.8326E-03
  5.8326E-03
  5.8946E-03
  5.8945E-03
  5.9566E-03
  5.9565E-03
  6.0185E-03
  6.0185E-03
  6.0805E-03
  6.0805E-03
  6.1425E-03
  6.1425E-03
  6.2045E-03
  6.2045E-03
  6.2665E-03
  6.2664E-03
  6.3285E-03
  6.3284E-03
  6.3905E-03
  6.3905E-03
  6.4525E-03
  6.4524E-03
  6.5145E-03
  6.5144E-03
  6.5764E-03
  6.5764E-03
  6.6384E-03
  6.6384E-03
  6.7004E-03
  6.7003E-03
  6.7624E-03
  6.7623E-03
  6.8243E-03
  6.8243E-03
  6.8863E-03
  6.8863E-03
  6.9483E-03
  6.9482E-03
  7.0103E-03
  7.0102E-03
  7.0723E-03
  7.0722E-03
  7.1343E-03
  7.1343E-03
  7.1965E-03
  7.1965E-03
  7.2588E-03
  7.2588E-03
  7.3215E-03
  7.3215E-03
  7.3845E-03
  7.3845E-03
  7.4481E-03
  7.4481E-03
  7.5120E-03
  7.5120E-03
  7.5758E-03
  7.5758E-03
  7.6385E-03
  7.6385E-03
  7.6969E-03
  7.6969E-03
  7.7546E-03
  7.7514E-03
  7.7951E-03
  7.7826E-03
  2.8911E-03
  2.8912E-03
  2.9221E-03
  2.9221E-03
  2.9795E-03
  2.9781E-03
  3.0415E-03
  3.0393E-03
  3.1039E-03
  3.1019E-03
  3.1663E-03
  3.1648E-03
  3.2287E-03
  3.2277E-03
  3.2909E-03
  3.2903E-03
  3.3531E-03
  3.3527E-03
  3.4152E-03
  3.4150E-03
  3.4772E-03
  3.4771E-03
  3.5392E-03
  3.5392E-03
  3.6012E-03
  3.6012E-03
  3.6632E-03
  3.6632E-03
  3.7252E-03
  3.7251E-03
  3.7871E-03
  3.7871E-03
  3.8491E-03
  3.8491E-03
  3.9111E-03
  3.9111E-03
  3.9731E-03
  3.9731E-03
  4.0351E-03
  4.0350E-03
  4.0971E-03
  4.0970E-03
  4.1590E-03
  4.1590E-03
  4.2210E-03
  4.2210E-03
  4.2831E-03
  4.2830E-03
  4.3450E-03
  4.3450E-03
  4.4070E-03
  4.4070E-03
  4.4690E-03
  4.4689E-03
  4.5310E-03
  4.5309E-03
  4.5929E-03
  4.5929E-03
  4.6549E-03
  4.6549E-03
  4.7169E-03
  4.7169E-03
  4.7789E-03
  4.7789E-03
  4.8409E-03
  4.8408E-03
  4.9029E-03
  4.9028E-03
  4.9648E-03
  4.9648E-03
  5.0268E-03
  5.0268E-03
  5.0888E-03
  5.0887E-03
  5.1508E-03
  5.1507E-03
  5.2127E-03
  5.2127E-03
  5.2748E-03
  5.2747E-03
  5.3368E-03
  5.3367E-03
  5.3987E-03
  5.3987E-03
  5.4607E-03
  5.4607E-03
  5.5227E-03
  5.5227E-03
  5.5847E-03
  5.5847E-03
  5.6467E-03
  5.6466E-03
  5.7087E-03
  5.7086E-03
  5.7706E-03
  5.7706E-03
  5.8326E-03
  5.8326E-03
  5.8946E-03
  5.8945E-03
  5.9566E-03
  5.9565E-03
  6.0185E-03
  6.0185E-03
  6.0805E-03
  6.0805E-03
  6.1425E-03
  6.1425E-03
  6.2045E-03
  6.2045E-03
  6.2665E-03
  6.2664E-03
  6.3285E-03
  6.3284E-03
  6.3905E-03
  6.3905E-03
  6.4525E-03
  6.4524E-03
  6.5145E-03
  6.5144E-03
  6.5764E-03
  6.5764E-03
  6.6384E-03
  6.6384E-03
  6.7004E-03
  6.7003E-03
  6.7624E-03
  6.7623E-03
  6.8243E-03
  6.8243E-03
  6.8863E-03
  6.8863E-03
  6.9483E-03
  6.9482E-03
  7.0103E-03
  7.0102E-03
  7.0723E-03
  7.0722E-03
  7.1343E-03
  7.1342E-03
  7.1963E-03
  7.1963E-03
  7.2584E-03
  7.2584E-03
  7.3207E-03
  7.3207E-03
  7.3831E-03
  7.3831E-03
  7.4458E-03
  7.4458E-03
  7.5087E-03
  7.5087E-03
  7.5716E-03
  7.5716E-03
  7.6342E-03
  7.6343E-03
  7.6954E-03
  7.6955E-03
  7.7546E-03
  7.7514E-03
  7.7951E-03
  7.7827E-03
  2.8795E-03
  2.8911E-03
  2.9190E-03
  2.9221E-03
  2.9796E-03
  2.9795E-03
  3.0416E-03
  3.0415E-03
  3.1040E-03
  3.1039E-03
  3.1664E-03
  3.1663E-03
  3.2288E-03
  3.2287E-03
  3.2910E-03
  3.2909E-03
  3.3532E-03
  3.3531E-03
  3.4152E-03
  3.4152E-03
  3.4773E-03
  3.4772E-03
  3.5393E-03
  3.5392E-03
  3.6013E-03
  3.6012E-03
  3.6632E-03
  3.6632E-03
  3.7252E-03
  3.7252E-03
  3.7872E-03
  3.7871E-03
  3.8492E-03
  3.8491E-03
  3.9112E-03
  3.9111E-03
  3.9732E-03
  3.9731E-03
  4.0351E-03
  4.0351E-03
  4.0971E-03
  4.0971E-03
  4.1591E-03
  4.1590E-03
  4.2211E-03
  4.2210E-03
  4.2831E-03
  4.2831E-03
  4.3451E-03
  4.3450E-03
  4.4071E-03
  4.4070E-03
  4.4690E-03
  4.4690E-03
  4.5310E-03
  4.5310E-03
  4.5930E-03
  4.5929E-03
  4.6550E-03
  4.6549E-03
  4.7170E-03
  4.7169E-03
  4.7789E-03
  4.7789E-03
  4.8409E-03
  4.8409E-03
  4.9029E-03
  4.9029E-03
  4.9649E-03
  4.9648E-03
  5.0269E-03
  5.0268E-03
  5.0888E-03
  5.0888E-03
  5.1508E-03
  5.1508E-03
  5.2128E-03
  5.2127E-03
  5.2748E-03
  5.2748E-03
  5.3368E-03
  5.3368E-03
  5.3988E-03
  5.3987E-03
  5.4608E-03
  5.4607E-03
  5.5228E-03
  5.5227E-03
  5.5848E-03
  5.5847E-03
  5.6467E-03
  5.6467E-03
  5.7087E-03
  5.7087E-03
  5.7707E-03
  5.7706E-03
  5.8327E-03
  5.8326E-03
  5.8946E-03
  5.8946E-03
  5.9566E-03
  5.9566E-03
  6.0186E-03
  6.0185E-03
  6.0806E-03
  6.0805E-03
  6.1425E-03
  6.1425E-03
  6.2046E-03
  6.2045E-03
  6.2665E-03
  6.2665E-03
  6.3285E-03
  6.3285E-03
  6.3905E-03
  6.3905E-03
  6.4525E-03
  6.4525E-03
  6.5145E-03
  6.5145E-03
  6.5765E-03
  6.5764E-03
  6.6385E-03
  6.6384E-03
  6.7004E-03
  6.7004E-03
  6.7624E-03
  6.7624E-03
  6.8244E-03
  6.8243E-03
  6.8864E-03
  6.8863E-03
  6.9483E-03
  6.9483E-03
  7.0103E-03
  7.0103E-03
  7.0723E-03
  7.0723E-03
  7.1343E-03
  7.1343E-03
  7.1963E-03
  7.1963E-03
  7.2584E-03
  7.2584E-03
  7.3204E-03
  7.3207E-03
  7.3826E-03
  7.3831E-03
  7.4449E-03
  7.4458E-03
  7.5073E-03
  7.5087E-03
  7.5698E-03
  7.5716E-03
  7.6322E-03
  7.6342E-03
  7.6942E-03
  7.6954E-03
  7.7547E-03
  7.7546E-03
  7.7955E-03
  7.7951E-03
  2.9112E-03
  2.9112E-03
  2.9301E-03
  2.9301E-03
  2.9795E-03
  2.9780E-03
  3.0415E-03
  3.0392E-03
  3.1039E-03
  3.1019E-03
  3.1663E-03
  3.1648E-03
  3.2287E-03
  3.2277E-03
  3.2909E-03
  3.2903E-03
  3.3531E-03
  3.3527E-03
  3.4152E-03
  3.4150E-03
  3.4772E-03
  3.4771E-03
  3.5392E-03
  3.5392E-03
  3.6012E-03
  3.6012E-03
  3.6632E-03
  3.6632E-03
  3.7252E-03
  3.7252E-03
  3.7871E-03
  3.7871E-03
  3.8491E-03
  3.8491E-03
  3.9111E-03
  3.9111E-03
  3.9731E-03
  3.9731E-03
  4.0351E-03
  4.0350E-03
  4.0971E-03
  4.0970E-03
  4.1590E-03
  4.1590E-03
  4.2210E-03
  4.2210E-03
  4.2831E-03
  4.2830E-03
  4.3450E-03
  4.3450E-03
  4.4070E-03
  4.4070E-03
  4.4690E-03
  4.4690E-03
  4.5310E-03
  4.5309E-03
  4.5929E-03
  4.5929E-03
  4.6549E-03
  4.6549E-03
  4.7169E-03
  4.7169E-03
  4.7789E-03
  4.7789E-03
  4.8409E-03
  4.8408E-03
  4.9029E-03
  4.9028E-03
  4.9648E-03
  4.9648E-03
  5.0268E-03
  5.0268E-03
  5.0888E-03
  5.0888E-03
  5.1508E-03
  5.1507E-03
  5.2127E-03
  5.2127E-03
  5.2748E-03
  5.2747E-03
  5.3368E-03
  5.3367E-03
  5.3987E-03
  5.3987E-03
  5.4607E-03
  5.4607E-03
  5.5227E-03
  5.5227E-03
  5.5847E-03
  5.5847E-03
  5.6467E-03
  5.6466E-03
  5.7087E-03
  5.7086E-03
  5.7706E-03
  5.7706E-03
  5.8326E-03
  5.8326E-03
  5.8946E-03
  5.8945E-03
  5.9566E-03
  5.9565E-03
  6.0185E-03
  6.0185E-03
  6.0805E-03
  6.0805E-03
  6.1425E-03
  6.1425E-03
  6.2045E-03
  6.2045E-03
  6.2665E-03
  6.2664E-03
  6.3285E-03
  6.3284E-03
  6.3905E-03
  6.3905E-03
  6.4525E-03
  6.4524E-03
  6.5145E-03
  6.5144E-03
  6.5764E-03
  6.5764E-03
  6.6384E-03
  6.6384E-03
  6.7004E-03
  6.7003E-03
  6.7624E-03
  6.7623E-03
  6.8243E-03
  6.8243E-03
  6.8863E-03
  6.8863E-03
  6.9483E-03
  6.9482E-03
  7.0103E-03
  7.0102E-03
  7.0723E-03
  7.0722E-03
  7.1343E-03
  7.1343E-03
  7.1965E-03
  7.1965E-03
  7.2588E-03
  7.2588E-03
  7.3215E-03
  7.3215E-03
  7.3845E-03
  7.3845E-03
  7.4481E-03
  7.4481E-03
  7.5120E-03
  7.5120E-03
  7.5758E-03
  7.5758E-03
  7.6385E-03
  7.6385E-03
  7.6969E-03
  7.6969E-03
  7.7546E-03
  7.7514E-03
  7.7951E-03
  7.7826E-03
  2.9112E-03
  2.9301E-03
  2.9767E-03
  3.0351E-03
  3.0977E-03
  3.1615E-03
  3.2254E-03
  3.2889E-03
  3.3519E-03
  3.4146E-03
  3.4769E-03
  3.5391E-03
  3.6012E-03
  3.6632E-03
  3.7252E-03
  3.7871E-03
  3.8491E-03
  3.9111E-03
  3.9731E-03
  4.0350E-03
  4.0970E-03
  4.1590E-03
  4.2210E-03
  4.2830E-03
  4.3450E-03
  4.4070E-03
  4.4690E-03
  4.5309E-03
  4.5929E-03
  4.6549E-03
  4.7169E-03
  4.7788E-03
  4.8408E-03
  4.9028E-03
  4.9648E-03
  5.0268E-03
  5.0888E-03
  5.1507E-03
  5.2127E-03
  5.2747E-03
  5.3367E-03
  5.3987E-03
  5.4607E-03
  5.5227E-03
  5.5847E-03
  5.6466E-03
  5.7086E-03
  5.7706E-03
  5.8326E-03
  5.8945E-03
  5.9565E-03
  6.0185E-03
  6.0805E-03
  6.1425E-03
  6.2045E-03
  6.2664E-03
  6.3284E-03
  6.3904E-03
  6.4524E-03
  6.5144E-03
  6.5764E-03
  6.6384E-03
  6.7003E-03
  6.7623E-03
  6.8243E-03
  6.8863E-03
  6.9482E-03
  7.0102E-03
  7.0722E-03
  7.1343E-03
  7.1965E-03
  7.2588E-03
  7.3215E-03
  7.3845E-03
  7.4481E-03
  7.5120E-03
  7.5759E-03
  7.6385E-03
  7.6969E-03
  7.7434E-03
  7.7623E-03
  2.9230E-03
  2.9377E-03
  2.9772E-03
  3.0350E-03
  3.0976E-03
  3.1615E-03
  3.2254E-03
  3.2889E-03
  3.3519E-03
  3.4146E-03
  3.4769E-03
  3.5391E-03
  3.6012E-03
  3.6632E-03
  3.7252E-03
  3.7872E-03
  3.8491E-03
  3.9111E-03
  3.9731E-03
  4.0350E-03
  4.0970E-03
  4.1590E-03
  4.2210E-03
  4.2830E-03
  4.3450E-03
  4.4070E-03
  4.4690E-03
  4.5309E-03
  4.5929E-03
  4.6549E-03
  4.7169E-03
  4.7788E-03
  4.8408E-03
  4.9028E-03
  4.9648E-03
  5.0268E-03
  5.0888E-03
  5.1507E-03
  5.2127E-03
  5.2747E-03
  5.3367E-03
  5.3987E-03
  5.4607E-03
  5.5227E-03
  5.5847E-03
  5.6466E-03
  5.7086E-03
  5.7706E-03
  5.8326E-03
  5.8945E-03
  5.9565E-03
  6.0185E-03
  6.0805E-03
  6.1425E-03
  6.2045E-03
  6.2664E-03
  6.3284E-03
  6.3904E-03
  6.4524E-03
  6.5144E-03
  6.5764E-03
  6.6384E-03
  6.7003E-03
  6.7623E-03
  6.8243E-03
  6.8863E-03
  6.9482E-03
  7.0102E-03
  7.0722E-03
  7.1344E-03
  7.1967E-03
  7.2592E-03
  7.3222E-03
  7.3858E-03
  7.4501E-03
  7.5149E-03
  7.5794E-03
  7.6413E-03
  7.6969E-03
  7.7434E-03
  7.7623E-03
  2.9268E-03
  2.9404E-03
  2.9778E-03
  3.0350E-03
  3.0976E-03
  3.1615E-03
  3.2254E-03
  3.2889E-03
  3.3519E-03
  3.4146E-03
  3.4769E-03
  3.5391E-03
  3.6012E-03
  3.6632E-03
  3.7252E-03
  3.7872E-03
  3.8491E-03
  3.9111E-03
  3.9731E-03
  4.0350E-03
  4.0970E-03
  4.1590E-03
  4.2210E-03
  4.2830E-03
  4.3450E-03
  4.4070E-03
  4.4690E-03
  4.5309E-03
  4.5929E-03
  4.6549E-03
  4.7169E-03
  4.7788E-03
  4.8408E-03
  4.9028E-03
  4.9648E-03
  5.0268E-03
  5.0888E-03
  5.1507E-03
  5.2127E-03
  5.2747E-03
  5.3367E-03
  5.3987E-03
  5.4607E-03
  5.5227E-03
  5.5847E-03
  5.6466E-03
  5.7086E-03
  5.7706E-03
  5.8326E-03
  5.8945E-03
  5.9565E-03
  6.0185E-03
  6.0805E-03
  6.1425E-03
  6.2045E-03
  6.2664E-03
  6.3284E-03
  6.3904E-03
  6.4524E-03
  6.5144E-03
  6.5764E-03
  6.6384E-03
  6.7003E-03
  6.7623E-03
  6.8243E-03
  6.8863E-03
  6.9482E-03
  7.0102E-03
  7.0723E-03
  7.1344E-03
  7.1967E-03
  7.2594E-03
  7.3226E-03
  7.3864E-03
  7.4509E-03
  7.5160E-03
  7.5806E-03
  7.6422E-03
  7.6969E-03
  7.7434E-03
  7.7623E-03
  2.9230E-03
  2.9377E-03
  2.9772E-03
  3.0350E-03
  3.0976E-03
  3.1615E-03
  3.2254E-03
  3.2889E-03
  3.3519E-03
  3.4146E-03
  3.4769E-03
  3.5391E-03
  3.6012E-03
  3.6632E-03
  3.7252E-03
  3.7872E-03
  3.8491E-03
  3.9111E-03
  3.9731E-03
  4.0350E-03
  4.0970E-03
  4.1590E-03
  4.2210E-03
  4.2830E-03
  4.3450E-03
  4.4070E-03
  4.4690E-03
  4.5309E-03
  4.5929E-03
  4.6549E-03
  4.7169E-03
  4.7788E-03
  4.8408E-03
  4.9028E-03
  4.9648E-03
  5.0268E-03
  5.0888E-03
  5.1507E-03
  5.2127E-03
  5.2747E-03
  5.3367E-03
  5.3987E-03
  5.4607E-03
  5.5227E-03
  5.5847E-03
  5.6466E-03
  5.7086E-03
  5.7706E-03
  5.8326E-03
  5.8945E-03
  5.9565E-03
  6.0185E-03
  6.0805E-03
  6.1425E-03
  6.2045E-03
  6.2664E-03
  6.3284E-03
  6.3904E-03
  6.4524E-03
  6.5144E-03
  6.5764E-03
  6.6384E-03
  6.7003E-03
  6.7623E-03
  6.8243E-03
  6.8863E-03
  6.9482E-03
  7.0102E-03
  7.0722E-03
  7.1344E-03
  7.1967E-03
  7.2592E-03
  7.3222E-03
  7.3858E-03
  7.4501E-03
  7.5149E-03
  7.5794E-03
  7.6413E-03
  7.6969E-03
  7.7434E-03
  7.7623E-03
  2.9112E-03
  2.9301E-03
  2.9767E-03
  3.0351E-03
  3.0977E-03
  3.1615E-03
  3.2254E-03
  3.2889E-03
  3.3519E-03
  3.4146E-03
  3.4769E-03
  3.5391E-03
  3.6012E-03
  3.6632E-03
  3.7252E-03
  3.7871E-03
  3.8491E-03
  3.9111E-03
  3.9731E-03
  4.0350E-03
  4.0970E-03
  4.1590E-03
  4.2210E-03
  4.2830E-03
  4.3450E-03
  4.4070E-03
  4.4690E-03
  4.5309E-03
  4.5929E-03
  4.6549E-03
  4.7169E-03
  4.7788E-03
  4.8408E-03
  4.9028E-03
  4.9648E-03
  5.0268E-03
  5.0888E-03
  5.1507E-03
  5.2127E-03
  5.2747E-03
  5.3367E-03
  5.3987E-03
  5.4607E-03
  5.5227E-03
  5.5847E-03
  5.6466E-03
  5.7086E-03
  5.7706E-03
  5.8326E-03
  5.8945E-03
  5.9565E-03
  6.0185E-03
  6.0805E-03
  6.1425E-03
  6.2045E-03
  6.2664E-03
  6.3284E-03
  6.3904E-03
  6.4524E-03
  6.5144E-03
  6.5764E-03
  6.6384E-03
  6.7003E-03
  6.7623E-03
  6.8243E-03
  6.8863E-03
  6.9482E-03
  7.0102E-03
  7.0722E-03
  7.1343E-03
  7.1965E-03
  7.2588E-03
  7.3215E-03
  7.3845E-03
  7.4481E-03
  7.5120E-03
  7.5759E-03
  7.6385E-03
  7.6969E-03
  7.7434E-03
  7.7623E-03
  2.9112E-03
  2.9301E-03
  2.9780E-03
  3.0392E-03
  3.1019E-03
  3.1648E-03
  3.2277E-03
  3.2903E-03
  3.3527E-03
  3.4150E-03
  3.4771E-03
  3.5392E-03
  3.6012E-03
  3.6632E-03
  3.7252E-03
  3.7871E-03
  3.8491E-03
  3.9111E-03
  3.9731E-03
  4.0350E-03
  4.0970E-03
  4.1590E-03
  4.2210E-03
  4.2830E-03
  4.3450E-03
  4.4070E-03
  4.4690E-03
  4.5309E-03
  4.5929E-03
  4.6549E-03
  4.7169E-03
  4.7789E-03
  4.8408E-03
  4.9028E-03
  4.9648E-03
  5.0268E-03
  5.0888E-03
  5.1507E-03
  5.2127E-03
  5.2747E-03
  5.3367E-03
  5.3987E-03
  5.4607E-03
  5.5227E-03
  5.5847E-03
  5.6466E-03
  5.7086E-03
  5.7706E-03
  5.8326E-03
  5.8945E-03
  5.9565E-03
  6.0185E-03
  6.0805E-03
  6.1425E-03
  6.2045E-03
  6.2664E-03
  6.3284E-03
  6.3905E-03
  6.4524E-03
  6.5144E-03
  6.5764E-03
  6.6384E-03
  6.7003E-03
  6.7623E-03
  6.8243E-03
  6.8863E-03
  6.9482E-03
  7.0102E-03
  7.0722E-03
  7.1343E-03
  7.1965E-03
  7.2588E-03
  7.3215E-03
  7.3845E-03
  7.4481E-03
  7.5120E-03
  7.5758E-03
  7.6385E-03
  7.6969E-03
  7.7514E-03
  7.7826E-03
  2.9112E-03
  2.9301E-03
  2.9795E-03
  3.0415E-03
  3.1039E-03
  3.1663E-03
  3.2287E-03
  3.2909E-03
  3.3531E-03
  3.4152E-03
  3.4772E-03
  3.5392E-03
  3.6012E-03
  3.6632E-03
  3.7252E-03
  3.7871E-03
  3.8491E-03
  3.9111E-03
  3.9731E-03
  4.0351E-03
  4.0971E-03
  4.1590E-03
  4.2210E-03
  4.2831E-03
  4.3450E-03
  4.4070E-03
  4.4690E-03
  4.5310E-03
  4.5929E-03
  4.6549E-03
  4.7169E-03
  4.7789E-03
  4.8409E-03
  4.9029E-03
  4.9648E-03
  5.0268E-03
  5.0888E-03
  5.1508E-03
  5.2127E-03
  5.2748E-03
  5.3368E-03
  5.3987E-03
  5.4607E-03
  5.5227E-03
  5.5847E-03
  5.6467E-03
  5.7087E-03
  5.7706E-03
  5.8326E-03
  5.8946E-03
  5.9566E-03
  6.0185E-03
  6.0805E-03
  6.1425E-03
  6.2045E-03
  6.2665E-03
  6.3285E-03
  6.3905E-03
  6.4525E-03
  6.5145E-03
  6.5764E-03
  6.6384E-03
  6.7004E-03
  6.7624E-03
  6.8243E-03
  6.8863E-03
  6.9483E-03
  7.0103E-03
  7.0723E-03
  7.1343E-03
  7.1965E-03
  7.2588E-03
  7.3215E-03
  7.3845E-03
  7.4481E-03
  7.5120E-03
  7.5758E-03
  7.6385E-03
  7.6969E-03
  7.7546E-03
  7.7951E-03
  2.9230E-03
  2.9230E-03
  2.9377E-03
  2.9377E-03
  2.9795E-03
  2.9780E-03
  3.0415E-03
  3.0392E-03
  3.1039E-03
  3.1019E-03
  3.1663E-03
  3.1648E-03
  3.2287E-03
  3.2277E-03
  3.2909E-03
  3.2903E-03
  3.3531E-03
  3.3527E-03
  3.4152E-03
  3.4150E-03
  3.4772E-03
  3.4771E-03
  3.5392E-03
  3.5392E-03
  3.6012E-03
  3.6012E-03
  3.6632E-03
  3.6632E-03
  3.7252E-03
  3.7252E-03
  3.7872E-03
  3.7872E-03
  3.8491E-03
  3.8491E-03
  3.9111E-03
  3.9111E-03
  3.9731E-03
  3.9731E-03
  4.0351E-03
  4.0350E-03
  4.0971E-03
  4.0970E-03
  4.1590E-03
  4.1590E-03
  4.2210E-03
  4.2210E-03
  4.2831E-03
  4.2830E-03
  4.3450E-03
  4.3450E-03
  4.4070E-03
  4.4070E-03
  4.4690E-03
  4.4690E-03
  4.5310E-03
  4.5309E-03
  4.5929E-03
  4.5929E-03
  4.6549E-03
  4.6549E-03
  4.7169E-03
  4.7169E-03
  4.7789E-03
  4.7789E-03
  4.8409E-03
  4.8408E-03
  4.9029E-03
  4.9028E-03
  4.9648E-03
  4.9648E-03
  5.0268E-03
  5.0268E-03
  5.0888E-03
  5.0888E-03
  5.1508E-03
  5.1507E-03
  5.2127E-03
  5.2127E-03
  5.2748E-03
  5.2747E-03
  5.3368E-03
  5.3367E-03
  5.3987E-03
  5.3987E-03
  5.4607E-03
  5.4607E-03
  5.5227E-03
  5.5227E-03
  5.5847E-03
  5.5847E-03
  5.6467E-03
  5.6466E-03
  5.7087E-03
  5.7086E-03
  5.7706E-03
  5.7706E-03
  5.8326E-03
  5.8326E-03
  5.8946E-03
  5.8945E-03
  5.9566E-03
  5.9565E-03
  6.0185E-03
  6.0185E-03
  6.0805E-03
  6.0805E-03
  6.1425E-03
  6.1425E-03
  6.2045E-03
  6.2045E-03
  6.2665E-03
  6.2664E-03
  6.3285E-03
  6.3284E-03
  6.3905E-03
  6.3905E-03
  6.4525E-03
  6.4524E-03
  6.5145E-03
  6.5144E-03
  6.5764E-03
  6.5764E-03
  6.6384E-03
  6.6384E-03
  6.7004E-03
  6.7003E-03
  6.7624E-03
  6.7623E-03
  6.8243E-03
  6.8243E-03
  6.8863E-03
  6.8863E-03
  6.9483E-03
  6.9482E-03
  7.0103E-03
  7.0102E-03
  7.0723E-03
  7.0722E-03
  7.1344E-03
  7.1344E-03
  7.1967E-03
  7.1967E-03
  7.2592E-03
  7.2592E-03
  7.3222E-03
  7.3222E-03
  7.3858E-03
  7.3858E-03
  7.4501E-03
  7.4501E-03
  7.5149E-03
  7.5149E-03
  7.5794E-03
  7.5794E-03
  7.6413E-03
  7.6413E-03
  7.6962E-03
  7.6962E-03
  7.7546E-03
  7.7514E-03
  7.7951E-03
  7.7826E-03
  2.9230E-03
  2.9377E-03
  2.9772E-03
  3.0350E-03
  3.0976E-03
  3.1615E-03
  3.2254E-03
  3.2889E-03
  3.3519E-03
  3.4146E-03
  3.4769E-03
  3.5391E-03
  3.6012E-03
  3.6632E-03
  3.7252E-03
  3.7872E-03
  3.8491E-03
  3.9111E-03
  3.9731E-03
  4.0350E-03
  4.0970E-03
  4.1590E-03
  4.2210E-03
  4.2830E-03
  4.3450E-03
  4.4070E-03
  4.4690E-03
  4.5309E-03
  4.5929E-03
  4.6549E-03
  4.7169E-03
  4.7788E-03
  4.8408E-03
  4.9028E-03
  4.9648E-03
  5.0268E-03
  5.0888E-03
  5.1507E-03
  5.2127E-03
  5.2747E-03
  5.3367E-03
  5.3987E-03
  5.4607E-03
  5.5227E-03
  5.5847E-03
  5.6466E-03
  5.7086E-03
  5.7706E-03
  5.8326E-03
  5.8945E-03
  5.9565E-03
  6.0185E-03
  6.0805E-03
  6.1425E-03
  6.2045E-03
  6.2664E-03
  6.3284E-03
  6.3904E-03
  6.4524E-03
  6.5144E-03
  6.5764E-03
  6.6384E-03
  6.7003E-03
  6.7623E-03
  6.8243E-03
  6.8863E-03
  6.9482E-03
  7.0102E-03
  7.0722E-03
  7.1344E-03
  7.1967E-03
  7.2592E-03
  7.3222E-03
  7.3858E-03
  7.4501E-03
  7.5149E-03
  7.5794E-03
  7.6413E-03
  7.6969E-03
  7.7434E-03
  7.7623E-03
  2.9230E-03
  2.9377E-03
  2.9772E-03
  3.0321E-03
  3.0941E-03
  3.1586E-03
  3.2233E-03
  3.2876E-03
  3.3512E-03
  3.4142E-03
  3.4767E-03
  3.5390E-03
  3.6012E-03
  3.6632E-03
  3.7252E-03
  3.7872E-03
  3.8491E-03
  3.9111E-03
  3.9731E-03
  4.0350E-03
  4.0970E-03
  4.1590E-03
  4.2210E-03
  4.2830E-03
  4.3450E-03
  4.4070E-03
  4.4690E-03
  4.5309E-03
  4.5929E-03
  4.6549E-03
  4.7169E-03
  4.7788E-03
  4.8408E-03
  4.9028E-03
  4.9648E-03
  5.0268E-03
  5.0888E-03
  5.1507E-03
  5.2127E-03
  5.2747E-03
  5.3367E-03
  5.3987E-03
  5.4607E-03
  5.5227E-03
  5.5847E-03
  5.6466E-03
  5.7086E-03
  5.7706E-03
  5.8326E-03
  5.8945E-03
  5.9565E-03
  6.0185E-03
  6.0805E-03
  6.1425E-03
  6.2045E-03
  6.2664E-03
  6.3284E-03
  6.3904E-03
  6.4524E-03
  6.5144E-03
  6.5764E-03
  6.6384E-03
  6.7003E-03
  6.7623E-03
  6.8243E-03
  6.8862E-03
  6.9482E-03
  7.0102E-03
  7.0722E-03
  7.1344E-03
  7.1967E-03
  7.2592E-03
  7.3222E-03
  7.3858E-03
  7.4501E-03
  7.5149E-03
  7.5794E-03
  7.6414E-03
  7.6962E-03
  7.7358E-03
  7.7504E-03
  2.9268E-03
  2.9404E-03
  2.9778E-03
  3.0321E-03
  3.0941E-03
  3.1586E-03
  3.2233E-03
  3.2876E-03
  3.3512E-03
  3.4142E-03
  3.4767E-03
  3.5390E-03
  3.6012E-03
  3.6632E-03
  3.7252E-03
  3.7872E-03
  3.8491E-03
  3.9111E-03
  3.9731E-03
  4.0350E-03
  4.0970E-03
  4.1590E-03
  4.2210E-03
  4.2830E-03
  4.3450E-03
  4.4070E-03
  4.4690E-03
  4.5309E-03
  4.5929E-03
  4.6549E-03
  4.7169E-03
  4.7788E-03
  4.8408E-03
  4.9028E-03
  4.9648E-03
  5.0268E-03
  5.0888E-03
  5.1507E-03
  5.2127E-03
  5.2747E-03
  5.3367E-03
  5.3987E-03
  5.4607E-03
  5.5227E-03
  5.5847E-03
  5.6466E-03
  5.7086E-03
  5.7706E-03
  5.8326E-03
  5.8945E-03
  5.9565E-03
  6.0185E-03
  6.0805E-03
  6.1425E-03
  6.2045E-03
  6.2664E-03
  6.3284E-03
  6.3904E-03
  6.4524E-03
  6.5144E-03
  6.5764E-03
  6.6384E-03
  6.7003E-03
  6.7623E-03
  6.8243E-03
  6.8862E-03
  6.9482E-03
  7.0102E-03
  7.0723E-03
  7.1344E-03
  7.1967E-03
  7.2594E-03
  7.3226E-03
  7.3864E-03
  7.4509E-03
  7.5160E-03
  7.5806E-03
  7.6422E-03
  7.6962E-03
  7.7358E-03
  7.7504E-03
  2.9230E-03
  2.9377E-03
  2.9772E-03
  3.0321E-03
  3.0941E-03
  3.1586E-03
  3.2233E-03
  3.2876E-03
  3.3512E-03
  3.4142E-03
  3.4767E-03
  3.5390E-03
  3.6012E-03
  3.6632E-03
  3.7252E-03
  3.7872E-03
  3.8491E-03
  3.9111E-03
  3.9731E-03
  4.0350E-03
  4.0970E-03
  4.1590E-03
  4.2210E-03
  4.2830E-03
  4.3450E-03
  4.4070E-03
  4.4690E-03
  4.5309E-03
  4.5929E-03
  4.6549E-03
  4.7169E-03
  4.7788E-03
  4.8408E-03
  4.9028E-03
  4.9648E-03
  5.0268E-03
  5.0888E-03
  5.1507E-03
  5.2127E-03
  5.2747E-03
  5.3367E-03
  5.3987E-03
  5.4607E-03
  5.5227E-03
  5.5847E-03
  5.6466E-03
  5.7086E-03
  5.7706E-03
  5.8326E-03
  5.8945E-03
  5.9565E-03
  6.0185E-03
  6.0805E-03
  6.1425E-03
  6.2045E-03
  6.2664E-03
  6.3284E-03
  6.3904E-03
  6.4524E-03
  6.5144E-03
  6.5764E-03
  6.6384E-03
  6.7003E-03
  6.7623E-03
  6.8243E-03
  6.8862E-03
  6.9482E-03
  7.0102E-03
  7.0722E-03
  7.1344E-03
  7.1967E-03
  7.2592E-03
  7.3222E-03
  7.3858E-03
  7.4501E-03
  7.5149E-03
  7.5794E-03
  7.6414E-03
  7.6962E-03
  7.7358E-03
  7.7504E-03
  2.9230E-03
  2.9377E-03
  2.9772E-03
  3.0350E-03
  3.0976E-03
  3.1615E-03
  3.2254E-03
  3.2889E-03
  3.3519E-03
  3.4146E-03
  3.4769E-03
  3.5391E-03
  3.6012E-03
  3.6632E-03
  3.7252E-03
  3.7872E-03
  3.8491E-03
  3.9111E-03
  3.9731E-03
  4.0350E-03
  4.0970E-03
  4.1590E-03
  4.2210E-03
  4.2830E-03
  4.3450E-03
  4.4070E-03
  4.4690E-03
  4.5309E-03
  4.5929E-03
  4.6549E-03
  4.7169E-03
  4.7788E-03
  4.8408E-03
  4.9028E-03
  4.9648E-03
  5.0268E-03
  5.0888E-03
  5.1507E-03
  5.2127E-03
  5.2747E-03
  5.3367E-03
  5.3987E-03
  5.4607E-03
  5.5227E-03
  5.5847E-03
  5.6466E-03
  5.7086E-03
  5.7706E-03
  5.8326E-03
  5.8945E-03
  5.9565E-03
  6.0185E-03
  6.0805E-03
  6.1425E-03
  6.2045E-03
  6.2664E-03
  6.3284E-03
  6.3904E-03
  6.4524E-03
  6.5144E-03
  6.5764E-03
  6.6384E-03
  6.7003E-03
  6.7623E-03
  6.8243E-03
  6.8863E-03
  6.9482E-03
  7.0102E-03
  7.0722E-03
  7.1344E-03
  7.1967E-03
  7.2592E-03
  7.3222E-03
  7.3858E-03
  7.4501E-03
  7.5149E-03
  7.5794E-03
  7.6413E-03
  7.6969E-03
  7.7434E-03
  7.7623E-03
  2.9230E-03
  2.9377E-03
  2.9780E-03
  3.0392E-03
  3.1019E-03
  3.1648E-03
  3.2277E-03
  3.2903E-03
  3.3527E-03
  3.4150E-03
  3.4771E-03
  3.5392E-03
  3.6012E-03
  3.6632E-03
  3.7252E-03
  3.7872E-03
  3.8491E-03
  3.9111E-03
  3.9731E-03
  4.0350E-03
  4.0970E-03
  4.1590E-03
  4.2210E-03
  4.2830E-03
  4.3450E-03
  4.4070E-03
  4.4690E-03
  4.5309E-03
  4.5929E-03
  4.6549E-03
  4.7169E-03
  4.7789E-03
  4.8408E-03
  4.9028E-03
  4.9648E-03
  5.0268E-03
  5.0888E-03
  5.1507E-03
  5.2127E-03
  5.2747E-03
  5.3367E-03
  5.3987E-03
  5.4607E-03
  5.5227E-03
  5.5847E-03
  5.6466E-03
  5.7086E-03
  5.7706E-03
  5.8326E-03
  5.8945E-03
  5.9565E-03
  6.0185E-03
  6.0805E-03
  6.1425E-03
  6.2045E-03
  6.2664E-03
  6.3284E-03
  6.3905E-03
  6.4524E-03
  6.5144E-03
  6.5764E-03
  6.6384E-03
  6.7003E-03
  6.7623E-03
  6.8243E-03
  6.8863E-03
  6.9482E-03
  7.0102E-03
  7.0722E-03
  7.1344E-03
  7.1967E-03
  7.2592E-03
  7.3222E-03
  7.3858E-03
  7.4501E-03
  7.5149E-03
  7.5794E-03
  7.6413E-03
  7.6962E-03
  7.7514E-03
  7.7826E-03
  2.9230E-03
  2.9377E-03
  2.9795E-03
  3.0415E-03
  3.1039E-03
  3.1663E-03
  3.2287E-03
  3.2909E-03
  3.3531E-03
  3.4152E-03
  3.4772E-03
  3.5392E-03
  3.6012E-03
  3.6632E-03
  3.7252E-03
  3.7872E-03
  3.8491E-03
  3.9111E-03
  3.9731E-03
  4.0351E-03
  4.0971E-03
  4.1590E-03
  4.2210E-03
  4.2831E-03
  4.3450E-03
  4.4070E-03
  4.4690E-03
  4.5310E-03
  4.5929E-03
  4.6549E-03
  4.7169E-03
  4.7789E-03
  4.8409E-03
  4.9029E-03
  4.9648E-03
  5.0268E-03
  5.0888E-03
  5.1508E-03
  5.2127E-03
  5.2748E-03
  5.3368E-03
  5.3987E-03
  5.4607E-03
  5.5227E-03
  5.5847E-03
  5.6467E-03
  5.7087E-03
  5.7706E-03
  5.8326E-03
  5.8946E-03
  5.9566E-03
  6.0185E-03
  6.0805E-03
  6.1425E-03
  6.2045E-03
  6.2665E-03
  6.3285E-03
  6.3905E-03
  6.4525E-03
  6.5145E-03
  6.5764E-03
  6.6384E-03
  6.7004E-03
  6.7624E-03
  6.8243E-03
  6.8863E-03
  6.9483E-03
  7.0103E-03
  7.0723E-03
  7.1344E-03
  7.1967E-03
  7.2592E-03
  7.3222E-03
  7.3858E-03
  7.4501E-03
  7.5149E-03
  7.5794E-03
  7.6413E-03
  7.6962E-03
  7.7546E-03
  7.7951E-03
  2.9268E-03
  2.9268E-03
  2.9404E-03
  2.9404E-03
  2.9795E-03
  2.9780E-03
  3.0415E-03
  3.0392E-03
  3.1039E-03
  3.1019E-03
  3.1663E-03
  3.1648E-03
  3.2287E-03
  3.2277E-03
  3.2909E-03
  3.2903E-03
  3.3531E-03
  3.3527E-03
  3.4152E-03
  3.4150E-03
  3.4772E-03
  3.4771E-03
  3.5392E-03
  3.5392E-03
  3.6012E-03
  3.6012E-03
  3.6632E-03
  3.6632E-03
  3.7252E-03
  3.7252E-03
  3.7872E-03
  3.7872E-03
  3.8491E-03
  3.8491E-03
  3.9111E-03
  3.9111E-03
  3.9731E-03
  3.9731E-03
  4.0351E-03
  4.0350E-03
  4.0971E-03
  4.0970E-03
  4.1590E-03
  4.1590E-03
  4.2210E-03
  4.2210E-03
  4.2831E-03
  4.2830E-03
  4.3450E-03
  4.3450E-03
  4.4070E-03
  4.4070E-03
  4.4690E-03
  4.4690E-03
  4.5310E-03
  4.5309E-03
  4.5929E-03
  4.5929E-03
  4.6549E-03
  4.6549E-03
  4.7169E-03
  4.7169E-03
  4.7789E-03
  4.7789E-03
  4.8409E-03
  4.8408E-03
  4.9029E-03
  4.9028E-03
  4.9648E-03
  4.9648E-03
  5.0268E-03
  5.0268E-03
  5.0888E-03
  5.0888E-03
  5.1508E-03
  5.1507E-03
  5.2127E-03
  5.2127E-03
  5.2748E-03
  5.2747E-03
  5.3368E-03
  5.3367E-03
  5.3987E-03
  5.3987E-03
  5.4607E-03
  5.4607E-03
  5.5227E-03
  5.5227E-03
  5.5847E-03
  5.5847E-03
  5.6467E-03
  5.6466E-03
  5.7087E-03
  5.7086E-03
  5.7706E-03
  5.7706E-03
  5.8326E-03
  5.8326E-03
  5.8946E-03
  5.8945E-03
  5.9566E-03
  5.9565E-03
  6.0185E-03
  6.0185E-03
  6.0805E-03
  6.0805E-03
  6.1425E-03
  6.1425E-03
  6.2045E-03
  6.2045E-03
  6.2665E-03
  6.2664E-03
  6.3285E-03
  6.3284E-03
  6.3905E-03
  6.3905E-03
  6.4525E-03
  6.4524E-03
  6.5145E-03
  6.5144E-03
  6.5764E-03
  6.5764E-03
  6.6384E-03
  6.6384E-03
  6.7004E-03
  6.7003E-03
  6.7624E-03
  6.7623E-03
  6.8243E-03
  6.8243E-03
  6.8863E-03
  6.8863E-03
  6.9483E-03
  6.9482E-03
  7.0103E-03
  7.0102E-03
  7.0723E-03
  7.0723E-03
  7.1344E-03
  7.1344E-03
  7.1967E-03
  7.1967E-03
  7.2594E-03
  7.2594E-03
  7.3226E-03
  7.3226E-03
  7.3864E-03
  7.3864E-03
  7.4509E-03
  7.4509E-03
  7.5160E-03
  7.5160E-03
  7.5806E-03
  7.5806E-03
  7.6422E-03
  7.6422E-03
  7.6956E-03
  7.6956E-03
  7.7546E-03
  7.7514E-03
  7.7951E-03
  7.7826E-03
  2.9268E-03
  2.9404E-03
  2.9778E-03
  3.0350E-03
  3.0976E-03
  3.1615E-03
  3.2254E-03
  3.2889E-03
  3.3519E-03
  3.4146E-03
  3.4769E-03
  3.5391E-03
  3.6012E-03
  3.6632E-03
  3.7252E-03
  3.7872E-03
  3.8491E-03
  3.9111E-03
  3.9731E-03
  4.0350E-03
  4.0970E-03
  4.1590E-03
  4.2210E-03
  4.2830E-03
  4.3450E-03
  4.4070E-03
  4.4690E-03
  4.5309E-03
  4.5929E-03
  4.6549E-03
  4.7169E-03
  4.7788E-03
  4.8408E-03
  4.9028E-03
  4.9648E-03
  5.0268E-03
  5.0888E-03
  5.1507E-03
  5.2127E-03
  5.2747E-03
  5.3367E-03
  5.3987E-03
  5.4607E-03
  5.5227E-03
  5.5847E-03
  5.6466E-03
  5.7086E-03
  5.7706E-03
  5.8326E-03
  5.8945E-03
  5.9565E-03
  6.0185E-03
  6.0805E-03
  6.1425E-03
  6.2045E-03
  6.2664E-03
  6.3284E-03
  6.3904E-03
  6.4524E-03
  6.5144E-03
  6.5764E-03
  6.6384E-03
  6.7003E-03
  6.7623E-03
  6.8243E-03
  6.8863E-03
  6.9482E-03
  7.0102E-03
  7.0723E-03
  7.1344E-03
  7.1967E-03
  7.2594E-03
  7.3226E-03
  7.3864E-03
  7.4509E-03
  7.5160E-03
  7.5806E-03
  7.6422E-03
  7.6969E-03
  7.7434E-03
  7.7623E-03
  2.9268E-03
  2.9404E-03
  2.9778E-03
  3.0321E-03
  3.0941E-03
  3.1586E-03
  3.2233E-03
  3.2876E-03
  3.3512E-03
  3.4142E-03
  3.4767E-03
  3.5390E-03
  3.6012E-03
  3.6632E-03
  3.7252E-03
  3.7872E-03
  3.8491E-03
  3.9111E-03
  3.9731E-03
  4.0350E-03
  4.0970E-03
  4.1590E-03
  4.2210E-03
  4.2830E-03
  4.3450E-03
  4.4070E-03
  4.4690E-03
  4.5309E-03
  4.5929E-03
  4.6549E-03
  4.7169E-03
  4.7788E-03
  4.8408E-03
  4.9028E-03
  4.9648E-03
  5.0268E-03
  5.0888E-03
  5.1507E-03
  5.2127E-03
  5.2747E-03
  5.3367E-03
  5.3987E-03
  5.4607E-03
  5.5227E-03
  5.5847E-03
  5.6466E-03
  5.7086E-03
  5.7706E-03
  5.8326E-03
  5.8945E-03
  5.9565E-03
  6.0185E-03
  6.0805E-03
  6.1425E-03
  6.2045E-03
  6.2664E-03
  6.3284E-03
  6.3904E-03
  6.4524E-03
  6.5144E-03
  6.5764E-03
  6.6384E-03
  6.7003E-03
  6.7623E-03
  6.8243E-03
  6.8862E-03
  6.9482E-03
  7.0102E-03
  7.0723E-03
  7.1344E-03
  7.1967E-03
  7.2594E-03
  7.3226E-03
  7.3864E-03
  7.4509E-03
  7.5160E-03
  7.5806E-03
  7.6422E-03
  7.6962E-03
  7.7358E-03
  7.7504E-03
  2.9268E-03
  2.9404E-03
  2.9778E-03
  3.0312E-03
  3.0928E-03
  3.1574E-03
  3.2225E-03
  3.2871E-03
  3.3509E-03
  3.4140E-03
  3.4767E-03
  3.5390E-03
  3.6011E-03
  3.6632E-03
  3.7252E-03
  3.7872E-03
  3.8491E-03
  3.9111E-03
  3.9731E-03
  4.0350E-03
  4.0970E-03
  4.1590E-03
  4.2210E-03
  4.2830E-03
  4.3450E-03
  4.4070E-03
  4.4690E-03
  4.5309E-03
  4.5929E-03
  4.6549E-03
  4.7169E-03
  4.7788E-03
  4.8408E-03
  4.9028E-03
  4.9648E-03
  5.0268E-03
  5.0888E-03
  5.1507E-03
  5.2127E-03
  5.2747E-03
  5.3367E-03
  5.3987E-03
  5.4607E-03
  5.5227E-03
  5.5847E-03
  5.6466E-03
  5.7086E-03
  5.7706E-03
  5.8326E-03
  5.8945E-03
  5.9565E-03
  6.0185E-03
  6.0805E-03
  6.1425E-03
  6.2045E-03
  6.2664E-03
  6.3284E-03
  6.3904E-03
  6.4524E-03
  6.5144E-03
  6.5764E-03
  6.6384E-03
  6.7003E-03
  6.7623E-03
  6.8243E-03
  6.8862E-03
  6.9482E-03
  7.0102E-03
  7.0723E-03
  7.1344E-03
  7.1967E-03
  7.2594E-03
  7.3226E-03
  7.3864E-03
  7.4509E-03
  7.5160E-03
  7.5806E-03
  7.6422E-03
  7.6956E-03
  7.7330E-03
  7.7466E-03
  2.9268E-03
  2.9404E-03
  2.9778E-03
  3.0321E-03
  3.0941E-03
  3.1586E-03
  3.2233E-03
  3.2876E-03
  3.3512E-03
  3.4142E-03
  3.4767E-03
  3.5390E-03
  3.6012E-03
  3.6632E-03
  3.7252E-03
  3.7872E-03
  3.8491E-03
  3.9111E-03
  3.9731E-03
  4.0350E-03
  4.0970E-03
  4.1590E-03
  4.2210E-03
  4.2830E-03
  4.3450E-03
  4.4070E-03
  4.4690E-03
  4.5309E-03
  4.5929E-03
  4.6549E-03
  4.7169E-03
  4.7788E-03
  4.8408E-03
  4.9028E-03
  4.9648E-03
  5.0268E-03
  5.0888E-03
  5.1507E-03
  5.2127E-03
  5.2747E-03
  5.3367E-03
  5.3987E-03
  5.4607E-03
  5.5227E-03
  5.5847E-03
  5.6466E-03
  5.7086E-03
  5.7706E-03
  5.8326E-03
  5.8945E-03
  5.9565E-03
  6.0185E-03
  6.0805E-03
  6.1425E-03
  6.2045E-03
  6.2664E-03
  6.3284E-03
  6.3904E-03
  6.4524E-03
  6.5144E-03
  6.5764E-03
  6.6384E-03
  6.7003E-03
  6.7623E-03
  6.8243E-03
  6.8862E-03
  6.9482E-03
  7.0102E-03
  7.0723E-03
  7.1344E-03
  7.1967E-03
  7.2594E-03
  7.3226E-03
  7.3864E-03
  7.4509E-03
  7.5160E-03
  7.5806E-03
  7.6422E-03
  7.6962E-03
  7.7358E-03
  7.7504E-03
  2.9268E-03
  2.9404E-03
  2.9778E-03
  3.0350E-03
  3.0976E-03
  3.1615E-03
  3.2254E-03
  3.2889E-03
  3.3519E-03
  3.4146E-03
  3.4769E-03
  3.5391E-03
  3.6012E-03
  3.6632E-03
  3.7252E-03
  3.7872E-03
  3.8491E-03
  3.9111E-03
  3.9731E-03
  4.0350E-03
  4.0970E-03
  4.1590E-03
  4.2210E-03
  4.2830E-03
  4.3450E-03
  4.4070E-03
  4.4690E-03
  4.5309E-03
  4.5929E-03
  4.6549E-03
  4.7169E-03
  4.7788E-03
  4.8408E-03
  4.9028E-03
  4.9648E-03
  5.0268E-03
  5.0888E-03
  5.1507E-03
  5.2127E-03
  5.2747E-03
  5.3367E-03
  5.3987E-03
  5.4607E-03
  5.5227E-03
  5.5847E-03
  5.6466E-03
  5.7086E-03
  5.7706E-03
  5.8326E-03
  5.8945E-03
  5.9565E-03
  6.0185E-03
  6.0805E-03
  6.1425E-03
  6.2045E-03
  6.2664E-03
  6.3284E-03
  6.3904E-03
  6.4524E-03
  6.5144E-03
  6.5764E-03
  6.6384E-03
  6.7003E-03
  6.7623E-03
  6.8243E-03
  6.8863E-03
  6.9482E-03
  7.0102E-03
  7.0723E-03
  7.1344E-03
  7.1967E-03
  7.2594E-03
  7.3226E-03
  7.3864E-03
  7.4509E-03
  7.5160E-03
  7.5806E-03
  7.6422E-03
  7.6969E-03
  7.7434E-03
  7.7623E-03
  2.9268E-03
  2.9404E-03
  2.9780E-03
  3.0392E-03
  3.1019E-03
  3.1648E-03
  3.2277E-03
  3.2903E-03
  3.3527E-03
  3.4150E-03
  3.4771E-03
  3.5392E-03
  3.6012E-03
  3.6632E-03
  3.7252E-03
  3.7872E-03
  3.8491E-03
  3.9111E-03
  3.9731E-03
  4.0350E-03
  4.0970E-03
  4.1590E-03
  4.2210E-03
  4.2830E-03
  4.3450E-03
  4.4070E-03
  4.4690E-03
  4.5309E-03
  4.5929E-03
  4.6549E-03
  4.7169E-03
  4.7789E-03
  4.8408E-03
  4.9028E-03
  4.9648E-03
  5.0268E-03
  5.0888E-03
  5.1507E-03
  5.2127E-03
  5.2747E-03
  5.3367E-03
  5.3987E-03
  5.4607E-03
  5.5227E-03
  5.5847E-03
  5.6466E-03
  5.7086E-03
  5.7706E-03
  5.8326E-03
  5.8945E-03
  5.9565E-03
  6.0185E-03
  6.0805E-03
  6.1425E-03
  6.2045E-03
  6.2664E-03
  6.3284E-03
  6.3905E-03
  6.4524E-03
  6.5144E-03
  6.5764E-03
  6.6384E-03
  6.7003E-03
  6.7623E-03
  6.8243E-03
  6.8863E-03
  6.9482E-03
  7.0102E-03
  7.0723E-03
  7.1344E-03
  7.1967E-03
  7.2594E-03
  7.3226E-03
  7.3864E-03
  7.4509E-03
  7.5160E-03
  7.5806E-03
  7.6422E-03
  7.6956E-03
  7.7514E-03
  7.7826E-03
  2.9268E-03
  2.9404E-03
  2.9795E-03
  3.0415E-03
  3.1039E-03
  3.1663E-03
  3.2287E-03
  3.2909E-03
  3.3531E-03
  3.4152E-03
  3.4772E-03
  3.5392E-03
  3.6012E-03
  3.6632E-03
  3.7252E-03
  3.7872E-03
  3.8491E-03
  3.9111E-03
  3.9731E-03
  4.0351E-03
  4.0971E-03
  4.1590E-03
  4.2210E-03
  4.2831E-03
  4.3450E-03
  4.4070E-03
  4.4690E-03
  4.5310E-03
  4.5929E-03
  4.6549E-03
  4.7169E-03
  4.7789E-03
  4.8409E-03
  4.9029E-03
  4.9648E-03
  5.0268E-03
  5.0888E-03
  5.1508E-03
  5.2127E-03
  5.2748E-03
  5.3368E-03
  5.3987E-03
  5.4607E-03
  5.5227E-03
  5.5847E-03
  5.6467E-03
  5.7087E-03
  5.7706E-03
  5.8326E-03
  5.8946E-03
  5.9566E-03
  6.0185E-03
  6.0805E-03
  6.1425E-03
  6.2045E-03
  6.2665E-03
  6.3285E-03
  6.3905E-03
  6.4525E-03
  6.5145E-03
  6.5764E-03
  6.6384E-03
  6.7004E-03
  6.7624E-03
  6.8243E-03
  6.8863E-03
  6.9483E-03
  7.0103E-03
  7.0723E-03
  7.1344E-03
  7.1967E-03
  7.2594E-03
  7.3226E-03
  7.3864E-03
  7.4509E-03
  7.5160E-03
  7.5806E-03
  7.6422E-03
  7.6956E-03
  7.7546E-03
  7.7951E-03
  2.9230E-03
  2.9230E-03
  2.9377E-03
  2.9377E-03
  2.9795E-03
  2.9780E-03
  3.0415E-03
  3.0392E-03
  3.1039E-03
  3.1019E-03
  3.1663E-03
  3.1648E-03
  3.2287E-03
  3.2277E-03
  3.2909E-03
  3.2903E-03
  3.3531E-03
  3.3527E-03
  3.4152E-03
  3.4150E-03
  3.4772E-03
  3.4771E-03
  3.5392E-03
  3.5392E-03
  3.6012E-03
  3.6012E-03
  3.6632E-03
  3.6632E-03
  3.7252E-03
  3.7252E-03
  3.7872E-03
  3.7872E-03
  3.8491E-03
  3.8491E-03
  3.9111E-03
  3.9111E-03
  3.9731E-03
  3.9731E-03
  4.0351E-03
  4.0350E-03
  4.0971E-03
  4.0970E-03
  4.1590E-03
  4.1590E-03
  4.2210E-03
  4.2210E-03
  4.2831E-03
  4.2830E-03
  4.3450E-03
  4.3450E-03
  4.4070E-03
  4.4070E-03
  4.4690E-03
  4.4690E-03
  4.5310E-03
  4.5309E-03
  4.5929E-03
  4.5929E-03
  4.6549E-03
  4.6549E-03
  4.7169E-03
  4.7169E-03
  4.7789E-03
  4.7789E-03
  4.8409E-03
  4.8408E-03
  4.9029E-03
  4.9028E-03
  4.9648E-03
  4.9648E-03
  5.0268E-03
  5.0268E-03
  5.0888E-03
  5.0888E-03
  5.1508E-03
  5.1507E-03
  5.2127E-03
  5.2127E-03
  5.2748E-03
  5.2747E-03
  5.3368E-03
  5.3367E-03
  5.3987E-03
  5.3987E-03
  5.4607E-03
  5.4607E-03
  5.5227E-03
  5.5227E-03
  5.5847E-03
  5.5847E-03
  5.6467E-03
  5.6466E-03
  5.7087E-03
  5.7086E-03
  5.7706E-03
  5.7706E-03
  5.8326E-03
  5.8326E-03
  5.8946E-03
  5.8945E-03
  5.9566E-03
  5.9565E-03
  6.0185E-03
  6.0185E-03
  6.0805E-03
  6.0805E-03
  6.1425E-03
  6.1425E-03
  6.2045E-03
  6.2045E-03
  6.2665E-03
  6.2664E-03
  6.3285E-03
  6.3284E-03
  6.3905E-03
  6.3905E-03
  6.4525E-03
  6.4524E-03
  6.5145E-03
  6.5144E-03
  6.5764E-03
  6.5764E-03
  6.6384E-03
  6.6384E-03
  6.7004E-03
  6.7003E-03
  6.7624E-03
  6.7623E-03
  6.8243E-03
  6.8243E-03
  6.8863E-03
  6.8863E-03
  6.9483E-03
  6.9482E-03
  7.0103E-03
  7.0102E-03
  7.0723E-03
  7.0722E-03
  7.1344E-03
  7.1344E-03
  7.1967E-03
  7.1967E-03
  7.2592E-03
  7.2592E-03
  7.3222E-03
  7.3222E-03
  7.3858E-03
  7.3858E-03
  7.4501E-03
  7.4501E-03
  7.5149E-03
  7.5149E-03
  7.5794E-03
  7.5794E-03
  7.6413E-03
  7.6413E-03
  7.6962E-03
  7.6962E-03
  7.7546E-03
  7.7514E-03
  7.7951E-03
  7.7826E-03
  2.9230E-03
  2.9377E-03
  2.9772E-03
  3.0350E-03
  3.0976E-03
  3.1615E-03
  3.2254E-03
  3.2889E-03
  3.3519E-03
  3.4146E-03
  3.4769E-03
  3.5391E-03
  3.6012E-03
  3.6632E-03
  3.7252E-03
  3.7872E-03
  3.8491E-03
  3.9111E-03
  3.9731E-03
  4.0350E-03
  4.0970E-03
  4.1590E-03
  4.2210E-03
  4.2830E-03
  4.3450E-03
  4.4070E-03
  4.4690E-03
  4.5309E-03
  4.5929E-03
  4.6549E-03
  4.7169E-03
  4.7788E-03
  4.8408E-03
  4.9028E-03
  4.9648E-03
  5.0268E-03
  5.0888E-03
  5.1507E-03
  5.2127E-03
  5.2747E-03
  5.3367E-03
  5.3987E-03
  5.4607E-03
  5.5227E-03
  5.5847E-03
  5.6466E-03
  5.7086E-03
  5.7706E-03
  5.8326E-03
  5.8945E-03
  5.9565E-03
  6.0185E-03
  6.0805E-03
  6.1425E-03
  6.2045E-03
  6.2664E-03
  6.3284E-03
  6.3904E-03
  6.4524E-03
  6.5144E-03
  6.5764E-03
  6.6384E-03
  6.7003E-03
  6.7623E-03
  6.8243E-03
  6.8863E-03
  6.9482E-03
  7.0102E-03
  7.0722E-03
  7.1344E-03
  7.1967E-03
  7.2592E-03
  7.3222E-03
  7.3858E-03
  7.4501E-03
  7.5149E-03
  7.5794E-03
  7.6413E-03
  7.6969E-03
  7.7434E-03
  7.7623E-03
  2.9230E-03
  2.9377E-03
  2.9772E-03
  3.0321E-03
  3.0941E-03
  3.1586E-03
  3.2233E-03
  3.2876E-03
  3.3512E-03
  3.4142E-03
  3.4767E-03
  3.5390E-03
  3.6012E-03
  3.6632E-03
  3.7252E-03
  3.7872E-03
  3.8491E-03
  3.9111E-03
  3.9731E-03
  4.0350E-03
  4.0970E-03
  4.1590E-03
  4.2210E-03
  4.2830E-03
  4.3450E-03
  4.4070E-03
  4.4690E-03
  4.5309E-03
  4.5929E-03
  4.6549E-03
  4.7169E-03
  4.7788E-03
  4.8408E-03
  4.9028E-03
  4.9648E-03
  5.0268E-03
  5.0888E-03
  5.1507E-03
  5.2127E-03
  5.2747E-03
  5.3367E-03
  5.3987E-03
  5.4607E-03
  5.5227E-03
  5.5847E-03
  5.6466E-03
  5.7086E-03
  5.7706E-03
  5.8326E-03
  5.8945E-03
  5.9565E-03
  6.0185E-03
  6.0805E-03
  6.1425E-03
  6.2045E-03
  6.2664E-03
  6.3284E-03
  6.3904E-03
  6.4524E-03
  6.5144E-03
  6.5764E-03
  6.6384E-03
  6.7003E-03
  6.7623E-03
  6.8243E-03
  6.8862E-03
  6.9482E-03
  7.0102E-03
  7.0722E-03
  7.1344E-03
  7.1967E-03
  7.2592E-03
  7.3222E-03
  7.3858E-03
  7.4501E-03
  7.5149E-03
  7.5794E-03
  7.6414E-03
  7.6962E-03
  7.7358E-03
  7.7504E-03
  2.9268E-03
  2.9404E-03
  2.9778E-03
  3.0321E-03
  3.0941E-03
  3.1586E-03
  3.2233E-03
  3.2876E-03
  3.3512E-03
  3.4142E-03
  3.4767E-03
  3.5390E-03
  3.6012E-03
  3.6632E-03
  3.7252E-03
  3.7872E-03
  3.8491E-03
  3.9111E-03
  3.9731E-03
  4.0350E-03
  4.0970E-03
  4.1590E-03
  4.2210E-03
  4.2830E-03
  4.3450E-03
  4.4070E-03
  4.4690E-03
  4.5309E-03
  4.5929E-03
  4.6549E-03
  4.7169E-03
  4.7788E-03
  4.8408E-03
  4.9028E-03
  4.9648E-03
  5.0268E-03
  5.0888E-03
  5.1507E-03
  5.2127E-03
  5.2747E-03
  5.3367E-03
  5.3987E-03
  5.4607E-03
  5.5227E-03
  5.5847E-03
  5.6466E-03
  5.7086E-03
  5.7706E-03
  5.8326E-03
  5.8945E-03
  5.9565E-03
  6.0185E-03
  6.0805E-03
  6.1425E-03
  6.2045E-03
  6.2664E-03
  6.3284E-03
  6.3904E-03
  6.4524E-03
  6.5144E-03
  6.5764E-03
  6.6384E-03
  6.7003E-03
  6.7623E-03
  6.8243E-03
  6.8862E-03
  6.9482E-03
  7.0102E-03
  7.0723E-03
  7.1344E-03
  7.1967E-03
  7.2594E-03
  7.3226E-03
  7.3864E-03
  7.4509E-03
  7.5160E-03
  7.5806E-03
  7.6422E-03
  7.6962E-03
  7.7358E-03
  7.7504E-03
  2.9230E-03
  2.9377E-03
  2.9772E-03
  3.0321E-03
  3.0941E-03
  3.1586E-03
  3.2233E-03
  3.2876E-03
  3.3512E-03
  3.4142E-03
  3.4767E-03
  3.5390E-03
  3.6012E-03
  3.6632E-03
  3.7252E-03
  3.7872E-03
  3.8491E-03
  3.9111E-03
  3.9731E-03
  4.0350E-03
  4.0970E-03
  4.1590E-03
  4.2210E-03
  4.2830E-03
  4.3450E-03
  4.4070E-03
  4.4690E-03
  4.5309E-03
  4.5929E-03
  4.6549E-03
  4.7169E-03
  4.7788E-03
  4.8408E-03
  4.9028E-03
  4.9648E-03
  5.0268E-03
  5.0888E-03
  5.1507E-03
  5.2127E-03
  5.2747E-03
  5.3367E-03
  5.3987E-03
  5.4607E-03
  5.5227E-03
  5.5847E-03
  5.6466E-03
  5.7086E-03
  5.7706E-03
  5.8326E-03
  5.8945E-03
  5.9565E-03
  6.0185E-03
  6.0805E-03
  6.1425E-03
  6.2045E-03
  6.2664E-03
  6.3284E-03
  6.3904E-03
  6.4524E-03
  6.5144E-03
  6.5764E-03
  6.6384E-03
  6.7003E-03
  6.7623E-03
  6.8243E-03
  6.8862E-03
  6.9482E-03
  7.0102E-03
  7.0722E-03
  7.1344E-03
  7.1967E-03
  7.2592E-03
  7.3222E-03
  7.3858E-03
  7.4501E-03
  7.5149E-03
  7.5794E-03
  7.6414E-03
  7.6962E-03
  7.7358E-03
  7.7504E-03
  2.9230E-03
  2.9377E-03
  2.9772E-03
  3.0350E-03
  3.0976E-03
  3.1615E-03
  3.2254E-03
  3.2889E-03
  3.3519E-03
  3.4146E-03
  3.4769E-03
  3.5391E-03
  3.6012E-03
  3.6632E-03
  3.7252E-03
  3.7872E-03
  3.8491E-03
  3.9111E-03
  3.9731E-03
  4.0350E-03
  4.0970E-03
  4.1590E-03
  4.2210E-03
  4.2830E-03
  4.3450E-03
  4.4070E-03
  4.4690E-03
  4.5309E-03
  4.5929E-03
  4.6549E-03
  4.7169E-03
  4.7788E-03
  4.8408E-03
  4.9028E-03
  4.9648E-03
  5.0268E-03
  5.0888E-03
  5.1507E-03
  5.2127E-03
  5.2747E-03
  5.3367E-03
  5.3987E-03
  5.4607E-03
  5.5227E-03
  5.5847E-03
  5.6466E-03
  5.7086E-03
  5.7706E-03
  5.8326E-03
  5.8945E-03
  5.9565E-03
  6.0185E-03
  6.0805E-03
  6.1425E-03
  6.2045E-03
  6.2664E-03
  6.3284E-03
  6.3904E-03
  6.4524E-03
  6.5144E-03
  6.5764E-03
  6.6384E-03
  6.7003E-03
  6.7623E-03
  6.8243E-03
  6.8863E-03
  6.9482E-03
  7.0102E-03
  7.0722E-03
  7.1344E-03
  7.1967E-03
  7.2592E-03
  7.3222E-03
  7.3858E-03
  7.4501E-03
  7.5149E-03
  7.5794E-03
  7.6413E-03
  7.6969E-03
  7.7434E-03
  7.7623E-03
  2.9230E-03
  2.9377E-03
  2.9780E-03
  3.0392E-03
  3.1019E-03
  3.1648E-03
  3.2277E-03
  3.2903E-03
  3.3527E-03
  3.4150E-03
  3.4771E-03
  3.5392E-03
  3.6012E-03
  3.6632E-03
  3.7252E-03
  3.7872E-03
  3.8491E-03
  3.9111E-03
  3.9731E-03
  4.0350E-03
  4.0970E-03
  4.1590E-03
  4.2210E-03
  4.2830E-03
  4.3450E-03
  4.4070E-03
  4.4690E-03
  4.5309E-03
  4.5929E-03
  4.6549E-03
  4.7169E-03
  4.7789E-03
  4.8408E-03
  4.9028E-03
  4.9648E-03
  5.0268E-03
  5.0888E-03
  5.1507E-03
  5.2127E-03
  5.2747E-03
  5.3367E-03
  5.3987E-03
  5.4607E-03
  5.5227E-03
  5.5847E-03
  5.6466E-03
  5.7086E-03
  5.7706E-03
  5.8326E-03
  5.8945E-03
  5.9565E-03
  6.0185E-03
  6.0805E-03
  6.1425E-03
  6.2045E-03
  6.2664E-03
  6.3284E-03
  6.3905E-03
  6.4524E-03
  6.5144E-03
  6.5764E-03
  6.6384E-03
  6.7003E-03
  6.7623E-03
  6.8243E-03
  6.8863E-03
  6.9482E-03
  7.0102E-03
  7.0722E-03
  7.1344E-03
  7.1967E-03
  7.2592E-03
  7.3222E-03
  7.3858E-03
  7.4501E-03
  7.5149E-03
  7.5794E-03
  7.6413E-03
  7.6962E-03
  7.7514E-03
  7.7826E-03
  2.9230E-03
  2.9377E-03
  2.9795E-03
  3.0415E-03
  3.1039E-03
  3.1663E-03
  3.2287E-03
  3.2909E-03
  3.3531E-03
  3.4152E-03
  3.4772E-03
  3.5392E-03
  3.6012E-03
  3.6632E-03
  3.7252E-03
  3.7872E-03
  3.8491E-03
  3.9111E-03
  3.9731E-03
  4.0351E-03
  4.0971E-03
  4.1590E-03
  4.2210E-03
  4.2831E-03
  4.3450E-03
  4.4070E-03
  4.4690E-03
  4.5310E-03
  4.5929E-03
  4.6549E-03
  4.7169E-03
  4.7789E-03
  4.8409E-03
  4.9029E-03
  4.9648E-03
  5.0268E-03
  5.0888E-03
  5.1508E-03
  5.2127E-03
  5.2748E-03
  5.3368E-03
  5.3987E-03
  5.4607E-03
  5.5227E-03
  5.5847E-03
  5.6467E-03
  5.7087E-03
  5.7706E-03
  5.8326E-03
  5.8946E-03
  5.9566E-03
  6.0185E-03
  6.0805E-03
  6.1425E-03
  6.2045E-03
  6.2665E-03
  6.3285E-03
  6.3905E-03
  6.4525E-03
  6.5145E-03
  6.5764E-03
  6.6384E-03
  6.7004E-03
  6.7624E-03
  6.8243E-03
  6.8863E-03
  6.9483E-03
  7.0103E-03
  7.0723E-03
  7.1344E-03
  7.1967E-03
  7.2592E-03
  7.3222E-03
  7.3858E-03
  7.4501E-03
  7.5149E-03
  7.5794E-03
  7.6413E-03
  7.6962E-03
  7.7546E-03
  7.7951E-03
  2.9112E-03
  2.9112E-03
  2.9301E-03
  2.9301E-03
  2.9795E-03
  2.9780E-03
  3.0415E-03
  3.0392E-03
  3.1039E-03
  3.1019E-03
  3.1663E-03
  3.1648E-03
  3.2287E-03
  3.2277E-03
  3.2909E-03
  3.2903E-03
  3.3531E-03
  3.3527E-03
  3.4152E-03
  3.4150E-03
  3.4772E-03
  3.4771E-03
  3.5392E-03
  3.5392E-03
  3.6012E-03
  3.6012E-03
  3.6632E-03
  3.6632E-03
  3.7252E-03
  3.7252E-03
  3.7871E-03
  3.7871E-03
  3.8491E-03
  3.8491E-03
  3.9111E-03
  3.9111E-03
  3.9731E-03
  3.9731E-03
  4.0351E-03
  4.0350E-03
  4.0971E-03
  4.0970E-03
  4.1590E-03
  4.1590E-03
  4.2210E-03
  4.2210E-03
  4.2831E-03
  4.2830E-03
  4.3450E-03
  4.3450E-03
  4.4070E-03
  4.4070E-03
  4.4690E-03
  4.4690E-03
  4.5310E-03
  4.5309E-03
  4.5929E-03
  4.5929E-03
  4.6549E-03
  4.6549E-03
  4.7169E-03
  4.7169E-03
  4.7789E-03
  4.7789E-03
  4.8409E-03
  4.8408E-03
  4.9029E-03
  4.9028E-03
  4.9648E-03
  4.9648E-03
  5.0268E-03
  5.0268E-03
  5.0888E-03
  5.0888E-03
  5.1508E-03
  5.1507E-03
  5.2127E-03
  5.2127E-03
  5.2748E-03
  5.2747E-03
  5.3368E-03
  5.3367E-03
  5.3987E-03
  5.3987E-03
  5.4607E-03
  5.4607E-03
  5.5227E-03
  5.5227E-03
  5.5847E-03
  5.5847E-03
  5.6467E-03
  5.6466E-03
  5.7087E-03
  5.7086E-03
  5.7706E-03
  5.7706E-03
  5.8326E-03
  5.8326E-03
  5.8946E-03
  5.8945E-03
  5.9566E-03
  5.9565E-03
  6.0185E-03
  6.0185E-03
  6.0805E-03
  6.0805E-03
  6.1425E-03
  6.1425E-03
  6.2045E-03
  6.2045E-03
  6.2665E-03
  6.2664E-03
  6.3285E-03
  6.3284E-03
  6.3905E-03
  6.3905E-03
  6.4525E-03
  6.4524E-03
  6.5145E-03
  6.5144E-03
  6.5764E-03
  6.5764E-03
  6.6384E-03
  6.6384E-03
  6.7004E-03
  6.7003E-03
  6.7624E-03
  6.7623E-03
  6.8243E-03
  6.8243E-03
  6.8863E-03
  6.8863E-03
  6.9483E-03
  6.9482E-03
  7.0103E-03
  7.0102E-03
  7.0723E-03
  7.0722E-03
  7.1343E-03
  7.1343E-03
  7.1965E-03
  7.1965E-03
  7.2588E-03
  7.2588E-03
  7.3215E-03
  7.3215E-03
  7.3845E-03
  7.3845E-03
  7.4481E-03
  7.4481E-03
  7.5120E-03
  7.5120E-03
  7.5758E-03
  7.5758E-03
  7.6385E-03
  7.6385E-03
  7.6969E-03
  7.6969E-03
  7.7546E-03
  7.7514E-03
  7.7951E-03
  7.7826E-03
  2.9112E-03
  2.9301E-03
  2.9767E-03
  3.0351E-03
  3.0977E-03
  3.1615E-03
  3.2254E-03
  3.2889E-03
  3.3519E-03
  3.4146E-03
  3.4769E-03
  3.5391E-03
  3.6012E-03
  3.6632E-03
  3.7252E-03
  3.7871E-03
  3.8491E-03
  3.9111E-03
  3.9731E-03
  4.0350E-03
  4.0970E-03
  4.1590E-03
  4.2210E-03
  4.2830E-03
  4.3450E-03
  4.4070E-03
  4.4690E-03
  4.5309E-03
  4.5929E-03
  4.6549E-03
  4.7169E-03
  4.7788E-03
  4.8408E-03
  4.9028E-03
  4.9648E-03
  5.0268E-03
  5.0888E-03
  5.1507E-03
  5.2127E-03
  5.2747E-03
  5.3367E-03
  5.3987E-03
  5.4607E-03
  5.5227E-03
  5.5847E-03
  5.6466E-03
  5.7086E-03
  5.7706E-03
  5.8326E-03
  5.8945E-03
  5.9565E-03
  6.0185E-03
  6.0805E-03
  6.1425E-03
  6.2045E-03
  6.2664E-03
  6.3284E-03
  6.3904E-03
  6.4524E-03
  6.5144E-03
  6.5764E-03
  6.6384E-03
  6.7003E-03
  6.7623E-03
  6.8243E-03
  6.8863E-03
  6.9482E-03
  7.0102E-03
  7.0722E-03
  7.1343E-03
  7.1965E-03
  7.2588E-03
  7.3215E-03
  7.3845E-03
  7.4481E-03
  7.5120E-03
  7.5759E-03
  7.6385E-03
  7.6969E-03
  7.7434E-03
  7.7623E-03
  2.9230E-03
  2.9377E-03
  2.9772E-03
  3.0350E-03
  3.0976E-03
  3.1615E-03
  3.2254E-03
  3.2889E-03
  3.3519E-03
  3.4146E-03
  3.4769E-03
  3.5391E-03
  3.6012E-03
  3.6632E-03
  3.7252E-03
  3.7872E-03
  3.8491E-03
  3.9111E-03
  3.9731E-03
  4.0350E-03
  4.0970E-03
  4.1590E-03
  4.2210E-03
  4.2830E-03
  4.3450E-03
  4.4070E-03
  4.4690E-03
  4.5309E-03
  4.5929E-03
  4.6549E-03
  4.7169E-03
  4.7788E-03
  4.8408E-03
  4.9028E-03
  4.9648E-03
  5.0268E-03
  5.0888E-03
  5.1507E-03
  5.2127E-03
  5.2747E-03
  5.3367E-03
  5.3987E-03
  5.4607E-03
  5.5227E-03
  5.5847E-03
  5.6466E-03
  5.7086E-03
  5.7706E-03
  5.8326E-03
  5.8945E-03
  5.9565E-03
  6.0185E-03
  6.0805E-03
  6.1425E-03
  6.2045E-03
  6.2664E-03
  6.3284E-03
  6.3904E-03
  6.4524E-03
  6.5144E-03
  6.5764E-03
  6.6384E-03
  6.7003E-03
  6.7623E-03
  6.8243E-03
  6.8863E-03
  6.9482E-03
  7.0102E-03
  7.0722E-03
  7.1344E-03
  7.1967E-03
  7.2592E-03
  7.3222E-03
  7.3858E-03
  7.4501E-03
  7.5149E-03
  7.5794E-03
  7.6413E-03
  7.6969E-03
  7.7434E-03
  7.7623E-03
  2.9268E-03
  2.9404E-03
  2.9778E-03
  3.0350E-03
  3.0976E-03
  3.1615E-03
  3.2254E-03
  3.2889E-03
  3.3519E-03
  3.4146E-03
  3.4769E-03
  3.5391E-03
  3.6012E-03
  3.6632E-03
  3.7252E-03
  3.7872E-03
  3.8491E-03
  3.9111E-03
  3.9731E-03
  4.0350E-03
  4.0970E-03
  4.1590E-03
  4.2210E-03
  4.2830E-03
  4.3450E-03
  4.4070E-03
  4.4690E-03
  4.5309E-03
  4.5929E-03
  4.6549E-03
  4.7169E-03
  4.7788E-03
  4.8408E-03
  4.9028E-03
  4.9648E-03
  5.0268E-03
  5.0888E-03
  5.1507E-03
  5.2127E-03
  5.2747E-03
  5.3367E-03
  5.3987E-03
  5.4607E-03
  5.5227E-03
  5.5847E-03
  5.6466E-03
  5.7086E-03
  5.7706E-03
  5.8326E-03
  5.8945E-03
  5.9565E-03
  6.0185E-03
  6.0805E-03
  6.1425E-03
  6.2045E-03
  6.2664E-03
  6.3284E-03
  6.3904E-03
  6.4524E-03
  6.5144E-03
  6.5764E-03
  6.6384E-03
  6.7003E-03
  6.7623E-03
  6.8243E-03
  6.8863E-03
  6.9482E-03
  7.0102E-03
  7.0723E-03
  7.1344E-03
  7.1967E-03
  7.2594E-03
  7.3226E-03
  7.3864E-03
  7.4509E-03
  7.5160E-03
  7.5806E-03
  7.6422E-03
  7.6969E-03
  7.7434E-03
  7.7623E-03
  2.9230E-03
  2.9377E-03
  2.9772E-03
  3.0350E-03
  3.0976E-03
  3.1615E-03
  3.2254E-03
  3.2889E-03
  3.3519E-03
  3.4146E-03
  3.4769E-03
  3.5391E-03
  3.6012E-03
  3.6632E-03
  3.7252E-03
  3.7872E-03
  3.8491E-03
  3.9111E-03
  3.9731E-03
  4.0350E-03
  4.0970E-03
  4.1590E-03
  4.2210E-03
  4.2830E-03
  4.3450E-03
  4.4070E-03
  4.4690E-03
  4.5309E-03
  4.5929E-03
  4.6549E-03
  4.7169E-03
  4.7788E-03
  4.8408E-03
  4.9028E-03
  4.9648E-03
  5.0268E-03
  5.0888E-03
  5.1507E-03
  5.2127E-03
  5.2747E-03
  5.3367E-03
  5.3987E-03
  5.4607E-03
  5.5227E-03
  5.5847E-03
  5.6466E-03
  5.7086E-03
  5.7706E-03
  5.8326E-03
  5.8945E-03
  5.9565E-03
  6.0185E-03
  6.0805E-03
  6.1425E-03
  6.2045E-03
  6.2664E-03
  6.3284E-03
  6.3904E-03
  6.4524E-03
  6.5144E-03
  6.5764E-03
  6.6384E-03
  6.7003E-03
  6.7623E-03
  6.8243E-03
  6.8863E-03
  6.9482E-03
  7.0102E-03
  7.0722E-03
  7.1344E-03
  7.1967E-03
  7.2592E-03
  7.3222E-03
  7.3858E-03
  7.4501E-03
  7.5149E-03
  7.5794E-03
  7.6413E-03
  7.6969E-03
  7.7434E-03
  7.7623E-03
  2.9112E-03
  2.9301E-03
  2.9767E-03
  3.0351E-03
  3.0977E-03
  3.1615E-03
  3.2254E-03
  3.2889E-03
  3.3519E-03
  3.4146E-03
  3.4769E-03
  3.5391E-03
  3.6012E-03
  3.6632E-03
  3.7252E-03
  3.7871E-03
  3.8491E-03
  3.9111E-03
  3.9731E-03
  4.0350E-03
  4.0970E-03
  4.1590E-03
  4.2210E-03
  4.2830E-03
  4.3450E-03
  4.4070E-03
  4.4690E-03
  4.5309E-03
  4.5929E-03
  4.6549E-03
  4.7169E-03
  4.7788E-03
  4.8408E-03
  4.9028E-03
  4.9648E-03
  5.0268E-03
  5.0888E-03
  5.1507E-03
  5.2127E-03
  5.2747E-03
  5.3367E-03
  5.3987E-03
  5.4607E-03
  5.5227E-03
  5.5847E-03
  5.6466E-03
  5.7086E-03
  5.7706E-03
  5.8326E-03
  5.8945E-03
  5.9565E-03
  6.0185E-03
  6.0805E-03
  6.1425E-03
  6.2045E-03
  6.2664E-03
  6.3284E-03
  6.3904E-03
  6.4524E-03
  6.5144E-03
  6.5764E-03
  6.6384E-03
  6.7003E-03
  6.7623E-03
  6.8243E-03
  6.8863E-03
  6.9482E-03
  7.0102E-03
  7.0722E-03
  7.1343E-03
  7.1965E-03
  7.2588E-03
  7.3215E-03
  7.3845E-03
  7.4481E-03
  7.5120E-03
  7.5759E-03
  7.6385E-03
  7.6969E-03
  7.7434E-03
  7.7623E-03
  2.9112E-03
  2.9301E-03
  2.9780E-03
  3.0392E-03
  3.1019E-03
  3.1648E-03
  3.2277E-03
  3.2903E-03
  3.3527E-03
  3.4150E-03
  3.4771E-03
  3.5392E-03
  3.6012E-03
  3.6632E-03
  3.7252E-03
  3.7871E-03
  3.8491E-03
  3.9111E-03
  3.9731E-03
  4.0350E-03
  4.0970E-03
  4.1590E-03
  4.2210E-03
  4.2830E-03
  4.3450E-03
  4.4070E-03
  4.4690E-03
  4.5309E-03
  4.5929E-03
  4.6549E-03
  4.7169E-03
  4.7789E-03
  4.8408E-03
  4.9028E-03
  4.9648E-03
  5.0268E-03
  5.0888E-03
  5.1507E-03
  5.2127E-03
  5.2747E-03
  5.3367E-03
  5.3987E-03
  5.4607E-03
  5.5227E-03
  5.5847E-03
  5.6466E-03
  5.7086E-03
  5.7706E-03
  5.8326E-03
  5.8945E-03
  5.9565E-03
  6.0185E-03
  6.0805E-03
  6.1425E-03
  6.2045E-03
  6.2664E-03
  6.3284E-03
  6.3905E-03
  6.4524E-03
  6.5144E-03
  6.5764E-03
  6.6384E-03
  6.7003E-03
  6.7623E-03
  6.8243E-03
  6.8863E-03
  6.9482E-03
  7.0102E-03
  7.0722E-03
  7.1343E-03
  7.1965E-03
  7.2588E-03
  7.3215E-03
  7.3845E-03
  7.4481E-03
  7.5120E-03
  7.5758E-03
  7.6385E-03
  7.6969E-03
  7.7514E-03
  7.7826E-03
  2.9112E-03
  2.9301E-03
  2.9795E-03
  3.0415E-03
  3.1039E-03
  3.1663E-03
  3.2287E-03
  3.2909E-03
  3.3531E-03
  3.4152E-03
  3.4772E-03
  3.5392E-03
  3.6012E-03
  3.6632E-03
  3.7252E-03
  3.7871E-03
  3.8491E-03
  3.9111E-03
  3.9731E-03
  4.0351E-03
  4.0971E-03
  4.1590E-03
  4.2210E-03
  4.2831E-03
  4.3450E-03
  4.4070E-03
  4.4690E-03
  4.5310E-03
  4.5929E-03
  4.6549E-03
  4.7169E-03
  4.7789E-03
  4.8409E-03
  4.9029E-03
  4.9648E-03
  5.0268E-03
  5.0888E-03
  5.1508E-03
  5.2127E-03
  5.2748E-03
  5.3368E-03
  5.3987E-03
  5.4607E-03
  5.5227E-03
  5.5847E-03
  5.6467E-03
  5.7087E-03
  5.7706E-03
  5.8326E-03
  5.8946E-03
  5.9566E-03
  6.0185E-03
  6.0805E-03
  6.1425E-03
  6.2045E-03
  6.2665E-03
  6.3285E-03
  6.3905E-03
  6.4525E-03
  6.5145E-03
  6.5764E-03
  6.6384E-03
  6.7004E-03
  6.7624E-03
  6.8243E-03
  6.8863E-03
  6.9483E-03
  7.0103E-03
  7.0723E-03
  7.1343E-03
  7.1965E-03
  7.2588E-03
  7.3215E-03
  7.3845E-03
  7.4481E-03
  7.5120E-03
  7.5758E-03
  7.6385E-03
  7.6969E-03
  7.7546E-03
  7.7951E-03
  2.8911E-03
  2.8912E-03
  2.9221E-03
  2.9221E-03
  2.9795E-03
  2.9781E-03
  3.0415E-03
  3.0393E-03
  3.1039E-03
  3.1019E-03
  3.1663E-03
  3.1648E-03
  3.2287E-03
  3.2277E-03
  3.2909E-03
  3.2903E-03
  3.3531E-03
  3.3527E-03
  3.4152E-03
  3.4150E-03
  3.4772E-03
  3.4771E-03
  3.5392E-03
  3.5392E-03
  3.6012E-03
  3.6012E-03
  3.6632E-03
  3.6632E-03
  3.7252E-03
  3.7251E-03
  3.7871E-03
  3.7871E-03
  3.8491E-03
  3.8491E-03
  3.9111E-03
  3.9111E-03
  3.9731E-03
  3.9731E-03
  4.0351E-03
  4.0350E-03
  4.0971E-03
  4.0970E-03
  4.1590E-03
  4.1590E-03
  4.2210E-03
  4.2210E-03
  4.2831E-03
  4.2830E-03
  4.3450E-03
  4.3450E-03
  4.4070E-03
  4.4070E-03
  4.4690E-03
  4.4689E-03
  4.5310E-03
  4.5309E-03
  4.5929E-03
  4.5929E-03
  4.6549E-03
  4.6549E-03
  4.7169E-03
  4.7169E-03
  4.7789E-03
  4.7789E-03
  4.8409E-03
  4.8408E-03
  4.9029E-03
  4.9028E-03
  4.9648E-03
  4.9648E-03
  5.0268E-03
  5.0268E-03
  5.0888E-03
  5.0887E-03
  5.1508E-03
  5.1507E-03
  5.2127E-03
  5.2127E-03
  5.2748E-03
  5.2747E-03
  5.3368E-03
  5.3367E-03
  5.3987E-03
  5.3987E-03
  5.4607E-03
  5.4607E-03
  5.5227E-03
  5.5227E-03
  5.5847E-03
  5.5847E-03
  5.6467E-03
  5.6466E-03
  5.7087E-03
  5.7086E-03
  5.7706E-03
  5.7706E-03
  5.8326E-03
  5.8326E-03
  5.8946E-03
  5.8945E-03
  5.9566E-03
  5.9565E-03
  6.0185E-03
  6.0185E-03
  6.0805E-03
  6.0805E-03
  6.1425E-03
  6.1425E-03
  6.2045E-03
  6.2045E-03
  6.2665E-03
  6.2664E-03
  6.3285E-03
  6.3284E-03
  6.3905E-03
  6.3905E-03
  6.4525E-03
  6.4524E-03
  6.5145E-03
  6.5144E-03
  6.5764E-03
  6.5764E-03
  6.6384E-03
  6.6384E-03
  6.7004E-03
  6.7003E-03
  6.7624E-03
  6.7623E-03
  6.8243E-03
  6.8243E-03
  6.8863E-03
  6.8863E-03
  6.9483E-03
  6.9482E-03
  7.0103E-03
  7.0102E-03
  7.0723E-03
  7.0722E-03
  7.1343E-03
  7.1342E-03
  7.1963E-03
  7.1963E-03
  7.2584E-03
  7.2584E-03
  7.3207E-03
  7.3207E-03
  7.3831E-03
  7.3831E-03
  7.4458E-03
  7.4458E-03
  7.5087E-03
  7.5087E-03
  7.5716E-03
  7.5716E-03
  7.6342E-03
  7.6343E-03
  7.6954E-03
  7.6955E-03
  7.7546E-03
  7.7514E-03
  7.7951E-03
  7.7827E-03
  2.9112E-03
  2.9301E-03
  2.9780E-03
  3.0392E-03
  3.1019E-03
  3.1648E-03
  3.2277E-03
  3.2903E-03
  3.3527E-03
  3.4150E-03
  3.4771E-03
  3.5392E-03
  3.6012E-03
  3.6632E-03
  3.7252E-03
  3.7871E-03
  3.8491E-03
  3.9111E-03
  3.9731E-03
  4.0350E-03
  4.0970E-03
  4.1590E-03
  4.2210E-03
  4.2830E-03
  4.3450E-03
  4.4070E-03
  4.4690E-03
  4.5309E-03
  4.5929E-03
  4.6549E-03
  4.7169E-03
  4.7789E-03
  4.8408E-03
  4.9028E-03
  4.9648E-03
  5.0268E-03
  5.0888E-03
  5.1507E-03
  5.2127E-03
  5.2747E-03
  5.3367E-03
  5.3987E-03
  5.4607E-03
  5.5227E-03
  5.5847E-03
  5.6466E-03
  5.7086E-03
  5.7706E-03
  5.8326E-03
  5.8945E-03
  5.9565E-03
  6.0185E-03
  6.0805E-03
  6.1425E-03
  6.2045E-03
  6.2664E-03
  6.3284E-03
  6.3905E-03
  6.4524E-03
  6.5144E-03
  6.5764E-03
  6.6384E-03
  6.7003E-03
  6.7623E-03
  6.8243E-03
  6.8863E-03
  6.9482E-03
  7.0102E-03
  7.0722E-03
  7.1343E-03
  7.1965E-03
  7.2588E-03
  7.3215E-03
  7.3845E-03
  7.4481E-03
  7.5120E-03
  7.5758E-03
  7.6385E-03
  7.6969E-03
  7.7514E-03
  7.7826E-03
  2.9230E-03
  2.9377E-03
  2.9780E-03
  3.0392E-03
  3.1019E-03
  3.1648E-03
  3.2277E-03
  3.2903E-03
  3.3527E-03
  3.4150E-03
  3.4771E-03
  3.5392E-03
  3.6012E-03
  3.6632E-03
  3.7252E-03
  3.7872E-03
  3.8491E-03
  3.9111E-03
  3.9731E-03
  4.0350E-03
  4.0970E-03
  4.1590E-03
  4.2210E-03
  4.2830E-03
  4.3450E-03
  4.4070E-03
  4.4690E-03
  4.5309E-03
  4.5929E-03
  4.6549E-03
  4.7169E-03
  4.7789E-03
  4.8408E-03
  4.9028E-03
  4.9648E-03
  5.0268E-03
  5.0888E-03
  5.1507E-03
  5.2127E-03
  5.2747E-03
  5.3367E-03
  5.3987E-03
  5.4607E-03
  5.5227E-03
  5.5847E-03
  5.6466E-03
  5.7086E-03
  5.7706E-03
  5.8326E-03
  5.8945E-03
  5.9565E-03
  6.0185E-03
  6.0805E-03
  6.1425E-03
  6.2045E-03
  6.2664E-03
  6.3284E-03
  6.3905E-03
  6.4524E-03
  6.5144E-03
  6.5764E-03
  6.6384E-03
  6.7003E-03
  6.7623E-03
  6.8243E-03
  6.8863E-03
  6.9482E-03
  7.0102E-03
  7.0722E-03
  7.1344E-03
  7.1967E-03
  7.2592E-03
  7.3222E-03
  7.3858E-03
  7.4501E-03
  7.5149E-03
  7.5794E-03
  7.6413E-03
  7.6962E-03
  7.7514E-03
  7.7826E-03
  2.9268E-03
  2.9404E-03
  2.9780E-03
  3.0392E-03
  3.1019E-03
  3.1648E-03
  3.2277E-03
  3.2903E-03
  3.3527E-03
  3.4150E-03
  3.4771E-03
  3.5392E-03
  3.6012E-03
  3.6632E-03
  3.7252E-03
  3.7872E-03
  3.8491E-03
  3.9111E-03
  3.9731E-03
  4.0350E-03
  4.0970E-03
  4.1590E-03
  4.2210E-03
  4.2830E-03
  4.3450E-03
  4.4070E-03
  4.4690E-03
  4.5309E-03
  4.5929E-03
  4.6549E-03
  4.7169E-03
  4.7789E-03
  4.8408E-03
  4.9028E-03
  4.9648E-03
  5.0268E-03
  5.0888E-03
  5.1507E-03
  5.2127E-03
  5.2747E-03
  5.3367E-03
  5.3987E-03
  5.4607E-03
  5.5227E-03
  5.5847E-03
  5.6466E-03
  5.7086E-03
  5.7706E-03
  5.8326E-03
  5.8945E-03
  5.9565E-03
  6.0185E-03
  6.0805E-03
  6.1425E-03
  6.2045E-03
  6.2664E-03
  6.3284E-03
  6.3905E-03
  6.4524E-03
  6.5144E-03
  6.5764E-03
  6.6384E-03
  6.7003E-03
  6.7623E-03
  6.8243E-03
  6.8863E-03
  6.9482E-03
  7.0102E-03
  7.0723E-03
  7.1344E-03
  7.1967E-03
  7.2594E-03
  7.3226E-03
  7.3864E-03
  7.4509E-03
  7.5160E-03
  7.5806E-03
  7.6422E-03
  7.6956E-03
  7.7514E-03
  7.7826E-03
  2.9230E-03
  2.9377E-03
  2.9780E-03
  3.0392E-03
  3.1019E-03
  3.1648E-03
  3.2277E-03
  3.2903E-03
  3.3527E-03
  3.4150E-03
  3.4771E-03
  3.5392E-03
  3.6012E-03
  3.6632E-03
  3.7252E-03
  3.7872E-03
  3.8491E-03
  3.9111E-03
  3.9731E-03
  4.0350E-03
  4.0970E-03
  4.1590E-03
  4.2210E-03
  4.2830E-03
  4.3450E-03
  4.4070E-03
  4.4690E-03
  4.5309E-03
  4.5929E-03
  4.6549E-03
  4.7169E-03
  4.7789E-03
  4.8408E-03
  4.9028E-03
  4.9648E-03
  5.0268E-03
  5.0888E-03
  5.1507E-03
  5.2127E-03
  5.2747E-03
  5.3367E-03
  5.3987E-03
  5.4607E-03
  5.5227E-03
  5.5847E-03
  5.6466E-03
  5.7086E-03
  5.7706E-03
  5.8326E-03
  5.8945E-03
  5.9565E-03
  6.0185E-03
  6.0805E-03
  6.1425E-03
  6.2045E-03
  6.2664E-03
  6.3284E-03
  6.3905E-03
  6.4524E-03
  6.5144E-03
  6.5764E-03
  6.6384E-03
  6.7003E-03
  6.7623E-03
  6.8243E-03
  6.8863E-03
  6.9482E-03
  7.0102E-03
  7.0722E-03
  7.1344E-03
  7.1967E-03
  7.2592E-03
  7.3222E-03
  7.3858E-03
  7.4501E-03
  7.5149E-03
  7.5794E-03
  7.6413E-03
  7.6962E-03
  7.7514E-03
  7.7826E-03
  2.9112E-03
  2.9301E-03
  2.9780E-03
  3.0392E-03
  3.1019E-03
  3.1648E-03
  3.2277E-03
  3.2903E-03
  3.3527E-03
  3.4150E-03
  3.4771E-03
  3.5392E-03
  3.6012E-03
  3.6632E-03
  3.7252E-03
  3.7871E-03
  3.8491E-03
  3.9111E-03
  3.9731E-03
  4.0350E-03
  4.0970E-03
  4.1590E-03
  4.2210E-03
  4.2830E-03
  4.3450E-03
  4.4070E-03
  4.4690E-03
  4.5309E-03
  4.5929E-03
  4.6549E-03
  4.7169E-03
  4.7789E-03
  4.8408E-03
  4.9028E-03
  4.9648E-03
  5.0268E-03
  5.0888E-03
  5.1507E-03
  5.2127E-03
  5.2747E-03
  5.3367E-03
  5.3987E-03
  5.4607E-03
  5.5227E-03
  5.5847E-03
  5.6466E-03
  5.7086E-03
  5.7706E-03
  5.8326E-03
  5.8945E-03
  5.9565E-03
  6.0185E-03
  6.0805E-03
  6.1425E-03
  6.2045E-03
  6.2664E-03
  6.3284E-03
  6.3905E-03
  6.4524E-03
  6.5144E-03
  6.5764E-03
  6.6384E-03
  6.7003E-03
  6.7623E-03
  6.8243E-03
  6.8863E-03
  6.9482E-03
  7.0102E-03
  7.0722E-03
  7.1343E-03
  7.1965E-03
  7.2588E-03
  7.3215E-03
  7.3845E-03
  7.4481E-03
  7.5120E-03
  7.5758E-03
  7.6385E-03
  7.6969E-03
  7.7514E-03
  7.7826E-03
  2.8912E-03
  2.9221E-03
  2.9781E-03
  3.0393E-03
  3.1019E-03
  3.1648E-03
  3.2277E-03
  3.2903E-03
  3.3527E-03
  3.4150E-03
  3.4771E-03
  3.5392E-03
  3.6012E-03
  3.6632E-03
  3.7251E-03
  3.7871E-03
  3.8491E-03
  3.9111E-03
  3.9731E-03
  4.0350E-03
  4.0970E-03
  4.1590E-03
  4.2210E-03
  4.2830E-03
  4.3450E-03
  4.4070E-03
  4.4689E-03
  4.5309E-03
  4.5929E-03
  4.6549E-03
  4.7169E-03
  4.7789E-03
  4.8408E-03
  4.9028E-03
  4.9648E-03
  5.0268E-03
  5.0887E-03
  5.1507E-03
  5.2127E-03
  5.2747E-03
  5.3367E-03
  5.3987E-03
  5.4607E-03
  5.5227E-03
  5.5847E-03
  5.6466E-03
  5.7086E-03
  5.7706E-03
  5.8326E-03
  5.8945E-03
  5.9565E-03
  6.0185E-03
  6.0805E-03
  6.1425E-03
  6.2045E-03
  6.2664E-03
  6.3284E-03
  6.3905E-03
  6.4524E-03
  6.5144E-03
  6.5764E-03
  6.6384E-03
  6.7003E-03
  6.7623E-03
  6.8243E-03
  6.8863E-03
  6.9482E-03
  7.0102E-03
  7.0722E-03
  7.1342E-03
  7.1963E-03
  7.2584E-03
  7.3207E-03
  7.3831E-03
  7.4458E-03
  7.5087E-03
  7.5716E-03
  7.6343E-03
  7.6955E-03
  7.7514E-03
  7.7827E-03
  2.8911E-03
  2.9221E-03
  2.9795E-03
  3.0415E-03
  3.1039E-03
  3.1663E-03
  3.2287E-03
  3.2909E-03
  3.3531E-03
  3.4152E-03
  3.4772E-03
  3.5392E-03
  3.6012E-03
  3.6632E-03
  3.7252E-03
  3.7871E-03
  3.8491E-03
  3.9111E-03
  3.9731E-03
  4.0351E-03
  4.0971E-03
  4.1590E-03
  4.2210E-03
  4.2831E-03
  4.3450E-03
  4.4070E-03
  4.4690E-03
  4.5310E-03
  4.5929E-03
  4.6549E-03
  4.7169E-03
  4.7789E-03
  4.8409E-03
  4.9029E-03
  4.9648E-03
  5.0268E-03
  5.0888E-03
  5.1508E-03
  5.2127E-03
  5.2748E-03
  5.3368E-03
  5.3987E-03
  5.4607E-03
  5.5227E-03
  5.5847E-03
  5.6467E-03
  5.7087E-03
  5.7706E-03
  5.8326E-03
  5.8946E-03
  5.9566E-03
  6.0185E-03
  6.0805E-03
  6.1425E-03
  6.2045E-03
  6.2665E-03
  6.3285E-03
  6.3905E-03
  6.4525E-03
  6.5145E-03
  6.5764E-03
  6.6384E-03
  6.7004E-03
  6.7624E-03
  6.8243E-03
  6.8863E-03
  6.9483E-03
  7.0103E-03
  7.0723E-03
  7.1343E-03
  7.1963E-03
  7.2584E-03
  7.3207E-03
  7.3831E-03
  7.4458E-03
  7.5087E-03
  7.5716E-03
  7.6342E-03
  7.6954E-03
  7.7546E-03
  7.7951E-03
  2.8795E-03
  2.8911E-03
  2.9190E-03
  2.9221E-03
  2.9796E-03
  2.9795E-03
  3.0416E-03
  3.0415E-03
  3.1040E-03
  3.1039E-03
  3.1664E-03
  3.1663E-03
  3.2288E-03
  3.2287E-03
  3.2910E-03
  3.2909E-03
  3.3532E-03
  3.3531E-03
  3.4152E-03
  3.4152E-03
  3.4773E-03
  3.4772E-03
  3.5393E-03
  3.5392E-03
  3.6013E-03
  3.6012E-03
  3.6632E-03
  3.6632E-03
  3.7252E-03
  3.7252E-03
  3.7872E-03
  3.7871E-03
  3.8492E-03
  3.8491E-03
  3.9112E-03
  3.9111E-03
  3.9732E-03
  3.9731E-03
  4.0351E-03
  4.0351E-03
  4.0971E-03
  4.0971E-03
  4.1591E-03
  4.1590E-03
  4.2211E-03
  4.2210E-03
  4.2831E-03
  4.2831E-03
  4.3451E-03
  4.3450E-03
  4.4071E-03
  4.4070E-03
  4.4690E-03
  4.4690E-03
  4.5310E-03
  4.5310E-03
  4.5930E-03
  4.5929E-03
  4.6550E-03
  4.6549E-03
  4.7170E-03
  4.7169E-03
  4.7789E-03
  4.7789E-03
  4.8409E-03
  4.8409E-03
  4.9029E-03
  4.9029E-03
  4.9649E-03
  4.9648E-03
  5.0269E-03
  5.0268E-03
  5.0888E-03
  5.0888E-03
  5.1508E-03
  5.1508E-03
  5.2128E-03
  5.2127E-03
  5.2748E-03
  5.2748E-03
  5.3368E-03
  5.3368E-03
  5.3988E-03
  5.3987E-03
  5.4608E-03
  5.4607E-03
  5.5228E-03
  5.5227E-03
  5.5848E-03
  5.5847E-03
  5.6467E-03
  5.6467E-03
  5.7087E-03
  5.7087E-03
  5.7707E-03
  5.7706E-03
  5.8327E-03
  5.8326E-03
  5.8946E-03
  5.8946E-03
  5.9566E-03
  5.9566E-03
  6.0186E-03
  6.0185E-03
  6.0806E-03
  6.0805E-03
  6.1425E-03
  6.1425E-03
  6.2046E-03
  6.2045E-03
  6.2665E-03
  6.2665E-03
  6.3285E-03
  6.3285E-03
  6.3905E-03
  6.3905E-03
  6.4525E-03
  6.4525E-03
  6.5145E-03
  6.5145E-03
  6.5765E-03
  6.5764E-03
  6.6385E-03
  6.6384E-03
  6.7004E-03
  6.7004E-03
  6.7624E-03
  6.7624E-03
  6.8244E-03
  6.8243E-03
  6.8864E-03
  6.8863E-03
  6.9483E-03
  6.9483E-03
  7.0103E-03
  7.0103E-03
  7.0723E-03
  7.0723E-03
  7.1343E-03
  7.1343E-03
  7.1963E-03
  7.1963E-03
  7.2584E-03
  7.2584E-03
  7.3204E-03
  7.3207E-03
  7.3826E-03
  7.3831E-03
  7.4449E-03
  7.4458E-03
  7.5073E-03
  7.5087E-03
  7.5698E-03
  7.5716E-03
  7.6322E-03
  7.6342E-03
  7.6942E-03
  7.6954E-03
  7.7547E-03
  7.7546E-03
  7.7955E-03
  7.7951E-03
  2.9112E-03
  2.9301E-03
  2.9795E-03
  3.0415E-03
  3.1039E-03
  3.1663E-03
  3.2287E-03
  3.2909E-03
  3.3531E-03
  3.4152E-03
  3.4772E-03
  3.5392E-03
  3.6012E-03
  3.6632E-03
  3.7252E-03
  3.7871E-03
  3.8491E-03
  3.9111E-03
  3.9731E-03
  4.0351E-03
  4.0971E-03
  4.1590E-03
  4.2210E-03
  4.2831E-03
  4.3450E-03
  4.4070E-03
  4.4690E-03
  4.5310E-03
  4.5929E-03
  4.6549E-03
  4.7169E-03
  4.7789E-03
  4.8409E-03
  4.9029E-03
  4.9648E-03
  5.0268E-03
  5.0888E-03
  5.1508E-03
  5.2127E-03
  5.2748E-03
  5.3368E-03
  5.3987E-03
  5.4607E-03
  5.5227E-03
  5.5847E-03
  5.6467E-03
  5.7087E-03
  5.7706E-03
  5.8326E-03
  5.8946E-03
  5.9566E-03
  6.0185E-03
  6.0805E-03
  6.1425E-03
  6.2045E-03
  6.2665E-03
  6.3285E-03
  6.3905E-03
  6.4525E-03
  6.5145E-03
  6.5764E-03
  6.6384E-03
  6.7004E-03
  6.7624E-03
  6.8243E-03
  6.8863E-03
  6.9483E-03
  7.0103E-03
  7.0723E-03
  7.1343E-03
  7.1965E-03
  7.2588E-03
  7.3215E-03
  7.3845E-03
  7.4481E-03
  7.5120E-03
  7.5758E-03
  7.6385E-03
  7.6969E-03
  7.7546E-03
  7.7951E-03
  2.9230E-03
  2.9377E-03
  2.9795E-03
  3.0415E-03
  3.1039E-03
  3.1663E-03
  3.2287E-03
  3.2909E-03
  3.3531E-03
  3.4152E-03
  3.4772E-03
  3.5392E-03
  3.6012E-03
  3.6632E-03
  3.7252E-03
  3.7872E-03
  3.8491E-03
  3.9111E-03
  3.9731E-03
  4.0351E-03
  4.0971E-03
  4.1590E-03
  4.2210E-03
  4.2831E-03
  4.3450E-03
  4.4070E-03
  4.4690E-03
  4.5310E-03
  4.5929E-03
  4.6549E-03
  4.7169E-03
  4.7789E-03
  4.8409E-03
  4.9029E-03
  4.9648E-03
  5.0268E-03
  5.0888E-03
  5.1508E-03
  5.2127E-03
  5.2748E-03
  5.3368E-03
  5.3987E-03
  5.4607E-03
  5.5227E-03
  5.5847E-03
  5.6467E-03
  5.7087E-03
  5.7706E-03
  5.8326E-03
  5.8946E-03
  5.9566E-03
  6.0185E-03
  6.0805E-03
  6.1425E-03
  6.2045E-03
  6.2665E-03
  6.3285E-03
  6.3905E-03
  6.4525E-03
  6.5145E-03
  6.5764E-03
  6.6384E-03
  6.7004E-03
  6.7624E-03
  6.8243E-03
  6.8863E-03
  6.9483E-03
  7.0103E-03
  7.0723E-03
  7.1344E-03
  7.1967E-03
  7.2592E-03
  7.3222E-03
  7.3858E-03
  7.4501E-03
  7.5149E-03
  7.5794E-03
  7.6413E-03
  7.6962E-03
  7.7546E-03
  7.7951E-03
  2.9268E-03
  2.9404E-03
  2.9795E-03
  3.0415E-03
  3.1039E-03
  3.1663E-03
  3.2287E-03
  3.2909E-03
  3.3531E-03
  3.4152E-03
  3.4772E-03
  3.5392E-03
  3.6012E-03
  3.6632E-03
  3.7252E-03
  3.7872E-03
  3.8491E-03
  3.9111E-03
  3.9731E-03
  4.0351E-03
  4.0971E-03
  4.1590E-03
  4.2210E-03
  4.2831E-03
  4.3450E-03
  4.4070E-03
  4.4690E-03
  4.5310E-03
  4.5929E-03
  4.6549E-03
  4.7169E-03
  4.7789E-03
  4.8409E-03
  4.9029E-03
  4.9648E-03
  5.0268E-03
  5.0888E-03
  5.1508E-03
  5.2127E-03
  5.2748E-03
  5.3368E-03
  5.3987E-03
  5.4607E-03
  5.5227E-03
  5.5847E-03
  5.6467E-03
  5.7087E-03
  5.7706E-03
  5.8326E-03
  5.8946E-03
  5.9566E-03
  6.0185E-03
  6.0805E-03
  6.1425E-03
  6.2045E-03
  6.2665E-03
  6.3285E-03
  6.3905E-03
  6.4525E-03
  6.5145E-03
  6.5764E-03
  6.6384E-03
  6.7004E-03
  6.7624E-03
  6.8243E-03
  6.8863E-03
  6.9483E-03
  7.0103E-03
  7.0723E-03
  7.1344E-03
  7.1967E-03
  7.2594E-03
  7.3226E-03
  7.3864E-03
  7.4509E-03
  7.5160E-03
  7.5806E-03
  7.6422E-03
  7.6956E-03
  7.7546E-03
  7.7951E-03
  2.9230E-03
  2.9377E-03
  2.9795E-03
  3.0415E-03
  3.1039E-03
  3.1663E-03
  3.2287E-03
  3.2909E-03
  3.3531E-03
  3.4152E-03
  3.4772E-03
  3.5392E-03
  3.6012E-03
  3.6632E-03
  3.7252E-03
  3.7872E-03
  3.8491E-03
  3.9111E-03
  3.9731E-03
  4.0351E-03
  4.0971E-03
  4.1590E-03
  4.2210E-03
  4.2831E-03
  4.3450E-03
  4.4070E-03
  4.4690E-03
  4.5310E-03
  4.5929E-03
  4.6549E-03
  4.7169E-03
  4.7789E-03
  4.8409E-03
  4.9029E-03
  4.9648E-03
  5.0268E-03
  5.0888E-03
  5.1508E-03
  5.2127E-03
  5.2748E-03
  5.3368E-03
  5.3987E-03
  5.4607E-03
  5.5227E-03
  5.5847E-03
  5.6467E-03
  5.7087E-03
  5.7706E-03
  5.8326E-03
  5.8946E-03
  5.9566E-03
  6.0185E-03
  6.0805E-03
  6.1425E-03
  6.2045E-03
  6.2665E-03
  6.3285E-03
  6.3905E-03
  6.4525E-03
  6.5145E-03
  6.5764E-03
  6.6384E-03
  6.7004E-03
  6.7624E-03
  6.8243E-03
  6.8863E-03
  6.9483E-03
  7.0103E-03
  7.0723E-03
  7.1344E-03
  7.1967E-03
  7.2592E-03
  7.3222E-03
  7.3858E-03
  7.4501E-03
  7.5149E-03
  7.5794E-03
  7.6413E-03
  7.6962E-03
  7.7546E-03
  7.7951E-03
  2.9112E-03
  2.9301E-03
  2.9795E-03
  3.0415E-03
  3.1039E-03
  3.1663E-03
  3.2287E-03
  3.2909E-03
  3.3531E-03
  3.4152E-03
  3.4772E-03
  3.5392E-03
  3.6012E-03
  3.6632E-03
  3.7252E-03
  3.7871E-03
  3.8491E-03
  3.9111E-03
  3.9731E-03
  4.0351E-03
  4.0971E-03
  4.1590E-03
  4.2210E-03
  4.2831E-03
  4.3450E-03
  4.4070E-03
  4.4690E-03
  4.5310E-03
  4.5929E-03
  4.6549E-03
  4.7169E-03
  4.7789E-03
  4.8409E-03
  4.9029E-03
  4.9648E-03
  5.0268E-03
  5.0888E-03
  5.1508E-03
  5.2127E-03
  5.2748E-03
  5.3368E-03
  5.3987E-03
  5.4607E-03
  5.5227E-03
  5.5847E-03
  5.6467E-03
  5.7087E-03
  5.7706E-03
  5.8326E-03
  5.8946E-03
  5.9566E-03
  6.0185E-03
  6.0805E-03
  6.1425E-03
  6.2045E-03
  6.2665E-03
  6.3285E-03
  6.3905E-03
  6.4525E-03
  6.5145E-03
  6.5764E-03
  6.6384E-03
  6.7004E-03
  6.7624E-03
  6.8243E-03
  6.8863E-03
  6.9483E-03
  7.0103E-03
  7.0723E-03
  7.1343E-03
  7.1965E-03
  7.2588E-03
  7.3215E-03
  7.3845E-03
  7.4481E-03
  7.5120E-03
  7.5758E-03
  7.6385E-03
  7.6969E-03
  7.7546E-03
  7.7951E-03
  2.8911E-03
  2.9221E-03
  2.9795E-03
  3.0415E-03
  3.1039E-03
  3.1663E-03
  3.2287E-03
  3.2909E-03
  3.3531E-03
  3.4152E-03
  3.4772E-03
  3.5392E-03
  3.6012E-03
  3.6632E-03
  3.7252E-03
  3.7871E-03
  3.8491E-03
  3.9111E-03
  3.9731E-03
  4.0351E-03
  4.0971E-03
  4.1590E-03
  4.2210E-03
  4.2831E-03
  4.3450E-03
  4.4070E-03
  4.4690E-03
  4.5310E-03
  4.5929E-03
  4.6549E-03
  4.7169E-03
  4.7789E-03
  4.8409E-03
  4.9029E-03
  4.9648E-03
  5.0268E-03
  5.0888E-03
  5.1508E-03
  5.2127E-03
  5.2748E-03
  5.3368E-03
  5.3987E-03
  5.4607E-03
  5.5227E-03
  5.5847E-03
  5.6467E-03
  5.7087E-03
  5.7706E-03
  5.8326E-03
  5.8946E-03
  5.9566E-03
  6.0185E-03
  6.0805E-03
  6.1425E-03
  6.2045E-03
  6.2665E-03
  6.3285E-03
  6.3905E-03
  6.4525E-03
  6.5145E-03
  6.5764E-03
  6.6384E-03
  6.7004E-03
  6.7624E-03
  6.8243E-03
  6.8863E-03
  6.9483E-03
  7.0103E-03
  7.0723E-03
  7.1343E-03
  7.1963E-03
  7.2584E-03
  7.3207E-03
  7.3831E-03
  7.4458E-03
  7.5087E-03
  7.5716E-03
  7.6342E-03
  7.6954E-03
  7.7546E-03
  7.7951E-03
  2.8795E-03
  2.9190E-03
  2.9796E-03
  3.0416E-03
  3.1040E-03
  3.1664E-03
  3.2288E-03
  3.2910E-03
  3.3532E-03
  3.4152E-03
  3.4773E-03
  3.5393E-03
  3.6013E-03
  3.6632E-03
  3.7252E-03
  3.7872E-03
  3.8492E-03
  3.9112E-03
  3.9732E-03
  4.0351E-03
  4.0971E-03
  4.1591E-03
  4.2211E-03
  4.2831E-03
  4.3451E-03
  4.4071E-03
  4.4690E-03
  4.5310E-03
  4.5930E-03
  4.6550E-03
  4.7170E-03
  4.7789E-03
  4.8409E-03
  4.9029E-03
  4.9649E-03
  5.0269E-03
  5.0888E-03
  5.1508E-03
  5.2128E-03
  5.2748E-03
  5.3368E-03
  5.3988E-03
  5.4608E-03
  5.5228E-03
  5.5848E-03
  5.6467E-03
  5.7087E-03
  5.7707E-03
  5.8327E-03
  5.8946E-03
  5.9566E-03
  6.0186E-03
  6.0806E-03
  6.1425E-03
  6.2046E-03
  6.2665E-03
  6.3285E-03
  6.3905E-03
  6.4525E-03
  6.5145E-03
  6.5765E-03
  6.6385E-03
  6.7004E-03
  6.7624E-03
  6.8244E-03
  6.8864E-03
  6.9483E-03
  7.0103E-03
  7.0723E-03
  7.1343E-03
  7.1963E-03
  7.2584E-03
  7.3204E-03
  7.3826E-03
  7.4449E-03
  7.5073E-03
  7.5698E-03
  7.6322E-03
  7.6942E-03
  7.7547E-03
  7.7955E-03
