Scalar DZ under Static for nodeset
6561
   0.0000E+00
  0.0000E+00
  0.0000E+00
  0.0000E+00
  0.0000E+00
 -6.7410E-04
 -6.4912E-04
 -6.4912E-04
 -6.2415E-04
 -1.3151E-03
 -1.2746E-03
 -1.2746E-03
 -1.2341E-03
 -1.9238E-03
 -1.8752E-03
 -1.8752E-03
 -1.8265E-03
 -2.5052E-03
 -2.4526E-03
 -2.4526E-03
 -2.4000E-03
 -3.0636E-03
 -3.0093E-03
 -3.0093E-03
 -2.9550E-03
 -3.6021E-03
 -3.5472E-03
 -3.5472E-03
 -3.4923E-03
 -4.1227E-03
 -4.0678E-03
 -4.0678E-03
 -4.0128E-03
 -4.6267E-03
 -4.5719E-03
 -4.5719E-03
 -4.5170E-03
 -5.1147E-03
 -5.0600E-03
 -5.0600E-03
 -5.0054E-03
 -5.5870E-03
 -5.5325E-03
 -5.5325E-03
 -5.4780E-03
 -6.0439E-03
 -5.9895E-03
 -5.9895E-03
 -5.9351E-03
 -6.4853E-03
 -6.4310E-03
 -6.4310E-03
 -6.3767E-03
 -6.9113E-03
 -6.8570E-03
 -6.8570E-03
 -6.8028E-03
 -7.3218E-03
 -7.2676E-03
 -7.2676E-03
 -7.2134E-03
 -7.7169E-03
 -7.6627E-03
 -7.6627E-03
 -7.6085E-03
 -8.0966E-03
 -8.0423E-03
 -8.0423E-03
 -7.9881E-03
 -8.4607E-03
 -8.4065E-03
 -8.4065E-03
 -8.3523E-03
 -8.8094E-03
 -8.7552E-03
 -8.7552E-03
 -8.7009E-03
 -9.1426E-03
 -9.0883E-03
 -9.0883E-03
 -9.0341E-03
 -9.4602E-03
 -9.4060E-03
 -9.4060E-03
 -9.3518E-03
 -9.7624E-03
 -9.7082E-03
 -9.7082E-03
 -9.6539E-03
 -1.0049E-02
 -9.9949E-03
 -9.9949E-03
 -9.9406E-03
 -1.0320E-02
 -1.0266E-02
 -1.0266E-02
 -1.0212E-02
 -1.0576E-02
 -1.0522E-02
 -1.0522E-02
 -1.0467E-02
 -1.0816E-02
 -1.0762E-02
 -1.0762E-02
 -1.0708E-02
 -1.1041E-02
 -1.0987E-02
 -1.0987E-02
 -1.0932E-02
 -1.1250E-02
 -1.1196E-02
 -1.1196E-02
 -1.1142E-02
 -1.1444E-02
 -1.1389E-02
 -1.1389E-02
 -1.1335E-02
 -1.1622E-02
 -1.1568E-02
 -1.1568E-02
 -1.1513E-02
 -1.1785E-02
 -1.1730E-02
 -1.1730E-02
 -1.1676E-02
 -1.1932E-02
 -1.1878E-02
 -1.1878E-02
 -1.1823E-02
 -1.2064E-02
 -1.2009E-02
 -1.2009E-02
 -1.1955E-02
 -1.2180E-02
 -1.2126E-02
 -1.2126E-02
 -1.2071E-02
 -1.2280E-02
 -1.2226E-02
 -1.2226E-02
 -1.2172E-02
 -1.2366E-02
 -1.2311E-02
 -1.2311E-02
 -1.2257E-02
 -1.2435E-02
 -1.2381E-02
 -1.2381E-02
 -1.2327E-02
 -1.2490E-02
 -1.2435E-02
 -1.2435E-02
 -1.2381E-02
 -1.2528E-02
 -1.2474E-02
 -1.2474E-02
 -1.2420E-02
 -1.2552E-02
 -1.2497E-02
 -1.2497E-02
 -1.2443E-02
 -1.2559E-02
 -1.2505E-02
 -1.2505E-02
 -1.2451E-02
 -1.2552E-02
 -1.2497E-02
 -1.2497E-02
 -1.2443E-02
 -1.2528E-02
 -1.2474E-02
 -1.2474E-02
 -1.2420E-02
 -1.2490E-02
 -1.2435E-02
 -1.2435E-02
 -1.2381E-02
 -1.2435E-02
 -1.2381E-02
 -1.2381E-02
 -1.2327E-02
 -1.2366E-02
 -1.2311E-02
 -1.2311E-02
 -1.2257E-02
 -1.2280E-02
 -1.2226E-02
 -1.2226E-02
 -1.2172E-02
 -1.2180E-02
 -1.2126E-02
 -1.2126E-02
 -1.2071E-02
 -1.2064E-02
 -1.2009E-02
 -1.2009E-02
 -1.1955E-02
 -1.1932E-02
 -1.1878E-02
 -1.1878E-02
 -1.1823E-02
 -1.1785E-02
 -1.1730E-02
 -1.1730E-02
 -1.1676E-02
 -1.1622E-02
 -1.1568E-02
 -1.1568E-02
 -1.1513E-02
 -1.1444E-02
 -1.1389E-02
 -1.1389E-02
 -1.1335E-02
 -1.1250E-02
 -1.1196E-02
 -1.1196E-02
 -1.1142E-02
 -1.1041E-02
 -1.0987E-02
 -1.0987E-02
 -1.0932E-02
 -1.0816E-02
 -1.0762E-02
 -1.0762E-02
 -1.0708E-02
 -1.0576E-02
 -1.0522E-02
 -1.0522E-02
 -1.0467E-02
 -1.0320E-02
 -1.0266E-02
 -1.0266E-02
 -1.0212E-02
 -1.0049E-02
 -9.9949E-03
 -9.9949E-03
 -9.9406E-03
 -9.7624E-03
 -9.7082E-03
 -9.7082E-03
 -9.6539E-03
 -9.4602E-03
 -9.4060E-03
 -9.4060E-03
 -9.3518E-03
 -9.1426E-03
 -9.0883E-03
 -9.0883E-03
 -9.0341E-03
 -8.8094E-03
 -8.7552E-03
 -8.7552E-03
 -8.7009E-03
 -8.4607E-03
 -8.4065E-03
 -8.4065E-03
 -8.3523E-03
 -8.0966E-03
 -8.0424E-03
 -8.0424E-03
 -7.9881E-03
 -7.7170E-03
 -7.6627E-03
 -7.6627E-03
 -7.6085E-03
 -7.3219E-03
 -7.2676E-03
 -7.2676E-03
 -7.2134E-03
 -6.9113E-03
 -6.8570E-03
 -6.8570E-03
 -6.8028E-03
 -6.4853E-03
 -6.4310E-03
 -6.4310E-03
 -6.3767E-03
 -6.0439E-03
 -5.9895E-03
 -5.9895E-03
 -5.9351E-03
 -5.5871E-03
 -5.5326E-03
 -5.5326E-03
 -5.4781E-03
 -5.1147E-03
 -5.0601E-03
 -5.0601E-03
 -5.0054E-03
 -4.6268E-03
 -4.5719E-03
 -4.5719E-03
 -4.5171E-03
 -4.1228E-03
 -4.0678E-03
 -4.0678E-03
 -4.0129E-03
 -3.6022E-03
 -3.5473E-03
 -3.5473E-03
 -3.4923E-03
 -3.0636E-03
 -3.0093E-03
 -3.0093E-03
 -2.9550E-03
 -2.5052E-03
 -2.4526E-03
 -2.4526E-03
 -2.4000E-03
 -1.9237E-03
 -1.8751E-03
 -1.8751E-03
 -1.8265E-03
 -1.3151E-03
 -1.2746E-03
 -1.2746E-03
 -1.2341E-03
 -6.7409E-04
 -6.4911E-04
 -6.4911E-04
 -6.2414E-04
  0.0000E+00
  0.0000E+00
  0.0000E+00
  0.0000E+00
  0.0000E+00
  0.0000E+00
 -6.3805E-04
 -6.1307E-04
 -1.2532E-03
 -1.2127E-03
 -1.8461E-03
 -1.7975E-03
 -2.4188E-03
 -2.3662E-03
 -2.9727E-03
 -2.9184E-03
 -3.5092E-03
 -3.4543E-03
 -4.0291E-03
 -3.9742E-03
 -4.5330E-03
 -4.4781E-03
 -5.0211E-03
 -4.9664E-03
 -5.4936E-03
 -5.4391E-03
 -5.9506E-03
 -5.8962E-03
 -6.3922E-03
 -6.3378E-03
 -6.8182E-03
 -6.7640E-03
 -7.2288E-03
 -7.1746E-03
 -7.6240E-03
 -7.5697E-03
 -8.0036E-03
 -7.9494E-03
 -8.3678E-03
 -8.3135E-03
 -8.7164E-03
 -8.6622E-03
 -9.0496E-03
 -8.9953E-03
 -9.3673E-03
 -9.3130E-03
 -9.6694E-03
 -9.6152E-03
 -9.9561E-03
 -9.9019E-03
 -1.0227E-02
 -1.0173E-02
 -1.0483E-02
 -1.0429E-02
 -1.0723E-02
 -1.0669E-02
 -1.0948E-02
 -1.0894E-02
 -1.1157E-02
 -1.1103E-02
 -1.1351E-02
 -1.1296E-02
 -1.1529E-02
 -1.1475E-02
 -1.1692E-02
 -1.1637E-02
 -1.1839E-02
 -1.1785E-02
 -1.1971E-02
 -1.1916E-02
 -1.2087E-02
 -1.2033E-02
 -1.2187E-02
 -1.2133E-02
 -1.2273E-02
 -1.2218E-02
 -1.2342E-02
 -1.2288E-02
 -1.2397E-02
 -1.2342E-02
 -1.2435E-02
 -1.2381E-02
 -1.2459E-02
 -1.2404E-02
 -1.2466E-02
 -1.2412E-02
 -1.2459E-02
 -1.2404E-02
 -1.2435E-02
 -1.2381E-02
 -1.2397E-02
 -1.2342E-02
 -1.2342E-02
 -1.2288E-02
 -1.2273E-02
 -1.2218E-02
 -1.2187E-02
 -1.2133E-02
 -1.2087E-02
 -1.2033E-02
 -1.1971E-02
 -1.1916E-02
 -1.1839E-02
 -1.1785E-02
 -1.1692E-02
 -1.1637E-02
 -1.1529E-02
 -1.1475E-02
 -1.1351E-02
 -1.1296E-02
 -1.1157E-02
 -1.1103E-02
 -1.0948E-02
 -1.0894E-02
 -1.0723E-02
 -1.0669E-02
 -1.0483E-02
 -1.0429E-02
 -1.0227E-02
 -1.0173E-02
 -9.9561E-03
 -9.9019E-03
 -9.6694E-03
 -9.6152E-03
 -9.3673E-03
 -9.3130E-03
 -9.0496E-03
 -8.9954E-03
 -8.7164E-03
 -8.6622E-03
 -8.3678E-03
 -8.3135E-03
 -8.0036E-03
 -7.9494E-03
 -7.6240E-03
 -7.5697E-03
 -7.2289E-03
 -7.1746E-03
 -6.8183E-03
 -6.7640E-03
 -6.3922E-03
 -6.3379E-03
 -5.9506E-03
 -5.8963E-03
 -5.4936E-03
 -5.4391E-03
 -5.0211E-03
 -4.9665E-03
 -4.5330E-03
 -4.4782E-03
 -4.0292E-03
 -3.9742E-03
 -3.5093E-03
 -3.4543E-03
 -2.9727E-03
 -2.9184E-03
 -2.4188E-03
 -2.3662E-03
 -1.8461E-03
 -1.7975E-03
 -1.2532E-03
 -1.2127E-03
 -6.3804E-04
 -6.1307E-04
  0.0000E+00
  0.0000E+00
  0.0000E+00
  0.0000E+00
 -6.3265E-04
 -6.0768E-04
 -1.2426E-03
 -1.2021E-03
 -1.8309E-03
 -1.7823E-03
 -2.4001E-03
 -2.3475E-03
 -2.9518E-03
 -2.8975E-03
 -3.4870E-03
 -3.4321E-03
 -4.0062E-03
 -3.9513E-03
 -4.5098E-03
 -4.4549E-03
 -4.9977E-03
 -4.9431E-03
 -5.4702E-03
 -5.4158E-03
 -5.9273E-03
 -5.8729E-03
 -6.3688E-03
 -6.3145E-03
 -6.7949E-03
 -6.7407E-03
 -7.2056E-03
 -7.1513E-03
 -7.6007E-03
 -7.5465E-03
 -7.9804E-03
 -7.9261E-03
 -8.3445E-03
 -8.2903E-03
 -8.6932E-03
 -8.6389E-03
 -9.0263E-03
 -8.9721E-03
 -9.3440E-03
 -9.2898E-03
 -9.6462E-03
 -9.5919E-03
 -9.9329E-03
 -9.8786E-03
 -1.0204E-02
 -1.0150E-02
 -1.0460E-02
 -1.0405E-02
 -1.0700E-02
 -1.0646E-02
 -1.0925E-02
 -1.0870E-02
 -1.1134E-02
 -1.1080E-02
 -1.1327E-02
 -1.1273E-02
 -1.1506E-02
 -1.1451E-02
 -1.1668E-02
 -1.1614E-02
 -1.1816E-02
 -1.1761E-02
 -1.1947E-02
 -1.1893E-02
 -1.2064E-02
 -1.2009E-02
 -1.2164E-02
 -1.2110E-02
 -1.2249E-02
 -1.2195E-02
 -1.2319E-02
 -1.2265E-02
 -1.2373E-02
 -1.2319E-02
 -1.2412E-02
 -1.2358E-02
 -1.2435E-02
 -1.2381E-02
 -1.2443E-02
 -1.2389E-02
 -1.2435E-02
 -1.2381E-02
 -1.2412E-02
 -1.2358E-02
 -1.2373E-02
 -1.2319E-02
 -1.2319E-02
 -1.2265E-02
 -1.2249E-02
 -1.2195E-02
 -1.2164E-02
 -1.2110E-02
 -1.2064E-02
 -1.2009E-02
 -1.1947E-02
 -1.1893E-02
 -1.1816E-02
 -1.1761E-02
 -1.1668E-02
 -1.1614E-02
 -1.1506E-02
 -1.1451E-02
 -1.1327E-02
 -1.1273E-02
 -1.1134E-02
 -1.1080E-02
 -1.0925E-02
 -1.0870E-02
 -1.0700E-02
 -1.0646E-02
 -1.0460E-02
 -1.0406E-02
 -1.0204E-02
 -1.0150E-02
 -9.9329E-03
 -9.8786E-03
 -9.6462E-03
 -9.5920E-03
 -9.3440E-03
 -9.2898E-03
 -9.0263E-03
 -8.9721E-03
 -8.6932E-03
 -8.6389E-03
 -8.3445E-03
 -8.2903E-03
 -7.9804E-03
 -7.9261E-03
 -7.6007E-03
 -7.5465E-03
 -7.2056E-03
 -7.1513E-03
 -6.7950E-03
 -6.7407E-03
 -6.3689E-03
 -6.3146E-03
 -5.9273E-03
 -5.8729E-03
 -5.4703E-03
 -5.4158E-03
 -4.9978E-03
 -4.9431E-03
 -4.5098E-03
 -4.4550E-03
 -4.0063E-03
 -3.9513E-03
 -3.4871E-03
 -3.4322E-03
 -2.9518E-03
 -2.8975E-03
 -2.4001E-03
 -2.3475E-03
 -1.8309E-03
 -1.7823E-03
 -1.2426E-03
 -1.2021E-03
 -6.3265E-04
 -6.0767E-04
  0.0000E+00
  0.0000E+00
  0.0000E+00
  0.0000E+00
 -6.3101E-04
 -6.0604E-04
 -1.2393E-03
 -1.1988E-03
 -1.8261E-03
 -1.7775E-03
 -2.3941E-03
 -2.3416E-03
 -2.9451E-03
 -2.8907E-03
 -3.4797E-03
 -3.4248E-03
 -3.9987E-03
 -3.9437E-03
 -4.5021E-03
 -4.4472E-03
 -4.9900E-03
 -4.9353E-03
 -5.4625E-03
 -5.4080E-03
 -5.9195E-03
 -5.8651E-03
 -6.3611E-03
 -6.3068E-03
 -6.7872E-03
 -6.7329E-03
 -7.1978E-03
 -7.1436E-03
 -7.5929E-03
 -7.5387E-03
 -7.9726E-03
 -7.9184E-03
 -8.3368E-03
 -8.2825E-03
 -8.6854E-03
 -8.6312E-03
 -9.0186E-03
 -8.9644E-03
 -9.3363E-03
 -9.2820E-03
 -9.6384E-03
 -9.5842E-03
 -9.9251E-03
 -9.8709E-03
 -1.0196E-02
 -1.0142E-02
 -1.0452E-02
 -1.0398E-02
 -1.0692E-02
 -1.0638E-02
 -1.0917E-02
 -1.0863E-02
 -1.1126E-02
 -1.1072E-02
 -1.1320E-02
 -1.1265E-02
 -1.1498E-02
 -1.1444E-02
 -1.1661E-02
 -1.1606E-02
 -1.1808E-02
 -1.1754E-02
 -1.1940E-02
 -1.1885E-02
 -1.2056E-02
 -1.2002E-02
 -1.2157E-02
 -1.2102E-02
 -1.2242E-02
 -1.2188E-02
 -1.2311E-02
 -1.2257E-02
 -1.2366E-02
 -1.2311E-02
 -1.2404E-02
 -1.2350E-02
 -1.2428E-02
 -1.2373E-02
 -1.2435E-02
 -1.2381E-02
 -1.2428E-02
 -1.2373E-02
 -1.2404E-02
 -1.2350E-02
 -1.2366E-02
 -1.2311E-02
 -1.2311E-02
 -1.2257E-02
 -1.2242E-02
 -1.2187E-02
 -1.2157E-02
 -1.2102E-02
 -1.2056E-02
 -1.2002E-02
 -1.1940E-02
 -1.1885E-02
 -1.1808E-02
 -1.1754E-02
 -1.1661E-02
 -1.1606E-02
 -1.1498E-02
 -1.1444E-02
 -1.1320E-02
 -1.1266E-02
 -1.1126E-02
 -1.1072E-02
 -1.0917E-02
 -1.0863E-02
 -1.0692E-02
 -1.0638E-02
 -1.0452E-02
 -1.0398E-02
 -1.0196E-02
 -1.0142E-02
 -9.9251E-03
 -9.8709E-03
 -9.6384E-03
 -9.5842E-03
 -9.3363E-03
 -9.2820E-03
 -9.0186E-03
 -8.9644E-03
 -8.6854E-03
 -8.6312E-03
 -8.3368E-03
 -8.2825E-03
 -7.9726E-03
 -7.9184E-03
 -7.5930E-03
 -7.5387E-03
 -7.1978E-03
 -7.1436E-03
 -6.7872E-03
 -6.7329E-03
 -6.3611E-03
 -6.3068E-03
 -5.9195E-03
 -5.8651E-03
 -5.4625E-03
 -5.4080E-03
 -4.9900E-03
 -4.9354E-03
 -4.5021E-03
 -4.4473E-03
 -3.9987E-03
 -3.9438E-03
 -3.4798E-03
 -3.4249E-03
 -2.9451E-03
 -2.8907E-03
 -2.3941E-03
 -2.3416E-03
 -1.8261E-03
 -1.7775E-03
 -1.2393E-03
 -1.1988E-03
 -6.3101E-04
 -6.0604E-04
  0.0000E+00
  0.0000E+00
  0.0000E+00
  0.0000E+00
 -6.3265E-04
 -6.0768E-04
 -1.2426E-03
 -1.2021E-03
 -1.8309E-03
 -1.7823E-03
 -2.4001E-03
 -2.3475E-03
 -2.9518E-03
 -2.8975E-03
 -3.4870E-03
 -3.4321E-03
 -4.0062E-03
 -3.9513E-03
 -4.5098E-03
 -4.4549E-03
 -4.9977E-03
 -4.9431E-03
 -5.4702E-03
 -5.4158E-03
 -5.9273E-03
 -5.8729E-03
 -6.3688E-03
 -6.3145E-03
 -6.7949E-03
 -6.7407E-03
 -7.2056E-03
 -7.1513E-03
 -7.6007E-03
 -7.5465E-03
 -7.9804E-03
 -7.9261E-03
 -8.3445E-03
 -8.2903E-03
 -8.6932E-03
 -8.6389E-03
 -9.0263E-03
 -8.9721E-03
 -9.3440E-03
 -9.2898E-03
 -9.6462E-03
 -9.5919E-03
 -9.9329E-03
 -9.8786E-03
 -1.0204E-02
 -1.0150E-02
 -1.0460E-02
 -1.0405E-02
 -1.0700E-02
 -1.0646E-02
 -1.0925E-02
 -1.0870E-02
 -1.1134E-02
 -1.1080E-02
 -1.1327E-02
 -1.1273E-02
 -1.1506E-02
 -1.1451E-02
 -1.1668E-02
 -1.1614E-02
 -1.1816E-02
 -1.1761E-02
 -1.1947E-02
 -1.1893E-02
 -1.2064E-02
 -1.2009E-02
 -1.2164E-02
 -1.2110E-02
 -1.2249E-02
 -1.2195E-02
 -1.2319E-02
 -1.2265E-02
 -1.2373E-02
 -1.2319E-02
 -1.2412E-02
 -1.2358E-02
 -1.2435E-02
 -1.2381E-02
 -1.2443E-02
 -1.2389E-02
 -1.2435E-02
 -1.2381E-02
 -1.2412E-02
 -1.2358E-02
 -1.2373E-02
 -1.2319E-02
 -1.2319E-02
 -1.2265E-02
 -1.2249E-02
 -1.2195E-02
 -1.2164E-02
 -1.2110E-02
 -1.2064E-02
 -1.2009E-02
 -1.1947E-02
 -1.1893E-02
 -1.1816E-02
 -1.1761E-02
 -1.1668E-02
 -1.1614E-02
 -1.1506E-02
 -1.1451E-02
 -1.1327E-02
 -1.1273E-02
 -1.1134E-02
 -1.1080E-02
 -1.0925E-02
 -1.0870E-02
 -1.0700E-02
 -1.0646E-02
 -1.0460E-02
 -1.0406E-02
 -1.0204E-02
 -1.0150E-02
 -9.9329E-03
 -9.8786E-03
 -9.6462E-03
 -9.5920E-03
 -9.3440E-03
 -9.2898E-03
 -9.0263E-03
 -8.9721E-03
 -8.6932E-03
 -8.6389E-03
 -8.3445E-03
 -8.2903E-03
 -7.9804E-03
 -7.9261E-03
 -7.6007E-03
 -7.5465E-03
 -7.2056E-03
 -7.1513E-03
 -6.7950E-03
 -6.7407E-03
 -6.3689E-03
 -6.3146E-03
 -5.9273E-03
 -5.8729E-03
 -5.4703E-03
 -5.4158E-03
 -4.9978E-03
 -4.9431E-03
 -4.5098E-03
 -4.4550E-03
 -4.0063E-03
 -3.9513E-03
 -3.4871E-03
 -3.4322E-03
 -2.9518E-03
 -2.8975E-03
 -2.4001E-03
 -2.3475E-03
 -1.8309E-03
 -1.7823E-03
 -1.2426E-03
 -1.2021E-03
 -6.3265E-04
 -6.0767E-04
  0.0000E+00
  0.0000E+00
  0.0000E+00
  0.0000E+00
 -6.3805E-04
 -6.1307E-04
 -1.2532E-03
 -1.2127E-03
 -1.8461E-03
 -1.7975E-03
 -2.4188E-03
 -2.3662E-03
 -2.9727E-03
 -2.9184E-03
 -3.5092E-03
 -3.4543E-03
 -4.0291E-03
 -3.9742E-03
 -4.5330E-03
 -4.4781E-03
 -5.0211E-03
 -4.9664E-03
 -5.4936E-03
 -5.4391E-03
 -5.9506E-03
 -5.8962E-03
 -6.3922E-03
 -6.3378E-03
 -6.8182E-03
 -6.7640E-03
 -7.2288E-03
 -7.1746E-03
 -7.6240E-03
 -7.5697E-03
 -8.0036E-03
 -7.9494E-03
 -8.3678E-03
 -8.3135E-03
 -8.7164E-03
 -8.6622E-03
 -9.0496E-03
 -8.9953E-03
 -9.3673E-03
 -9.3130E-03
 -9.6694E-03
 -9.6152E-03
 -9.9561E-03
 -9.9019E-03
 -1.0227E-02
 -1.0173E-02
 -1.0483E-02
 -1.0429E-02
 -1.0723E-02
 -1.0669E-02
 -1.0948E-02
 -1.0894E-02
 -1.1157E-02
 -1.1103E-02
 -1.1351E-02
 -1.1296E-02
 -1.1529E-02
 -1.1475E-02
 -1.1692E-02
 -1.1637E-02
 -1.1839E-02
 -1.1785E-02
 -1.1971E-02
 -1.1916E-02
 -1.2087E-02
 -1.2033E-02
 -1.2187E-02
 -1.2133E-02
 -1.2273E-02
 -1.2218E-02
 -1.2342E-02
 -1.2288E-02
 -1.2397E-02
 -1.2342E-02
 -1.2435E-02
 -1.2381E-02
 -1.2459E-02
 -1.2404E-02
 -1.2466E-02
 -1.2412E-02
 -1.2459E-02
 -1.2404E-02
 -1.2435E-02
 -1.2381E-02
 -1.2397E-02
 -1.2342E-02
 -1.2342E-02
 -1.2288E-02
 -1.2273E-02
 -1.2218E-02
 -1.2187E-02
 -1.2133E-02
 -1.2087E-02
 -1.2033E-02
 -1.1971E-02
 -1.1916E-02
 -1.1839E-02
 -1.1785E-02
 -1.1692E-02
 -1.1637E-02
 -1.1529E-02
 -1.1475E-02
 -1.1351E-02
 -1.1296E-02
 -1.1157E-02
 -1.1103E-02
 -1.0948E-02
 -1.0894E-02
 -1.0723E-02
 -1.0669E-02
 -1.0483E-02
 -1.0429E-02
 -1.0227E-02
 -1.0173E-02
 -9.9561E-03
 -9.9019E-03
 -9.6694E-03
 -9.6152E-03
 -9.3673E-03
 -9.3130E-03
 -9.0496E-03
 -8.9954E-03
 -8.7164E-03
 -8.6622E-03
 -8.3678E-03
 -8.3135E-03
 -8.0036E-03
 -7.9494E-03
 -7.6240E-03
 -7.5697E-03
 -7.2289E-03
 -7.1746E-03
 -6.8183E-03
 -6.7640E-03
 -6.3922E-03
 -6.3379E-03
 -5.9506E-03
 -5.8963E-03
 -5.4936E-03
 -5.4391E-03
 -5.0211E-03
 -4.9665E-03
 -4.5330E-03
 -4.4782E-03
 -4.0292E-03
 -3.9742E-03
 -3.5093E-03
 -3.4543E-03
 -2.9727E-03
 -2.9184E-03
 -2.4188E-03
 -2.3662E-03
 -1.8461E-03
 -1.7975E-03
 -1.2532E-03
 -1.2127E-03
 -6.3804E-04
 -6.1307E-04
  0.0000E+00
  0.0000E+00
  0.0000E+00
  0.0000E+00
 -6.4912E-04
 -6.2415E-04
 -1.2746E-03
 -1.2341E-03
 -1.8752E-03
 -1.8265E-03
 -2.4526E-03
 -2.4000E-03
 -3.0093E-03
 -2.9550E-03
 -3.5472E-03
 -3.4923E-03
 -4.0678E-03
 -4.0128E-03
 -4.5719E-03
 -4.5170E-03
 -5.0600E-03
 -5.0054E-03
 -5.5325E-03
 -5.4780E-03
 -5.9895E-03
 -5.9351E-03
 -6.4310E-03
 -6.3767E-03
 -6.8570E-03
 -6.8028E-03
 -7.2676E-03
 -7.2134E-03
 -7.6627E-03
 -7.6085E-03
 -8.0423E-03
 -7.9881E-03
 -8.4065E-03
 -8.3523E-03
 -8.7552E-03
 -8.7009E-03
 -9.0883E-03
 -9.0341E-03
 -9.4060E-03
 -9.3518E-03
 -9.7082E-03
 -9.6539E-03
 -9.9949E-03
 -9.9406E-03
 -1.0266E-02
 -1.0212E-02
 -1.0522E-02
 -1.0467E-02
 -1.0762E-02
 -1.0708E-02
 -1.0987E-02
 -1.0932E-02
 -1.1196E-02
 -1.1142E-02
 -1.1389E-02
 -1.1335E-02
 -1.1568E-02
 -1.1513E-02
 -1.1730E-02
 -1.1676E-02
 -1.1878E-02
 -1.1823E-02
 -1.2009E-02
 -1.1955E-02
 -1.2126E-02
 -1.2071E-02
 -1.2226E-02
 -1.2172E-02
 -1.2311E-02
 -1.2257E-02
 -1.2381E-02
 -1.2327E-02
 -1.2435E-02
 -1.2381E-02
 -1.2474E-02
 -1.2420E-02
 -1.2497E-02
 -1.2443E-02
 -1.2505E-02
 -1.2451E-02
 -1.2497E-02
 -1.2443E-02
 -1.2474E-02
 -1.2420E-02
 -1.2435E-02
 -1.2381E-02
 -1.2381E-02
 -1.2327E-02
 -1.2311E-02
 -1.2257E-02
 -1.2226E-02
 -1.2172E-02
 -1.2126E-02
 -1.2071E-02
 -1.2009E-02
 -1.1955E-02
 -1.1878E-02
 -1.1823E-02
 -1.1730E-02
 -1.1676E-02
 -1.1568E-02
 -1.1513E-02
 -1.1389E-02
 -1.1335E-02
 -1.1196E-02
 -1.1142E-02
 -1.0987E-02
 -1.0932E-02
 -1.0762E-02
 -1.0708E-02
 -1.0522E-02
 -1.0467E-02
 -1.0266E-02
 -1.0212E-02
 -9.9949E-03
 -9.9406E-03
 -9.7082E-03
 -9.6539E-03
 -9.4060E-03
 -9.3518E-03
 -9.0883E-03
 -9.0341E-03
 -8.7552E-03
 -8.7009E-03
 -8.4065E-03
 -8.3523E-03
 -8.0424E-03
 -7.9881E-03
 -7.6627E-03
 -7.6085E-03
 -7.2676E-03
 -7.2134E-03
 -6.8570E-03
 -6.8028E-03
 -6.4310E-03
 -6.3767E-03
 -5.9895E-03
 -5.9351E-03
 -5.5326E-03
 -5.4781E-03
 -5.0601E-03
 -5.0054E-03
 -4.5719E-03
 -4.5171E-03
 -4.0678E-03
 -4.0129E-03
 -3.5473E-03
 -3.4923E-03
 -3.0093E-03
 -2.9550E-03
 -2.4526E-03
 -2.4000E-03
 -1.8751E-03
 -1.8265E-03
 -1.2746E-03
 -1.2341E-03
 -6.4911E-04
 -6.2414E-04
  0.0000E+00
  0.0000E+00
  0.0000E+00
  0.0000E+00
 -6.7410E-04
 -6.4912E-04
 -1.3151E-03
 -1.2746E-03
 -1.9238E-03
 -1.8752E-03
 -2.5052E-03
 -2.4526E-03
 -3.0636E-03
 -3.0093E-03
 -3.6021E-03
 -3.5472E-03
 -4.1227E-03
 -4.0678E-03
 -4.6267E-03
 -4.5719E-03
 -5.1147E-03
 -5.0600E-03
 -5.5870E-03
 -5.5325E-03
 -6.0439E-03
 -5.9895E-03
 -6.4853E-03
 -6.4310E-03
 -6.9113E-03
 -6.8570E-03
 -7.3218E-03
 -7.2676E-03
 -7.7169E-03
 -7.6627E-03
 -8.0966E-03
 -8.0423E-03
 -8.4607E-03
 -8.4065E-03
 -8.8094E-03
 -8.7552E-03
 -9.1426E-03
 -9.0883E-03
 -9.4602E-03
 -9.4060E-03
 -9.7624E-03
 -9.7082E-03
 -1.0049E-02
 -9.9949E-03
 -1.0320E-02
 -1.0266E-02
 -1.0576E-02
 -1.0522E-02
 -1.0816E-02
 -1.0762E-02
 -1.1041E-02
 -1.0987E-02
 -1.1250E-02
 -1.1196E-02
 -1.1444E-02
 -1.1389E-02
 -1.1622E-02
 -1.1568E-02
 -1.1785E-02
 -1.1730E-02
 -1.1932E-02
 -1.1878E-02
 -1.2064E-02
 -1.2009E-02
 -1.2180E-02
 -1.2126E-02
 -1.2280E-02
 -1.2226E-02
 -1.2366E-02
 -1.2311E-02
 -1.2435E-02
 -1.2381E-02
 -1.2490E-02
 -1.2435E-02
 -1.2528E-02
 -1.2474E-02
 -1.2552E-02
 -1.2497E-02
 -1.2559E-02
 -1.2505E-02
 -1.2552E-02
 -1.2497E-02
 -1.2528E-02
 -1.2474E-02
 -1.2490E-02
 -1.2435E-02
 -1.2435E-02
 -1.2381E-02
 -1.2366E-02
 -1.2311E-02
 -1.2280E-02
 -1.2226E-02
 -1.2180E-02
 -1.2126E-02
 -1.2064E-02
 -1.2009E-02
 -1.1932E-02
 -1.1878E-02
 -1.1785E-02
 -1.1730E-02
 -1.1622E-02
 -1.1568E-02
 -1.1444E-02
 -1.1389E-02
 -1.1250E-02
 -1.1196E-02
 -1.1041E-02
 -1.0987E-02
 -1.0816E-02
 -1.0762E-02
 -1.0576E-02
 -1.0522E-02
 -1.0320E-02
 -1.0266E-02
 -1.0049E-02
 -9.9949E-03
 -9.7624E-03
 -9.7082E-03
 -9.4602E-03
 -9.4060E-03
 -9.1426E-03
 -9.0883E-03
 -8.8094E-03
 -8.7552E-03
 -8.4607E-03
 -8.4065E-03
 -8.0966E-03
 -8.0424E-03
 -7.7170E-03
 -7.6627E-03
 -7.3219E-03
 -7.2676E-03
 -6.9113E-03
 -6.8570E-03
 -6.4853E-03
 -6.4310E-03
 -6.0439E-03
 -5.9895E-03
 -5.5871E-03
 -5.5326E-03
 -5.1147E-03
 -5.0601E-03
 -4.6268E-03
 -4.5719E-03
 -4.1228E-03
 -4.0678E-03
 -3.6022E-03
 -3.5473E-03
 -3.0636E-03
 -3.0093E-03
 -2.5052E-03
 -2.4526E-03
 -1.9237E-03
 -1.8751E-03
 -1.3151E-03
 -1.2746E-03
 -6.7409E-04
 -6.4911E-04
  0.0000E+00
  0.0000E+00
  0.0000E+00
  0.0000E+00
 -6.3805E-04
 -6.1307E-04
 -1.2532E-03
 -1.2127E-03
 -1.8461E-03
 -1.7975E-03
 -2.4188E-03
 -2.3662E-03
 -2.9727E-03
 -2.9184E-03
 -3.5092E-03
 -3.4543E-03
 -4.0291E-03
 -3.9742E-03
 -4.5330E-03
 -4.4781E-03
 -5.0211E-03
 -4.9664E-03
 -5.4936E-03
 -5.4391E-03
 -5.9506E-03
 -5.8962E-03
 -6.3922E-03
 -6.3378E-03
 -6.8182E-03
 -6.7640E-03
 -7.2288E-03
 -7.1746E-03
 -7.6240E-03
 -7.5697E-03
 -8.0036E-03
 -7.9494E-03
 -8.3678E-03
 -8.3135E-03
 -8.7164E-03
 -8.6622E-03
 -9.0496E-03
 -8.9953E-03
 -9.3673E-03
 -9.3130E-03
 -9.6694E-03
 -9.6152E-03
 -9.9561E-03
 -9.9019E-03
 -1.0227E-02
 -1.0173E-02
 -1.0483E-02
 -1.0429E-02
 -1.0723E-02
 -1.0669E-02
 -1.0948E-02
 -1.0894E-02
 -1.1157E-02
 -1.1103E-02
 -1.1351E-02
 -1.1296E-02
 -1.1529E-02
 -1.1475E-02
 -1.1692E-02
 -1.1637E-02
 -1.1839E-02
 -1.1785E-02
 -1.1971E-02
 -1.1916E-02
 -1.2087E-02
 -1.2033E-02
 -1.2187E-02
 -1.2133E-02
 -1.2273E-02
 -1.2218E-02
 -1.2342E-02
 -1.2288E-02
 -1.2397E-02
 -1.2342E-02
 -1.2435E-02
 -1.2381E-02
 -1.2459E-02
 -1.2404E-02
 -1.2466E-02
 -1.2412E-02
 -1.2459E-02
 -1.2404E-02
 -1.2435E-02
 -1.2381E-02
 -1.2397E-02
 -1.2342E-02
 -1.2342E-02
 -1.2288E-02
 -1.2273E-02
 -1.2218E-02
 -1.2187E-02
 -1.2133E-02
 -1.2087E-02
 -1.2033E-02
 -1.1971E-02
 -1.1916E-02
 -1.1839E-02
 -1.1785E-02
 -1.1692E-02
 -1.1637E-02
 -1.1529E-02
 -1.1475E-02
 -1.1351E-02
 -1.1296E-02
 -1.1157E-02
 -1.1103E-02
 -1.0948E-02
 -1.0894E-02
 -1.0723E-02
 -1.0669E-02
 -1.0483E-02
 -1.0429E-02
 -1.0227E-02
 -1.0173E-02
 -9.9561E-03
 -9.9019E-03
 -9.6694E-03
 -9.6152E-03
 -9.3673E-03
 -9.3130E-03
 -9.0496E-03
 -8.9954E-03
 -8.7164E-03
 -8.6622E-03
 -8.3678E-03
 -8.3135E-03
 -8.0036E-03
 -7.9494E-03
 -7.6240E-03
 -7.5697E-03
 -7.2289E-03
 -7.1746E-03
 -6.8183E-03
 -6.7640E-03
 -6.3922E-03
 -6.3379E-03
 -5.9506E-03
 -5.8963E-03
 -5.4936E-03
 -5.4391E-03
 -5.0211E-03
 -4.9665E-03
 -4.5330E-03
 -4.4782E-03
 -4.0292E-03
 -3.9742E-03
 -3.5093E-03
 -3.4543E-03
 -2.9727E-03
 -2.9184E-03
 -2.4188E-03
 -2.3662E-03
 -1.8461E-03
 -1.7975E-03
 -1.2532E-03
 -1.2127E-03
 -6.3804E-04
 -6.1307E-04
  0.0000E+00
  0.0000E+00
  0.0000E+00
 -6.0200E-04
 -1.1913E-03
 -1.7685E-03
 -2.3324E-03
 -2.8818E-03
 -3.4163E-03
 -3.9355E-03
 -4.4392E-03
 -4.9275E-03
 -5.4002E-03
 -5.8573E-03
 -6.2990E-03
 -6.7252E-03
 -7.1358E-03
 -7.5310E-03
 -7.9106E-03
 -8.2748E-03
 -8.6234E-03
 -8.9566E-03
 -9.2743E-03
 -9.5765E-03
 -9.8631E-03
 -1.0134E-02
 -1.0390E-02
 -1.0630E-02
 -1.0855E-02
 -1.1064E-02
 -1.1258E-02
 -1.1436E-02
 -1.1599E-02
 -1.1746E-02
 -1.1878E-02
 -1.1994E-02
 -1.2095E-02
 -1.2180E-02
 -1.2249E-02
 -1.2304E-02
 -1.2342E-02
 -1.2366E-02
 -1.2373E-02
 -1.2366E-02
 -1.2342E-02
 -1.2304E-02
 -1.2249E-02
 -1.2180E-02
 -1.2095E-02
 -1.1994E-02
 -1.1878E-02
 -1.1746E-02
 -1.1599E-02
 -1.1436E-02
 -1.1258E-02
 -1.1064E-02
 -1.0855E-02
 -1.0630E-02
 -1.0390E-02
 -1.0134E-02
 -9.8631E-03
 -9.5765E-03
 -9.2743E-03
 -8.9566E-03
 -8.6235E-03
 -8.2748E-03
 -7.9106E-03
 -7.5310E-03
 -7.1358E-03
 -6.7252E-03
 -6.2990E-03
 -5.8574E-03
 -5.4002E-03
 -4.9275E-03
 -4.4393E-03
 -3.9355E-03
 -3.4163E-03
 -2.8819E-03
 -2.3324E-03
 -1.7685E-03
 -1.1913E-03
 -6.0200E-04
  0.0000E+00
  0.0000E+00
 -5.9660E-04
 -1.1807E-03
 -1.7532E-03
 -2.3137E-03
 -2.8609E-03
 -3.3941E-03
 -3.9126E-03
 -4.4160E-03
 -4.9041E-03
 -5.3768E-03
 -5.8340E-03
 -6.2757E-03
 -6.7019E-03
 -7.1126E-03
 -7.5077E-03
 -7.8874E-03
 -8.2515E-03
 -8.6002E-03
 -8.9334E-03
 -9.2510E-03
 -9.5532E-03
 -9.8399E-03
 -1.0111E-02
 -1.0367E-02
 -1.0607E-02
 -1.0832E-02
 -1.1041E-02
 -1.1234E-02
 -1.1413E-02
 -1.1575E-02
 -1.1723E-02
 -1.1854E-02
 -1.1971E-02
 -1.2071E-02
 -1.2157E-02
 -1.2226E-02
 -1.2280E-02
 -1.2319E-02
 -1.2342E-02
 -1.2350E-02
 -1.2342E-02
 -1.2319E-02
 -1.2280E-02
 -1.2226E-02
 -1.2157E-02
 -1.2071E-02
 -1.1971E-02
 -1.1854E-02
 -1.1723E-02
 -1.1575E-02
 -1.1413E-02
 -1.1235E-02
 -1.1041E-02
 -1.0832E-02
 -1.0607E-02
 -1.0367E-02
 -1.0111E-02
 -9.8399E-03
 -9.5532E-03
 -9.2510E-03
 -8.9334E-03
 -8.6002E-03
 -8.2516E-03
 -7.8874E-03
 -7.5077E-03
 -7.1126E-03
 -6.7019E-03
 -6.2757E-03
 -5.8340E-03
 -5.3769E-03
 -4.9042E-03
 -4.4161E-03
 -3.9127E-03
 -3.3942E-03
 -2.8610E-03
 -2.3137E-03
 -1.7532E-03
 -1.1807E-03
 -5.9660E-04
  0.0000E+00
  0.0000E+00
 -5.9496E-04
 -1.1774E-03
 -1.7485E-03
 -2.3077E-03
 -2.8542E-03
 -3.3868E-03
 -3.9051E-03
 -4.4083E-03
 -4.8964E-03
 -5.3690E-03
 -5.8262E-03
 -6.2679E-03
 -6.6941E-03
 -7.1048E-03
 -7.5000E-03
 -7.8796E-03
 -8.2438E-03
 -8.5924E-03
 -8.9256E-03
 -9.2433E-03
 -9.5455E-03
 -9.8321E-03
 -1.0103E-02
 -1.0359E-02
 -1.0599E-02
 -1.0824E-02
 -1.1033E-02
 -1.1227E-02
 -1.1405E-02
 -1.1568E-02
 -1.1715E-02
 -1.1847E-02
 -1.1963E-02
 -1.2064E-02
 -1.2149E-02
 -1.2218E-02
 -1.2273E-02
 -1.2311E-02
 -1.2335E-02
 -1.2342E-02
 -1.2335E-02
 -1.2311E-02
 -1.2273E-02
 -1.2218E-02
 -1.2149E-02
 -1.2064E-02
 -1.1963E-02
 -1.1847E-02
 -1.1715E-02
 -1.1568E-02
 -1.1405E-02
 -1.1227E-02
 -1.1033E-02
 -1.0824E-02
 -1.0599E-02
 -1.0359E-02
 -1.0103E-02
 -9.8321E-03
 -9.5455E-03
 -9.2433E-03
 -8.9256E-03
 -8.5925E-03
 -8.2438E-03
 -7.8796E-03
 -7.5000E-03
 -7.1048E-03
 -6.6941E-03
 -6.2680E-03
 -5.8263E-03
 -5.3691E-03
 -4.8964E-03
 -4.4084E-03
 -3.9051E-03
 -3.3869E-03
 -2.8542E-03
 -2.3077E-03
 -1.7485E-03
 -1.1774E-03
 -5.9496E-04
  0.0000E+00
  0.0000E+00
 -5.9660E-04
 -1.1807E-03
 -1.7532E-03
 -2.3137E-03
 -2.8609E-03
 -3.3941E-03
 -3.9126E-03
 -4.4160E-03
 -4.9041E-03
 -5.3768E-03
 -5.8340E-03
 -6.2757E-03
 -6.7019E-03
 -7.1126E-03
 -7.5077E-03
 -7.8874E-03
 -8.2515E-03
 -8.6002E-03
 -8.9334E-03
 -9.2510E-03
 -9.5532E-03
 -9.8399E-03
 -1.0111E-02
 -1.0367E-02
 -1.0607E-02
 -1.0832E-02
 -1.1041E-02
 -1.1234E-02
 -1.1413E-02
 -1.1575E-02
 -1.1723E-02
 -1.1854E-02
 -1.1971E-02
 -1.2071E-02
 -1.2157E-02
 -1.2226E-02
 -1.2280E-02
 -1.2319E-02
 -1.2342E-02
 -1.2350E-02
 -1.2342E-02
 -1.2319E-02
 -1.2280E-02
 -1.2226E-02
 -1.2157E-02
 -1.2071E-02
 -1.1971E-02
 -1.1854E-02
 -1.1723E-02
 -1.1575E-02
 -1.1413E-02
 -1.1235E-02
 -1.1041E-02
 -1.0832E-02
 -1.0607E-02
 -1.0367E-02
 -1.0111E-02
 -9.8399E-03
 -9.5532E-03
 -9.2510E-03
 -8.9334E-03
 -8.6002E-03
 -8.2516E-03
 -7.8874E-03
 -7.5077E-03
 -7.1126E-03
 -6.7019E-03
 -6.2757E-03
 -5.8340E-03
 -5.3769E-03
 -4.9042E-03
 -4.4161E-03
 -3.9127E-03
 -3.3942E-03
 -2.8610E-03
 -2.3137E-03
 -1.7532E-03
 -1.1807E-03
 -5.9660E-04
  0.0000E+00
  0.0000E+00
 -6.0200E-04
 -1.1913E-03
 -1.7685E-03
 -2.3324E-03
 -2.8818E-03
 -3.4163E-03
 -3.9355E-03
 -4.4392E-03
 -4.9275E-03
 -5.4002E-03
 -5.8573E-03
 -6.2990E-03
 -6.7252E-03
 -7.1358E-03
 -7.5310E-03
 -7.9106E-03
 -8.2748E-03
 -8.6234E-03
 -8.9566E-03
 -9.2743E-03
 -9.5765E-03
 -9.8631E-03
 -1.0134E-02
 -1.0390E-02
 -1.0630E-02
 -1.0855E-02
 -1.1064E-02
 -1.1258E-02
 -1.1436E-02
 -1.1599E-02
 -1.1746E-02
 -1.1878E-02
 -1.1994E-02
 -1.2095E-02
 -1.2180E-02
 -1.2249E-02
 -1.2304E-02
 -1.2342E-02
 -1.2366E-02
 -1.2373E-02
 -1.2366E-02
 -1.2342E-02
 -1.2304E-02
 -1.2249E-02
 -1.2180E-02
 -1.2095E-02
 -1.1994E-02
 -1.1878E-02
 -1.1746E-02
 -1.1599E-02
 -1.1436E-02
 -1.1258E-02
 -1.1064E-02
 -1.0855E-02
 -1.0630E-02
 -1.0390E-02
 -1.0134E-02
 -9.8631E-03
 -9.5765E-03
 -9.2743E-03
 -8.9566E-03
 -8.6235E-03
 -8.2748E-03
 -7.9106E-03
 -7.5310E-03
 -7.1358E-03
 -6.7252E-03
 -6.2990E-03
 -5.8574E-03
 -5.4002E-03
 -4.9275E-03
 -4.4393E-03
 -3.9355E-03
 -3.4163E-03
 -2.8819E-03
 -2.3324E-03
 -1.7685E-03
 -1.1913E-03
 -6.0200E-04
  0.0000E+00
  0.0000E+00
 -6.1307E-04
 -1.2127E-03
 -1.7975E-03
 -2.3662E-03
 -2.9184E-03
 -3.4543E-03
 -3.9742E-03
 -4.4781E-03
 -4.9664E-03
 -5.4391E-03
 -5.8962E-03
 -6.3378E-03
 -6.7640E-03
 -7.1746E-03
 -7.5697E-03
 -7.9494E-03
 -8.3135E-03
 -8.6622E-03
 -8.9953E-03
 -9.3130E-03
 -9.6152E-03
 -9.9019E-03
 -1.0173E-02
 -1.0429E-02
 -1.0669E-02
 -1.0894E-02
 -1.1103E-02
 -1.1296E-02
 -1.1475E-02
 -1.1637E-02
 -1.1785E-02
 -1.1916E-02
 -1.2033E-02
 -1.2133E-02
 -1.2218E-02
 -1.2288E-02
 -1.2342E-02
 -1.2381E-02
 -1.2404E-02
 -1.2412E-02
 -1.2404E-02
 -1.2381E-02
 -1.2342E-02
 -1.2288E-02
 -1.2218E-02
 -1.2133E-02
 -1.2033E-02
 -1.1916E-02
 -1.1785E-02
 -1.1637E-02
 -1.1475E-02
 -1.1296E-02
 -1.1103E-02
 -1.0894E-02
 -1.0669E-02
 -1.0429E-02
 -1.0173E-02
 -9.9019E-03
 -9.6152E-03
 -9.3130E-03
 -8.9954E-03
 -8.6622E-03
 -8.3135E-03
 -7.9494E-03
 -7.5697E-03
 -7.1746E-03
 -6.7640E-03
 -6.3379E-03
 -5.8963E-03
 -5.4391E-03
 -4.9665E-03
 -4.4782E-03
 -3.9742E-03
 -3.4543E-03
 -2.9184E-03
 -2.3662E-03
 -1.7975E-03
 -1.2127E-03
 -6.1307E-04
  0.0000E+00
  0.0000E+00
 -6.3805E-04
 -1.2532E-03
 -1.8461E-03
 -2.4188E-03
 -2.9727E-03
 -3.5092E-03
 -4.0291E-03
 -4.5330E-03
 -5.0211E-03
 -5.4936E-03
 -5.9506E-03
 -6.3922E-03
 -6.8182E-03
 -7.2288E-03
 -7.6240E-03
 -8.0036E-03
 -8.3678E-03
 -8.7164E-03
 -9.0496E-03
 -9.3673E-03
 -9.6694E-03
 -9.9561E-03
 -1.0227E-02
 -1.0483E-02
 -1.0723E-02
 -1.0948E-02
 -1.1157E-02
 -1.1351E-02
 -1.1529E-02
 -1.1692E-02
 -1.1839E-02
 -1.1971E-02
 -1.2087E-02
 -1.2187E-02
 -1.2273E-02
 -1.2342E-02
 -1.2397E-02
 -1.2435E-02
 -1.2459E-02
 -1.2466E-02
 -1.2459E-02
 -1.2435E-02
 -1.2397E-02
 -1.2342E-02
 -1.2273E-02
 -1.2187E-02
 -1.2087E-02
 -1.1971E-02
 -1.1839E-02
 -1.1692E-02
 -1.1529E-02
 -1.1351E-02
 -1.1157E-02
 -1.0948E-02
 -1.0723E-02
 -1.0483E-02
 -1.0227E-02
 -9.9561E-03
 -9.6694E-03
 -9.3673E-03
 -9.0496E-03
 -8.7164E-03
 -8.3678E-03
 -8.0036E-03
 -7.6240E-03
 -7.2289E-03
 -6.8183E-03
 -6.3922E-03
 -5.9506E-03
 -5.4936E-03
 -5.0211E-03
 -4.5330E-03
 -4.0292E-03
 -3.5093E-03
 -2.9727E-03
 -2.4188E-03
 -1.8461E-03
 -1.2532E-03
 -6.3804E-04
  0.0000E+00
  0.0000E+00
  0.0000E+00
 -6.3265E-04
 -6.0768E-04
 -1.2426E-03
 -1.2021E-03
 -1.8309E-03
 -1.7823E-03
 -2.4001E-03
 -2.3475E-03
 -2.9518E-03
 -2.8975E-03
 -3.4870E-03
 -3.4321E-03
 -4.0062E-03
 -3.9513E-03
 -4.5098E-03
 -4.4549E-03
 -4.9977E-03
 -4.9431E-03
 -5.4702E-03
 -5.4158E-03
 -5.9273E-03
 -5.8729E-03
 -6.3688E-03
 -6.3145E-03
 -6.7949E-03
 -6.7407E-03
 -7.2056E-03
 -7.1513E-03
 -7.6007E-03
 -7.5465E-03
 -7.9804E-03
 -7.9261E-03
 -8.3445E-03
 -8.2903E-03
 -8.6932E-03
 -8.6389E-03
 -9.0263E-03
 -8.9721E-03
 -9.3440E-03
 -9.2898E-03
 -9.6462E-03
 -9.5919E-03
 -9.9329E-03
 -9.8786E-03
 -1.0204E-02
 -1.0150E-02
 -1.0460E-02
 -1.0405E-02
 -1.0700E-02
 -1.0646E-02
 -1.0925E-02
 -1.0870E-02
 -1.1134E-02
 -1.1080E-02
 -1.1327E-02
 -1.1273E-02
 -1.1506E-02
 -1.1451E-02
 -1.1668E-02
 -1.1614E-02
 -1.1816E-02
 -1.1761E-02
 -1.1947E-02
 -1.1893E-02
 -1.2064E-02
 -1.2009E-02
 -1.2164E-02
 -1.2110E-02
 -1.2249E-02
 -1.2195E-02
 -1.2319E-02
 -1.2265E-02
 -1.2373E-02
 -1.2319E-02
 -1.2412E-02
 -1.2358E-02
 -1.2435E-02
 -1.2381E-02
 -1.2443E-02
 -1.2389E-02
 -1.2435E-02
 -1.2381E-02
 -1.2412E-02
 -1.2358E-02
 -1.2373E-02
 -1.2319E-02
 -1.2319E-02
 -1.2265E-02
 -1.2249E-02
 -1.2195E-02
 -1.2164E-02
 -1.2110E-02
 -1.2064E-02
 -1.2009E-02
 -1.1947E-02
 -1.1893E-02
 -1.1816E-02
 -1.1761E-02
 -1.1668E-02
 -1.1614E-02
 -1.1506E-02
 -1.1451E-02
 -1.1327E-02
 -1.1273E-02
 -1.1134E-02
 -1.1080E-02
 -1.0925E-02
 -1.0870E-02
 -1.0700E-02
 -1.0646E-02
 -1.0460E-02
 -1.0406E-02
 -1.0204E-02
 -1.0150E-02
 -9.9329E-03
 -9.8786E-03
 -9.6462E-03
 -9.5920E-03
 -9.3440E-03
 -9.2898E-03
 -9.0263E-03
 -8.9721E-03
 -8.6932E-03
 -8.6389E-03
 -8.3445E-03
 -8.2903E-03
 -7.9804E-03
 -7.9261E-03
 -7.6007E-03
 -7.5465E-03
 -7.2056E-03
 -7.1513E-03
 -6.7950E-03
 -6.7407E-03
 -6.3689E-03
 -6.3146E-03
 -5.9273E-03
 -5.8729E-03
 -5.4703E-03
 -5.4158E-03
 -4.9978E-03
 -4.9431E-03
 -4.5098E-03
 -4.4550E-03
 -4.0063E-03
 -3.9513E-03
 -3.4871E-03
 -3.4322E-03
 -2.9518E-03
 -2.8975E-03
 -2.4001E-03
 -2.3475E-03
 -1.8309E-03
 -1.7823E-03
 -1.2426E-03
 -1.2021E-03
 -6.3265E-04
 -6.0767E-04
  0.0000E+00
  0.0000E+00
  0.0000E+00
 -5.9660E-04
 -1.1807E-03
 -1.7532E-03
 -2.3137E-03
 -2.8609E-03
 -3.3941E-03
 -3.9126E-03
 -4.4160E-03
 -4.9041E-03
 -5.3768E-03
 -5.8340E-03
 -6.2757E-03
 -6.7019E-03
 -7.1126E-03
 -7.5077E-03
 -7.8874E-03
 -8.2515E-03
 -8.6002E-03
 -8.9334E-03
 -9.2510E-03
 -9.5532E-03
 -9.8399E-03
 -1.0111E-02
 -1.0367E-02
 -1.0607E-02
 -1.0832E-02
 -1.1041E-02
 -1.1234E-02
 -1.1413E-02
 -1.1575E-02
 -1.1723E-02
 -1.1854E-02
 -1.1971E-02
 -1.2071E-02
 -1.2157E-02
 -1.2226E-02
 -1.2280E-02
 -1.2319E-02
 -1.2342E-02
 -1.2350E-02
 -1.2342E-02
 -1.2319E-02
 -1.2280E-02
 -1.2226E-02
 -1.2157E-02
 -1.2071E-02
 -1.1971E-02
 -1.1854E-02
 -1.1723E-02
 -1.1575E-02
 -1.1413E-02
 -1.1235E-02
 -1.1041E-02
 -1.0832E-02
 -1.0607E-02
 -1.0367E-02
 -1.0111E-02
 -9.8399E-03
 -9.5532E-03
 -9.2510E-03
 -8.9334E-03
 -8.6002E-03
 -8.2516E-03
 -7.8874E-03
 -7.5077E-03
 -7.1126E-03
 -6.7019E-03
 -6.2757E-03
 -5.8340E-03
 -5.3769E-03
 -4.9042E-03
 -4.4161E-03
 -3.9127E-03
 -3.3942E-03
 -2.8610E-03
 -2.3137E-03
 -1.7532E-03
 -1.1807E-03
 -5.9660E-04
  0.0000E+00
  0.0000E+00
 -5.9121E-04
 -1.1700E-03
 -1.7380E-03
 -2.2950E-03
 -2.8401E-03
 -3.3719E-03
 -3.8897E-03
 -4.3928E-03
 -4.8808E-03
 -5.3535E-03
 -5.8107E-03
 -6.2524E-03
 -6.6786E-03
 -7.0893E-03
 -7.4845E-03
 -7.8641E-03
 -8.2283E-03
 -8.5770E-03
 -8.9101E-03
 -9.2278E-03
 -9.5300E-03
 -9.8166E-03
 -1.0088E-02
 -1.0343E-02
 -1.0584E-02
 -1.0808E-02
 -1.1018E-02
 -1.1211E-02
 -1.1389E-02
 -1.1552E-02
 -1.1699E-02
 -1.1831E-02
 -1.1947E-02
 -1.2048E-02
 -1.2133E-02
 -1.2203E-02
 -1.2257E-02
 -1.2296E-02
 -1.2319E-02
 -1.2327E-02
 -1.2319E-02
 -1.2296E-02
 -1.2257E-02
 -1.2203E-02
 -1.2133E-02
 -1.2048E-02
 -1.1947E-02
 -1.1831E-02
 -1.1699E-02
 -1.1552E-02
 -1.1389E-02
 -1.1211E-02
 -1.1018E-02
 -1.0808E-02
 -1.0584E-02
 -1.0344E-02
 -1.0088E-02
 -9.8166E-03
 -9.5300E-03
 -9.2278E-03
 -8.9101E-03
 -8.5770E-03
 -8.2283E-03
 -7.8641E-03
 -7.4845E-03
 -7.0893E-03
 -6.6786E-03
 -6.2524E-03
 -5.8107E-03
 -5.3535E-03
 -4.8809E-03
 -4.3929E-03
 -3.8898E-03
 -3.3720E-03
 -2.8401E-03
 -2.2950E-03
 -1.7380E-03
 -1.1700E-03
 -5.9121E-04
  0.0000E+00
  0.0000E+00
 -5.8957E-04
 -1.1667E-03
 -1.7332E-03
 -2.2891E-03
 -2.8333E-03
 -3.3647E-03
 -3.8822E-03
 -4.3851E-03
 -4.8731E-03
 -5.3457E-03
 -5.8029E-03
 -6.2446E-03
 -6.6708E-03
 -7.0815E-03
 -7.4767E-03
 -7.8564E-03
 -8.2205E-03
 -8.5692E-03
 -8.9024E-03
 -9.2200E-03
 -9.5222E-03
 -9.8089E-03
 -1.0080E-02
 -1.0336E-02
 -1.0576E-02
 -1.0801E-02
 -1.1010E-02
 -1.1204E-02
 -1.1382E-02
 -1.1544E-02
 -1.1692E-02
 -1.1823E-02
 -1.1940E-02
 -1.2040E-02
 -1.2126E-02
 -1.2195E-02
 -1.2249E-02
 -1.2288E-02
 -1.2311E-02
 -1.2319E-02
 -1.2311E-02
 -1.2288E-02
 -1.2249E-02
 -1.2195E-02
 -1.2126E-02
 -1.2040E-02
 -1.1940E-02
 -1.1823E-02
 -1.1692E-02
 -1.1544E-02
 -1.1382E-02
 -1.1204E-02
 -1.1010E-02
 -1.0801E-02
 -1.0576E-02
 -1.0336E-02
 -1.0080E-02
 -9.8089E-03
 -9.5222E-03
 -9.2201E-03
 -8.9024E-03
 -8.5692E-03
 -8.2206E-03
 -7.8564E-03
 -7.4767E-03
 -7.0816E-03
 -6.6709E-03
 -6.2447E-03
 -5.8029E-03
 -5.3457E-03
 -4.8731E-03
 -4.3852E-03
 -3.8822E-03
 -3.3647E-03
 -2.8333E-03
 -2.2891E-03
 -1.7332E-03
 -1.1667E-03
 -5.8957E-04
  0.0000E+00
  0.0000E+00
 -5.9121E-04
 -1.1700E-03
 -1.7380E-03
 -2.2950E-03
 -2.8401E-03
 -3.3719E-03
 -3.8897E-03
 -4.3928E-03
 -4.8808E-03
 -5.3535E-03
 -5.8107E-03
 -6.2524E-03
 -6.6786E-03
 -7.0893E-03
 -7.4845E-03
 -7.8641E-03
 -8.2283E-03
 -8.5770E-03
 -8.9101E-03
 -9.2278E-03
 -9.5300E-03
 -9.8166E-03
 -1.0088E-02
 -1.0343E-02
 -1.0584E-02
 -1.0808E-02
 -1.1018E-02
 -1.1211E-02
 -1.1389E-02
 -1.1552E-02
 -1.1699E-02
 -1.1831E-02
 -1.1947E-02
 -1.2048E-02
 -1.2133E-02
 -1.2203E-02
 -1.2257E-02
 -1.2296E-02
 -1.2319E-02
 -1.2327E-02
 -1.2319E-02
 -1.2296E-02
 -1.2257E-02
 -1.2203E-02
 -1.2133E-02
 -1.2048E-02
 -1.1947E-02
 -1.1831E-02
 -1.1699E-02
 -1.1552E-02
 -1.1389E-02
 -1.1211E-02
 -1.1018E-02
 -1.0808E-02
 -1.0584E-02
 -1.0344E-02
 -1.0088E-02
 -9.8166E-03
 -9.5300E-03
 -9.2278E-03
 -8.9101E-03
 -8.5770E-03
 -8.2283E-03
 -7.8641E-03
 -7.4845E-03
 -7.0893E-03
 -6.6786E-03
 -6.2524E-03
 -5.8107E-03
 -5.3535E-03
 -4.8809E-03
 -4.3929E-03
 -3.8898E-03
 -3.3720E-03
 -2.8401E-03
 -2.2950E-03
 -1.7380E-03
 -1.1700E-03
 -5.9121E-04
  0.0000E+00
  0.0000E+00
 -5.9660E-04
 -1.1807E-03
 -1.7532E-03
 -2.3137E-03
 -2.8609E-03
 -3.3941E-03
 -3.9126E-03
 -4.4160E-03
 -4.9041E-03
 -5.3768E-03
 -5.8340E-03
 -6.2757E-03
 -6.7019E-03
 -7.1126E-03
 -7.5077E-03
 -7.8874E-03
 -8.2515E-03
 -8.6002E-03
 -8.9334E-03
 -9.2510E-03
 -9.5532E-03
 -9.8399E-03
 -1.0111E-02
 -1.0367E-02
 -1.0607E-02
 -1.0832E-02
 -1.1041E-02
 -1.1234E-02
 -1.1413E-02
 -1.1575E-02
 -1.1723E-02
 -1.1854E-02
 -1.1971E-02
 -1.2071E-02
 -1.2157E-02
 -1.2226E-02
 -1.2280E-02
 -1.2319E-02
 -1.2342E-02
 -1.2350E-02
 -1.2342E-02
 -1.2319E-02
 -1.2280E-02
 -1.2226E-02
 -1.2157E-02
 -1.2071E-02
 -1.1971E-02
 -1.1854E-02
 -1.1723E-02
 -1.1575E-02
 -1.1413E-02
 -1.1235E-02
 -1.1041E-02
 -1.0832E-02
 -1.0607E-02
 -1.0367E-02
 -1.0111E-02
 -9.8399E-03
 -9.5532E-03
 -9.2510E-03
 -8.9334E-03
 -8.6002E-03
 -8.2516E-03
 -7.8874E-03
 -7.5077E-03
 -7.1126E-03
 -6.7019E-03
 -6.2757E-03
 -5.8340E-03
 -5.3769E-03
 -4.9042E-03
 -4.4161E-03
 -3.9127E-03
 -3.3942E-03
 -2.8610E-03
 -2.3137E-03
 -1.7532E-03
 -1.1807E-03
 -5.9660E-04
  0.0000E+00
  0.0000E+00
 -6.0768E-04
 -1.2021E-03
 -1.7823E-03
 -2.3475E-03
 -2.8975E-03
 -3.4321E-03
 -3.9513E-03
 -4.4549E-03
 -4.9431E-03
 -5.4158E-03
 -5.8729E-03
 -6.3145E-03
 -6.7407E-03
 -7.1513E-03
 -7.5465E-03
 -7.9261E-03
 -8.2903E-03
 -8.6389E-03
 -8.9721E-03
 -9.2898E-03
 -9.5919E-03
 -9.8786E-03
 -1.0150E-02
 -1.0405E-02
 -1.0646E-02
 -1.0870E-02
 -1.1080E-02
 -1.1273E-02
 -1.1451E-02
 -1.1614E-02
 -1.1761E-02
 -1.1893E-02
 -1.2009E-02
 -1.2110E-02
 -1.2195E-02
 -1.2265E-02
 -1.2319E-02
 -1.2358E-02
 -1.2381E-02
 -1.2389E-02
 -1.2381E-02
 -1.2358E-02
 -1.2319E-02
 -1.2265E-02
 -1.2195E-02
 -1.2110E-02
 -1.2009E-02
 -1.1893E-02
 -1.1761E-02
 -1.1614E-02
 -1.1451E-02
 -1.1273E-02
 -1.1080E-02
 -1.0870E-02
 -1.0646E-02
 -1.0406E-02
 -1.0150E-02
 -9.8786E-03
 -9.5920E-03
 -9.2898E-03
 -8.9721E-03
 -8.6389E-03
 -8.2903E-03
 -7.9261E-03
 -7.5465E-03
 -7.1513E-03
 -6.7407E-03
 -6.3146E-03
 -5.8729E-03
 -5.4158E-03
 -4.9431E-03
 -4.4550E-03
 -3.9513E-03
 -3.4322E-03
 -2.8975E-03
 -2.3475E-03
 -1.7823E-03
 -1.2021E-03
 -6.0767E-04
  0.0000E+00
  0.0000E+00
 -6.3265E-04
 -1.2426E-03
 -1.8309E-03
 -2.4001E-03
 -2.9518E-03
 -3.4870E-03
 -4.0062E-03
 -4.5098E-03
 -4.9977E-03
 -5.4702E-03
 -5.9273E-03
 -6.3688E-03
 -6.7949E-03
 -7.2056E-03
 -7.6007E-03
 -7.9804E-03
 -8.3445E-03
 -8.6932E-03
 -9.0263E-03
 -9.3440E-03
 -9.6462E-03
 -9.9329E-03
 -1.0204E-02
 -1.0460E-02
 -1.0700E-02
 -1.0925E-02
 -1.1134E-02
 -1.1327E-02
 -1.1506E-02
 -1.1668E-02
 -1.1816E-02
 -1.1947E-02
 -1.2064E-02
 -1.2164E-02
 -1.2249E-02
 -1.2319E-02
 -1.2373E-02
 -1.2412E-02
 -1.2435E-02
 -1.2443E-02
 -1.2435E-02
 -1.2412E-02
 -1.2373E-02
 -1.2319E-02
 -1.2249E-02
 -1.2164E-02
 -1.2064E-02
 -1.1947E-02
 -1.1816E-02
 -1.1668E-02
 -1.1506E-02
 -1.1327E-02
 -1.1134E-02
 -1.0925E-02
 -1.0700E-02
 -1.0460E-02
 -1.0204E-02
 -9.9329E-03
 -9.6462E-03
 -9.3440E-03
 -9.0263E-03
 -8.6932E-03
 -8.3445E-03
 -7.9804E-03
 -7.6007E-03
 -7.2056E-03
 -6.7950E-03
 -6.3689E-03
 -5.9273E-03
 -5.4703E-03
 -4.9978E-03
 -4.5098E-03
 -4.0063E-03
 -3.4871E-03
 -2.9518E-03
 -2.4001E-03
 -1.8309E-03
 -1.2426E-03
 -6.3265E-04
  0.0000E+00
  0.0000E+00
  0.0000E+00
 -6.3101E-04
 -6.0604E-04
 -1.2393E-03
 -1.1988E-03
 -1.8261E-03
 -1.7775E-03
 -2.3941E-03
 -2.3416E-03
 -2.9451E-03
 -2.8907E-03
 -3.4797E-03
 -3.4248E-03
 -3.9987E-03
 -3.9437E-03
 -4.5021E-03
 -4.4472E-03
 -4.9900E-03
 -4.9353E-03
 -5.4625E-03
 -5.4080E-03
 -5.9195E-03
 -5.8651E-03
 -6.3611E-03
 -6.3068E-03
 -6.7872E-03
 -6.7329E-03
 -7.1978E-03
 -7.1436E-03
 -7.5929E-03
 -7.5387E-03
 -7.9726E-03
 -7.9184E-03
 -8.3368E-03
 -8.2825E-03
 -8.6854E-03
 -8.6312E-03
 -9.0186E-03
 -8.9644E-03
 -9.3363E-03
 -9.2820E-03
 -9.6384E-03
 -9.5842E-03
 -9.9251E-03
 -9.8709E-03
 -1.0196E-02
 -1.0142E-02
 -1.0452E-02
 -1.0398E-02
 -1.0692E-02
 -1.0638E-02
 -1.0917E-02
 -1.0863E-02
 -1.1126E-02
 -1.1072E-02
 -1.1320E-02
 -1.1265E-02
 -1.1498E-02
 -1.1444E-02
 -1.1661E-02
 -1.1606E-02
 -1.1808E-02
 -1.1754E-02
 -1.1940E-02
 -1.1885E-02
 -1.2056E-02
 -1.2002E-02
 -1.2157E-02
 -1.2102E-02
 -1.2242E-02
 -1.2188E-02
 -1.2311E-02
 -1.2257E-02
 -1.2366E-02
 -1.2311E-02
 -1.2404E-02
 -1.2350E-02
 -1.2428E-02
 -1.2373E-02
 -1.2435E-02
 -1.2381E-02
 -1.2428E-02
 -1.2373E-02
 -1.2404E-02
 -1.2350E-02
 -1.2366E-02
 -1.2311E-02
 -1.2311E-02
 -1.2257E-02
 -1.2242E-02
 -1.2187E-02
 -1.2157E-02
 -1.2102E-02
 -1.2056E-02
 -1.2002E-02
 -1.1940E-02
 -1.1885E-02
 -1.1808E-02
 -1.1754E-02
 -1.1661E-02
 -1.1606E-02
 -1.1498E-02
 -1.1444E-02
 -1.1320E-02
 -1.1266E-02
 -1.1126E-02
 -1.1072E-02
 -1.0917E-02
 -1.0863E-02
 -1.0692E-02
 -1.0638E-02
 -1.0452E-02
 -1.0398E-02
 -1.0196E-02
 -1.0142E-02
 -9.9251E-03
 -9.8709E-03
 -9.6384E-03
 -9.5842E-03
 -9.3363E-03
 -9.2820E-03
 -9.0186E-03
 -8.9644E-03
 -8.6854E-03
 -8.6312E-03
 -8.3368E-03
 -8.2825E-03
 -7.9726E-03
 -7.9184E-03
 -7.5930E-03
 -7.5387E-03
 -7.1978E-03
 -7.1436E-03
 -6.7872E-03
 -6.7329E-03
 -6.3611E-03
 -6.3068E-03
 -5.9195E-03
 -5.8651E-03
 -5.4625E-03
 -5.4080E-03
 -4.9900E-03
 -4.9354E-03
 -4.5021E-03
 -4.4473E-03
 -3.9987E-03
 -3.9438E-03
 -3.4798E-03
 -3.4249E-03
 -2.9451E-03
 -2.8907E-03
 -2.3941E-03
 -2.3416E-03
 -1.8261E-03
 -1.7775E-03
 -1.2393E-03
 -1.1988E-03
 -6.3101E-04
 -6.0604E-04
  0.0000E+00
  0.0000E+00
  0.0000E+00
 -5.9496E-04
 -1.1774E-03
 -1.7485E-03
 -2.3077E-03
 -2.8542E-03
 -3.3868E-03
 -3.9051E-03
 -4.4083E-03
 -4.8964E-03
 -5.3690E-03
 -5.8262E-03
 -6.2679E-03
 -6.6941E-03
 -7.1048E-03
 -7.5000E-03
 -7.8796E-03
 -8.2438E-03
 -8.5924E-03
 -8.9256E-03
 -9.2433E-03
 -9.5455E-03
 -9.8321E-03
 -1.0103E-02
 -1.0359E-02
 -1.0599E-02
 -1.0824E-02
 -1.1033E-02
 -1.1227E-02
 -1.1405E-02
 -1.1568E-02
 -1.1715E-02
 -1.1847E-02
 -1.1963E-02
 -1.2064E-02
 -1.2149E-02
 -1.2218E-02
 -1.2273E-02
 -1.2311E-02
 -1.2335E-02
 -1.2342E-02
 -1.2335E-02
 -1.2311E-02
 -1.2273E-02
 -1.2218E-02
 -1.2149E-02
 -1.2064E-02
 -1.1963E-02
 -1.1847E-02
 -1.1715E-02
 -1.1568E-02
 -1.1405E-02
 -1.1227E-02
 -1.1033E-02
 -1.0824E-02
 -1.0599E-02
 -1.0359E-02
 -1.0103E-02
 -9.8321E-03
 -9.5455E-03
 -9.2433E-03
 -8.9256E-03
 -8.5925E-03
 -8.2438E-03
 -7.8796E-03
 -7.5000E-03
 -7.1048E-03
 -6.6941E-03
 -6.2680E-03
 -5.8263E-03
 -5.3691E-03
 -4.8964E-03
 -4.4084E-03
 -3.9051E-03
 -3.3869E-03
 -2.8542E-03
 -2.3077E-03
 -1.7485E-03
 -1.1774E-03
 -5.9496E-04
  0.0000E+00
  0.0000E+00
 -5.8957E-04
 -1.1667E-03
 -1.7332E-03
 -2.2891E-03
 -2.8333E-03
 -3.3647E-03
 -3.8822E-03
 -4.3851E-03
 -4.8731E-03
 -5.3457E-03
 -5.8029E-03
 -6.2446E-03
 -6.6708E-03
 -7.0815E-03
 -7.4767E-03
 -7.8564E-03
 -8.2205E-03
 -8.5692E-03
 -8.9024E-03
 -9.2200E-03
 -9.5222E-03
 -9.8089E-03
 -1.0080E-02
 -1.0336E-02
 -1.0576E-02
 -1.0801E-02
 -1.1010E-02
 -1.1204E-02
 -1.1382E-02
 -1.1544E-02
 -1.1692E-02
 -1.1823E-02
 -1.1940E-02
 -1.2040E-02
 -1.2126E-02
 -1.2195E-02
 -1.2249E-02
 -1.2288E-02
 -1.2311E-02
 -1.2319E-02
 -1.2311E-02
 -1.2288E-02
 -1.2249E-02
 -1.2195E-02
 -1.2126E-02
 -1.2040E-02
 -1.1940E-02
 -1.1823E-02
 -1.1692E-02
 -1.1544E-02
 -1.1382E-02
 -1.1204E-02
 -1.1010E-02
 -1.0801E-02
 -1.0576E-02
 -1.0336E-02
 -1.0080E-02
 -9.8089E-03
 -9.5222E-03
 -9.2201E-03
 -8.9024E-03
 -8.5692E-03
 -8.2206E-03
 -7.8564E-03
 -7.4767E-03
 -7.0816E-03
 -6.6709E-03
 -6.2447E-03
 -5.8029E-03
 -5.3457E-03
 -4.8731E-03
 -4.3852E-03
 -3.8822E-03
 -3.3647E-03
 -2.8333E-03
 -2.2891E-03
 -1.7332E-03
 -1.1667E-03
 -5.8957E-04
  0.0000E+00
  0.0000E+00
 -5.8793E-04
 -1.1635E-03
 -1.7285E-03
 -2.2831E-03
 -2.8265E-03
 -3.3574E-03
 -3.8746E-03
 -4.3774E-03
 -4.8653E-03
 -5.3379E-03
 -5.7951E-03
 -6.2369E-03
 -6.6631E-03
 -7.0738E-03
 -7.4690E-03
 -7.8486E-03
 -8.2128E-03
 -8.5615E-03
 -8.8946E-03
 -9.2123E-03
 -9.5145E-03
 -9.8011E-03
 -1.0072E-02
 -1.0328E-02
 -1.0568E-02
 -1.0793E-02
 -1.1002E-02
 -1.1196E-02
 -1.1374E-02
 -1.1537E-02
 -1.1684E-02
 -1.1816E-02
 -1.1932E-02
 -1.2033E-02
 -1.2118E-02
 -1.2188E-02
 -1.2242E-02
 -1.2280E-02
 -1.2304E-02
 -1.2311E-02
 -1.2304E-02
 -1.2280E-02
 -1.2242E-02
 -1.2188E-02
 -1.2118E-02
 -1.2033E-02
 -1.1932E-02
 -1.1816E-02
 -1.1684E-02
 -1.1537E-02
 -1.1374E-02
 -1.1196E-02
 -1.1002E-02
 -1.0793E-02
 -1.0568E-02
 -1.0328E-02
 -1.0072E-02
 -9.8012E-03
 -9.5145E-03
 -9.2123E-03
 -8.8946E-03
 -8.5615E-03
 -8.2128E-03
 -7.8486E-03
 -7.4690E-03
 -7.0738E-03
 -6.6631E-03
 -6.2369E-03
 -5.7952E-03
 -5.3379E-03
 -4.8653E-03
 -4.3775E-03
 -3.8747E-03
 -3.3574E-03
 -2.8265E-03
 -2.2831E-03
 -1.7285E-03
 -1.1635E-03
 -5.8793E-04
  0.0000E+00
  0.0000E+00
 -5.8957E-04
 -1.1667E-03
 -1.7332E-03
 -2.2891E-03
 -2.8333E-03
 -3.3647E-03
 -3.8822E-03
 -4.3851E-03
 -4.8731E-03
 -5.3457E-03
 -5.8029E-03
 -6.2446E-03
 -6.6708E-03
 -7.0815E-03
 -7.4767E-03
 -7.8564E-03
 -8.2205E-03
 -8.5692E-03
 -8.9024E-03
 -9.2200E-03
 -9.5222E-03
 -9.8089E-03
 -1.0080E-02
 -1.0336E-02
 -1.0576E-02
 -1.0801E-02
 -1.1010E-02
 -1.1204E-02
 -1.1382E-02
 -1.1544E-02
 -1.1692E-02
 -1.1823E-02
 -1.1940E-02
 -1.2040E-02
 -1.2126E-02
 -1.2195E-02
 -1.2249E-02
 -1.2288E-02
 -1.2311E-02
 -1.2319E-02
 -1.2311E-02
 -1.2288E-02
 -1.2249E-02
 -1.2195E-02
 -1.2126E-02
 -1.2040E-02
 -1.1940E-02
 -1.1823E-02
 -1.1692E-02
 -1.1544E-02
 -1.1382E-02
 -1.1204E-02
 -1.1010E-02
 -1.0801E-02
 -1.0576E-02
 -1.0336E-02
 -1.0080E-02
 -9.8089E-03
 -9.5222E-03
 -9.2201E-03
 -8.9024E-03
 -8.5692E-03
 -8.2206E-03
 -7.8564E-03
 -7.4767E-03
 -7.0816E-03
 -6.6709E-03
 -6.2447E-03
 -5.8029E-03
 -5.3457E-03
 -4.8731E-03
 -4.3852E-03
 -3.8822E-03
 -3.3647E-03
 -2.8333E-03
 -2.2891E-03
 -1.7332E-03
 -1.1667E-03
 -5.8957E-04
  0.0000E+00
  0.0000E+00
 -5.9496E-04
 -1.1774E-03
 -1.7485E-03
 -2.3077E-03
 -2.8542E-03
 -3.3868E-03
 -3.9051E-03
 -4.4083E-03
 -4.8964E-03
 -5.3690E-03
 -5.8262E-03
 -6.2679E-03
 -6.6941E-03
 -7.1048E-03
 -7.5000E-03
 -7.8796E-03
 -8.2438E-03
 -8.5924E-03
 -8.9256E-03
 -9.2433E-03
 -9.5455E-03
 -9.8321E-03
 -1.0103E-02
 -1.0359E-02
 -1.0599E-02
 -1.0824E-02
 -1.1033E-02
 -1.1227E-02
 -1.1405E-02
 -1.1568E-02
 -1.1715E-02
 -1.1847E-02
 -1.1963E-02
 -1.2064E-02
 -1.2149E-02
 -1.2218E-02
 -1.2273E-02
 -1.2311E-02
 -1.2335E-02
 -1.2342E-02
 -1.2335E-02
 -1.2311E-02
 -1.2273E-02
 -1.2218E-02
 -1.2149E-02
 -1.2064E-02
 -1.1963E-02
 -1.1847E-02
 -1.1715E-02
 -1.1568E-02
 -1.1405E-02
 -1.1227E-02
 -1.1033E-02
 -1.0824E-02
 -1.0599E-02
 -1.0359E-02
 -1.0103E-02
 -9.8321E-03
 -9.5455E-03
 -9.2433E-03
 -8.9256E-03
 -8.5925E-03
 -8.2438E-03
 -7.8796E-03
 -7.5000E-03
 -7.1048E-03
 -6.6941E-03
 -6.2680E-03
 -5.8263E-03
 -5.3691E-03
 -4.8964E-03
 -4.4084E-03
 -3.9051E-03
 -3.3869E-03
 -2.8542E-03
 -2.3077E-03
 -1.7485E-03
 -1.1774E-03
 -5.9496E-04
  0.0000E+00
  0.0000E+00
 -6.0604E-04
 -1.1988E-03
 -1.7775E-03
 -2.3416E-03
 -2.8907E-03
 -3.4248E-03
 -3.9437E-03
 -4.4472E-03
 -4.9353E-03
 -5.4080E-03
 -5.8651E-03
 -6.3068E-03
 -6.7329E-03
 -7.1436E-03
 -7.5387E-03
 -7.9184E-03
 -8.2825E-03
 -8.6312E-03
 -8.9644E-03
 -9.2820E-03
 -9.5842E-03
 -9.8709E-03
 -1.0142E-02
 -1.0398E-02
 -1.0638E-02
 -1.0863E-02
 -1.1072E-02
 -1.1265E-02
 -1.1444E-02
 -1.1606E-02
 -1.1754E-02
 -1.1885E-02
 -1.2002E-02
 -1.2102E-02
 -1.2188E-02
 -1.2257E-02
 -1.2311E-02
 -1.2350E-02
 -1.2373E-02
 -1.2381E-02
 -1.2373E-02
 -1.2350E-02
 -1.2311E-02
 -1.2257E-02
 -1.2187E-02
 -1.2102E-02
 -1.2002E-02
 -1.1885E-02
 -1.1754E-02
 -1.1606E-02
 -1.1444E-02
 -1.1266E-02
 -1.1072E-02
 -1.0863E-02
 -1.0638E-02
 -1.0398E-02
 -1.0142E-02
 -9.8709E-03
 -9.5842E-03
 -9.2820E-03
 -8.9644E-03
 -8.6312E-03
 -8.2825E-03
 -7.9184E-03
 -7.5387E-03
 -7.1436E-03
 -6.7329E-03
 -6.3068E-03
 -5.8651E-03
 -5.4080E-03
 -4.9354E-03
 -4.4473E-03
 -3.9438E-03
 -3.4249E-03
 -2.8907E-03
 -2.3416E-03
 -1.7775E-03
 -1.1988E-03
 -6.0604E-04
  0.0000E+00
  0.0000E+00
 -6.3101E-04
 -1.2393E-03
 -1.8261E-03
 -2.3941E-03
 -2.9451E-03
 -3.4797E-03
 -3.9987E-03
 -4.5021E-03
 -4.9900E-03
 -5.4625E-03
 -5.9195E-03
 -6.3611E-03
 -6.7872E-03
 -7.1978E-03
 -7.5929E-03
 -7.9726E-03
 -8.3368E-03
 -8.6854E-03
 -9.0186E-03
 -9.3363E-03
 -9.6384E-03
 -9.9251E-03
 -1.0196E-02
 -1.0452E-02
 -1.0692E-02
 -1.0917E-02
 -1.1126E-02
 -1.1320E-02
 -1.1498E-02
 -1.1661E-02
 -1.1808E-02
 -1.1940E-02
 -1.2056E-02
 -1.2157E-02
 -1.2242E-02
 -1.2311E-02
 -1.2366E-02
 -1.2404E-02
 -1.2428E-02
 -1.2435E-02
 -1.2428E-02
 -1.2404E-02
 -1.2366E-02
 -1.2311E-02
 -1.2242E-02
 -1.2157E-02
 -1.2056E-02
 -1.1940E-02
 -1.1808E-02
 -1.1661E-02
 -1.1498E-02
 -1.1320E-02
 -1.1126E-02
 -1.0917E-02
 -1.0692E-02
 -1.0452E-02
 -1.0196E-02
 -9.9251E-03
 -9.6384E-03
 -9.3363E-03
 -9.0186E-03
 -8.6854E-03
 -8.3368E-03
 -7.9726E-03
 -7.5930E-03
 -7.1978E-03
 -6.7872E-03
 -6.3611E-03
 -5.9195E-03
 -5.4625E-03
 -4.9900E-03
 -4.5021E-03
 -3.9987E-03
 -3.4798E-03
 -2.9451E-03
 -2.3941E-03
 -1.8261E-03
 -1.2393E-03
 -6.3101E-04
  0.0000E+00
  0.0000E+00
  0.0000E+00
 -6.3265E-04
 -6.0768E-04
 -1.2426E-03
 -1.2021E-03
 -1.8309E-03
 -1.7823E-03
 -2.4001E-03
 -2.3475E-03
 -2.9518E-03
 -2.8975E-03
 -3.4870E-03
 -3.4321E-03
 -4.0062E-03
 -3.9513E-03
 -4.5098E-03
 -4.4549E-03
 -4.9977E-03
 -4.9431E-03
 -5.4702E-03
 -5.4158E-03
 -5.9273E-03
 -5.8729E-03
 -6.3688E-03
 -6.3145E-03
 -6.7949E-03
 -6.7407E-03
 -7.2056E-03
 -7.1513E-03
 -7.6007E-03
 -7.5465E-03
 -7.9804E-03
 -7.9261E-03
 -8.3445E-03
 -8.2903E-03
 -8.6932E-03
 -8.6389E-03
 -9.0263E-03
 -8.9721E-03
 -9.3440E-03
 -9.2898E-03
 -9.6462E-03
 -9.5919E-03
 -9.9329E-03
 -9.8786E-03
 -1.0204E-02
 -1.0150E-02
 -1.0460E-02
 -1.0405E-02
 -1.0700E-02
 -1.0646E-02
 -1.0925E-02
 -1.0870E-02
 -1.1134E-02
 -1.1080E-02
 -1.1327E-02
 -1.1273E-02
 -1.1506E-02
 -1.1451E-02
 -1.1668E-02
 -1.1614E-02
 -1.1816E-02
 -1.1761E-02
 -1.1947E-02
 -1.1893E-02
 -1.2064E-02
 -1.2009E-02
 -1.2164E-02
 -1.2110E-02
 -1.2249E-02
 -1.2195E-02
 -1.2319E-02
 -1.2265E-02
 -1.2373E-02
 -1.2319E-02
 -1.2412E-02
 -1.2358E-02
 -1.2435E-02
 -1.2381E-02
 -1.2443E-02
 -1.2389E-02
 -1.2435E-02
 -1.2381E-02
 -1.2412E-02
 -1.2358E-02
 -1.2373E-02
 -1.2319E-02
 -1.2319E-02
 -1.2265E-02
 -1.2249E-02
 -1.2195E-02
 -1.2164E-02
 -1.2110E-02
 -1.2064E-02
 -1.2009E-02
 -1.1947E-02
 -1.1893E-02
 -1.1816E-02
 -1.1761E-02
 -1.1668E-02
 -1.1614E-02
 -1.1506E-02
 -1.1451E-02
 -1.1327E-02
 -1.1273E-02
 -1.1134E-02
 -1.1080E-02
 -1.0925E-02
 -1.0870E-02
 -1.0700E-02
 -1.0646E-02
 -1.0460E-02
 -1.0406E-02
 -1.0204E-02
 -1.0150E-02
 -9.9329E-03
 -9.8786E-03
 -9.6462E-03
 -9.5920E-03
 -9.3440E-03
 -9.2898E-03
 -9.0263E-03
 -8.9721E-03
 -8.6932E-03
 -8.6389E-03
 -8.3445E-03
 -8.2903E-03
 -7.9804E-03
 -7.9261E-03
 -7.6007E-03
 -7.5465E-03
 -7.2056E-03
 -7.1513E-03
 -6.7950E-03
 -6.7407E-03
 -6.3689E-03
 -6.3146E-03
 -5.9273E-03
 -5.8729E-03
 -5.4703E-03
 -5.4158E-03
 -4.9978E-03
 -4.9431E-03
 -4.5098E-03
 -4.4550E-03
 -4.0063E-03
 -3.9513E-03
 -3.4871E-03
 -3.4322E-03
 -2.9518E-03
 -2.8975E-03
 -2.4001E-03
 -2.3475E-03
 -1.8309E-03
 -1.7823E-03
 -1.2426E-03
 -1.2021E-03
 -6.3265E-04
 -6.0767E-04
  0.0000E+00
  0.0000E+00
  0.0000E+00
 -5.9660E-04
 -1.1807E-03
 -1.7532E-03
 -2.3137E-03
 -2.8609E-03
 -3.3941E-03
 -3.9126E-03
 -4.4160E-03
 -4.9041E-03
 -5.3768E-03
 -5.8340E-03
 -6.2757E-03
 -6.7019E-03
 -7.1126E-03
 -7.5077E-03
 -7.8874E-03
 -8.2515E-03
 -8.6002E-03
 -8.9334E-03
 -9.2510E-03
 -9.5532E-03
 -9.8399E-03
 -1.0111E-02
 -1.0367E-02
 -1.0607E-02
 -1.0832E-02
 -1.1041E-02
 -1.1234E-02
 -1.1413E-02
 -1.1575E-02
 -1.1723E-02
 -1.1854E-02
 -1.1971E-02
 -1.2071E-02
 -1.2157E-02
 -1.2226E-02
 -1.2280E-02
 -1.2319E-02
 -1.2342E-02
 -1.2350E-02
 -1.2342E-02
 -1.2319E-02
 -1.2280E-02
 -1.2226E-02
 -1.2157E-02
 -1.2071E-02
 -1.1971E-02
 -1.1854E-02
 -1.1723E-02
 -1.1575E-02
 -1.1413E-02
 -1.1235E-02
 -1.1041E-02
 -1.0832E-02
 -1.0607E-02
 -1.0367E-02
 -1.0111E-02
 -9.8399E-03
 -9.5532E-03
 -9.2510E-03
 -8.9334E-03
 -8.6002E-03
 -8.2516E-03
 -7.8874E-03
 -7.5077E-03
 -7.1126E-03
 -6.7019E-03
 -6.2757E-03
 -5.8340E-03
 -5.3769E-03
 -4.9042E-03
 -4.4161E-03
 -3.9127E-03
 -3.3942E-03
 -2.8610E-03
 -2.3137E-03
 -1.7532E-03
 -1.1807E-03
 -5.9660E-04
  0.0000E+00
  0.0000E+00
 -5.9121E-04
 -1.1700E-03
 -1.7380E-03
 -2.2950E-03
 -2.8401E-03
 -3.3719E-03
 -3.8897E-03
 -4.3928E-03
 -4.8808E-03
 -5.3535E-03
 -5.8107E-03
 -6.2524E-03
 -6.6786E-03
 -7.0893E-03
 -7.4845E-03
 -7.8641E-03
 -8.2283E-03
 -8.5770E-03
 -8.9101E-03
 -9.2278E-03
 -9.5300E-03
 -9.8166E-03
 -1.0088E-02
 -1.0343E-02
 -1.0584E-02
 -1.0808E-02
 -1.1018E-02
 -1.1211E-02
 -1.1389E-02
 -1.1552E-02
 -1.1699E-02
 -1.1831E-02
 -1.1947E-02
 -1.2048E-02
 -1.2133E-02
 -1.2203E-02
 -1.2257E-02
 -1.2296E-02
 -1.2319E-02
 -1.2327E-02
 -1.2319E-02
 -1.2296E-02
 -1.2257E-02
 -1.2203E-02
 -1.2133E-02
 -1.2048E-02
 -1.1947E-02
 -1.1831E-02
 -1.1699E-02
 -1.1552E-02
 -1.1389E-02
 -1.1211E-02
 -1.1018E-02
 -1.0808E-02
 -1.0584E-02
 -1.0344E-02
 -1.0088E-02
 -9.8166E-03
 -9.5300E-03
 -9.2278E-03
 -8.9101E-03
 -8.5770E-03
 -8.2283E-03
 -7.8641E-03
 -7.4845E-03
 -7.0893E-03
 -6.6786E-03
 -6.2524E-03
 -5.8107E-03
 -5.3535E-03
 -4.8809E-03
 -4.3929E-03
 -3.8898E-03
 -3.3720E-03
 -2.8401E-03
 -2.2950E-03
 -1.7380E-03
 -1.1700E-03
 -5.9121E-04
  0.0000E+00
  0.0000E+00
 -5.8957E-04
 -1.1667E-03
 -1.7332E-03
 -2.2891E-03
 -2.8333E-03
 -3.3647E-03
 -3.8822E-03
 -4.3851E-03
 -4.8731E-03
 -5.3457E-03
 -5.8029E-03
 -6.2446E-03
 -6.6708E-03
 -7.0815E-03
 -7.4767E-03
 -7.8564E-03
 -8.2205E-03
 -8.5692E-03
 -8.9024E-03
 -9.2200E-03
 -9.5222E-03
 -9.8089E-03
 -1.0080E-02
 -1.0336E-02
 -1.0576E-02
 -1.0801E-02
 -1.1010E-02
 -1.1204E-02
 -1.1382E-02
 -1.1544E-02
 -1.1692E-02
 -1.1823E-02
 -1.1940E-02
 -1.2040E-02
 -1.2126E-02
 -1.2195E-02
 -1.2249E-02
 -1.2288E-02
 -1.2311E-02
 -1.2319E-02
 -1.2311E-02
 -1.2288E-02
 -1.2249E-02
 -1.2195E-02
 -1.2126E-02
 -1.2040E-02
 -1.1940E-02
 -1.1823E-02
 -1.1692E-02
 -1.1544E-02
 -1.1382E-02
 -1.1204E-02
 -1.1010E-02
 -1.0801E-02
 -1.0576E-02
 -1.0336E-02
 -1.0080E-02
 -9.8089E-03
 -9.5222E-03
 -9.2201E-03
 -8.9024E-03
 -8.5692E-03
 -8.2206E-03
 -7.8564E-03
 -7.4767E-03
 -7.0816E-03
 -6.6709E-03
 -6.2447E-03
 -5.8029E-03
 -5.3457E-03
 -4.8731E-03
 -4.3852E-03
 -3.8822E-03
 -3.3647E-03
 -2.8333E-03
 -2.2891E-03
 -1.7332E-03
 -1.1667E-03
 -5.8957E-04
  0.0000E+00
  0.0000E+00
 -5.9121E-04
 -1.1700E-03
 -1.7380E-03
 -2.2950E-03
 -2.8401E-03
 -3.3719E-03
 -3.8897E-03
 -4.3928E-03
 -4.8808E-03
 -5.3535E-03
 -5.8107E-03
 -6.2524E-03
 -6.6786E-03
 -7.0893E-03
 -7.4845E-03
 -7.8641E-03
 -8.2283E-03
 -8.5770E-03
 -8.9101E-03
 -9.2278E-03
 -9.5300E-03
 -9.8166E-03
 -1.0088E-02
 -1.0343E-02
 -1.0584E-02
 -1.0808E-02
 -1.1018E-02
 -1.1211E-02
 -1.1389E-02
 -1.1552E-02
 -1.1699E-02
 -1.1831E-02
 -1.1947E-02
 -1.2048E-02
 -1.2133E-02
 -1.2203E-02
 -1.2257E-02
 -1.2296E-02
 -1.2319E-02
 -1.2327E-02
 -1.2319E-02
 -1.2296E-02
 -1.2257E-02
 -1.2203E-02
 -1.2133E-02
 -1.2048E-02
 -1.1947E-02
 -1.1831E-02
 -1.1699E-02
 -1.1552E-02
 -1.1389E-02
 -1.1211E-02
 -1.1018E-02
 -1.0808E-02
 -1.0584E-02
 -1.0344E-02
 -1.0088E-02
 -9.8166E-03
 -9.5300E-03
 -9.2278E-03
 -8.9101E-03
 -8.5770E-03
 -8.2283E-03
 -7.8641E-03
 -7.4845E-03
 -7.0893E-03
 -6.6786E-03
 -6.2524E-03
 -5.8107E-03
 -5.3535E-03
 -4.8809E-03
 -4.3929E-03
 -3.8898E-03
 -3.3720E-03
 -2.8401E-03
 -2.2950E-03
 -1.7380E-03
 -1.1700E-03
 -5.9121E-04
  0.0000E+00
  0.0000E+00
 -5.9660E-04
 -1.1807E-03
 -1.7532E-03
 -2.3137E-03
 -2.8609E-03
 -3.3941E-03
 -3.9126E-03
 -4.4160E-03
 -4.9041E-03
 -5.3768E-03
 -5.8340E-03
 -6.2757E-03
 -6.7019E-03
 -7.1126E-03
 -7.5077E-03
 -7.8874E-03
 -8.2515E-03
 -8.6002E-03
 -8.9334E-03
 -9.2510E-03
 -9.5532E-03
 -9.8399E-03
 -1.0111E-02
 -1.0367E-02
 -1.0607E-02
 -1.0832E-02
 -1.1041E-02
 -1.1234E-02
 -1.1413E-02
 -1.1575E-02
 -1.1723E-02
 -1.1854E-02
 -1.1971E-02
 -1.2071E-02
 -1.2157E-02
 -1.2226E-02
 -1.2280E-02
 -1.2319E-02
 -1.2342E-02
 -1.2350E-02
 -1.2342E-02
 -1.2319E-02
 -1.2280E-02
 -1.2226E-02
 -1.2157E-02
 -1.2071E-02
 -1.1971E-02
 -1.1854E-02
 -1.1723E-02
 -1.1575E-02
 -1.1413E-02
 -1.1235E-02
 -1.1041E-02
 -1.0832E-02
 -1.0607E-02
 -1.0367E-02
 -1.0111E-02
 -9.8399E-03
 -9.5532E-03
 -9.2510E-03
 -8.9334E-03
 -8.6002E-03
 -8.2516E-03
 -7.8874E-03
 -7.5077E-03
 -7.1126E-03
 -6.7019E-03
 -6.2757E-03
 -5.8340E-03
 -5.3769E-03
 -4.9042E-03
 -4.4161E-03
 -3.9127E-03
 -3.3942E-03
 -2.8610E-03
 -2.3137E-03
 -1.7532E-03
 -1.1807E-03
 -5.9660E-04
  0.0000E+00
  0.0000E+00
 -6.0768E-04
 -1.2021E-03
 -1.7823E-03
 -2.3475E-03
 -2.8975E-03
 -3.4321E-03
 -3.9513E-03
 -4.4549E-03
 -4.9431E-03
 -5.4158E-03
 -5.8729E-03
 -6.3145E-03
 -6.7407E-03
 -7.1513E-03
 -7.5465E-03
 -7.9261E-03
 -8.2903E-03
 -8.6389E-03
 -8.9721E-03
 -9.2898E-03
 -9.5919E-03
 -9.8786E-03
 -1.0150E-02
 -1.0405E-02
 -1.0646E-02
 -1.0870E-02
 -1.1080E-02
 -1.1273E-02
 -1.1451E-02
 -1.1614E-02
 -1.1761E-02
 -1.1893E-02
 -1.2009E-02
 -1.2110E-02
 -1.2195E-02
 -1.2265E-02
 -1.2319E-02
 -1.2358E-02
 -1.2381E-02
 -1.2389E-02
 -1.2381E-02
 -1.2358E-02
 -1.2319E-02
 -1.2265E-02
 -1.2195E-02
 -1.2110E-02
 -1.2009E-02
 -1.1893E-02
 -1.1761E-02
 -1.1614E-02
 -1.1451E-02
 -1.1273E-02
 -1.1080E-02
 -1.0870E-02
 -1.0646E-02
 -1.0406E-02
 -1.0150E-02
 -9.8786E-03
 -9.5920E-03
 -9.2898E-03
 -8.9721E-03
 -8.6389E-03
 -8.2903E-03
 -7.9261E-03
 -7.5465E-03
 -7.1513E-03
 -6.7407E-03
 -6.3146E-03
 -5.8729E-03
 -5.4158E-03
 -4.9431E-03
 -4.4550E-03
 -3.9513E-03
 -3.4322E-03
 -2.8975E-03
 -2.3475E-03
 -1.7823E-03
 -1.2021E-03
 -6.0767E-04
  0.0000E+00
  0.0000E+00
 -6.3265E-04
 -1.2426E-03
 -1.8309E-03
 -2.4001E-03
 -2.9518E-03
 -3.4870E-03
 -4.0062E-03
 -4.5098E-03
 -4.9977E-03
 -5.4702E-03
 -5.9273E-03
 -6.3688E-03
 -6.7949E-03
 -7.2056E-03
 -7.6007E-03
 -7.9804E-03
 -8.3445E-03
 -8.6932E-03
 -9.0263E-03
 -9.3440E-03
 -9.6462E-03
 -9.9329E-03
 -1.0204E-02
 -1.0460E-02
 -1.0700E-02
 -1.0925E-02
 -1.1134E-02
 -1.1327E-02
 -1.1506E-02
 -1.1668E-02
 -1.1816E-02
 -1.1947E-02
 -1.2064E-02
 -1.2164E-02
 -1.2249E-02
 -1.2319E-02
 -1.2373E-02
 -1.2412E-02
 -1.2435E-02
 -1.2443E-02
 -1.2435E-02
 -1.2412E-02
 -1.2373E-02
 -1.2319E-02
 -1.2249E-02
 -1.2164E-02
 -1.2064E-02
 -1.1947E-02
 -1.1816E-02
 -1.1668E-02
 -1.1506E-02
 -1.1327E-02
 -1.1134E-02
 -1.0925E-02
 -1.0700E-02
 -1.0460E-02
 -1.0204E-02
 -9.9329E-03
 -9.6462E-03
 -9.3440E-03
 -9.0263E-03
 -8.6932E-03
 -8.3445E-03
 -7.9804E-03
 -7.6007E-03
 -7.2056E-03
 -6.7950E-03
 -6.3689E-03
 -5.9273E-03
 -5.4703E-03
 -4.9978E-03
 -4.5098E-03
 -4.0063E-03
 -3.4871E-03
 -2.9518E-03
 -2.4001E-03
 -1.8309E-03
 -1.2426E-03
 -6.3265E-04
  0.0000E+00
  0.0000E+00
  0.0000E+00
 -6.3805E-04
 -6.1307E-04
 -1.2532E-03
 -1.2127E-03
 -1.8461E-03
 -1.7975E-03
 -2.4188E-03
 -2.3662E-03
 -2.9727E-03
 -2.9184E-03
 -3.5092E-03
 -3.4543E-03
 -4.0291E-03
 -3.9742E-03
 -4.5330E-03
 -4.4781E-03
 -5.0211E-03
 -4.9664E-03
 -5.4936E-03
 -5.4391E-03
 -5.9506E-03
 -5.8962E-03
 -6.3922E-03
 -6.3378E-03
 -6.8182E-03
 -6.7640E-03
 -7.2288E-03
 -7.1746E-03
 -7.6240E-03
 -7.5697E-03
 -8.0036E-03
 -7.9494E-03
 -8.3678E-03
 -8.3135E-03
 -8.7164E-03
 -8.6622E-03
 -9.0496E-03
 -8.9953E-03
 -9.3673E-03
 -9.3130E-03
 -9.6694E-03
 -9.6152E-03
 -9.9561E-03
 -9.9019E-03
 -1.0227E-02
 -1.0173E-02
 -1.0483E-02
 -1.0429E-02
 -1.0723E-02
 -1.0669E-02
 -1.0948E-02
 -1.0894E-02
 -1.1157E-02
 -1.1103E-02
 -1.1351E-02
 -1.1296E-02
 -1.1529E-02
 -1.1475E-02
 -1.1692E-02
 -1.1637E-02
 -1.1839E-02
 -1.1785E-02
 -1.1971E-02
 -1.1916E-02
 -1.2087E-02
 -1.2033E-02
 -1.2187E-02
 -1.2133E-02
 -1.2273E-02
 -1.2218E-02
 -1.2342E-02
 -1.2288E-02
 -1.2397E-02
 -1.2342E-02
 -1.2435E-02
 -1.2381E-02
 -1.2459E-02
 -1.2404E-02
 -1.2466E-02
 -1.2412E-02
 -1.2459E-02
 -1.2404E-02
 -1.2435E-02
 -1.2381E-02
 -1.2397E-02
 -1.2342E-02
 -1.2342E-02
 -1.2288E-02
 -1.2273E-02
 -1.2218E-02
 -1.2187E-02
 -1.2133E-02
 -1.2087E-02
 -1.2033E-02
 -1.1971E-02
 -1.1916E-02
 -1.1839E-02
 -1.1785E-02
 -1.1692E-02
 -1.1637E-02
 -1.1529E-02
 -1.1475E-02
 -1.1351E-02
 -1.1296E-02
 -1.1157E-02
 -1.1103E-02
 -1.0948E-02
 -1.0894E-02
 -1.0723E-02
 -1.0669E-02
 -1.0483E-02
 -1.0429E-02
 -1.0227E-02
 -1.0173E-02
 -9.9561E-03
 -9.9019E-03
 -9.6694E-03
 -9.6152E-03
 -9.3673E-03
 -9.3130E-03
 -9.0496E-03
 -8.9954E-03
 -8.7164E-03
 -8.6622E-03
 -8.3678E-03
 -8.3135E-03
 -8.0036E-03
 -7.9494E-03
 -7.6240E-03
 -7.5697E-03
 -7.2289E-03
 -7.1746E-03
 -6.8183E-03
 -6.7640E-03
 -6.3922E-03
 -6.3379E-03
 -5.9506E-03
 -5.8963E-03
 -5.4936E-03
 -5.4391E-03
 -5.0211E-03
 -4.9665E-03
 -4.5330E-03
 -4.4782E-03
 -4.0292E-03
 -3.9742E-03
 -3.5093E-03
 -3.4543E-03
 -2.9727E-03
 -2.9184E-03
 -2.4188E-03
 -2.3662E-03
 -1.8461E-03
 -1.7975E-03
 -1.2532E-03
 -1.2127E-03
 -6.3804E-04
 -6.1307E-04
  0.0000E+00
  0.0000E+00
  0.0000E+00
 -6.0200E-04
 -1.1913E-03
 -1.7685E-03
 -2.3324E-03
 -2.8818E-03
 -3.4163E-03
 -3.9355E-03
 -4.4392E-03
 -4.9275E-03
 -5.4002E-03
 -5.8573E-03
 -6.2990E-03
 -6.7252E-03
 -7.1358E-03
 -7.5310E-03
 -7.9106E-03
 -8.2748E-03
 -8.6234E-03
 -8.9566E-03
 -9.2743E-03
 -9.5765E-03
 -9.8631E-03
 -1.0134E-02
 -1.0390E-02
 -1.0630E-02
 -1.0855E-02
 -1.1064E-02
 -1.1258E-02
 -1.1436E-02
 -1.1599E-02
 -1.1746E-02
 -1.1878E-02
 -1.1994E-02
 -1.2095E-02
 -1.2180E-02
 -1.2249E-02
 -1.2304E-02
 -1.2342E-02
 -1.2366E-02
 -1.2373E-02
 -1.2366E-02
 -1.2342E-02
 -1.2304E-02
 -1.2249E-02
 -1.2180E-02
 -1.2095E-02
 -1.1994E-02
 -1.1878E-02
 -1.1746E-02
 -1.1599E-02
 -1.1436E-02
 -1.1258E-02
 -1.1064E-02
 -1.0855E-02
 -1.0630E-02
 -1.0390E-02
 -1.0134E-02
 -9.8631E-03
 -9.5765E-03
 -9.2743E-03
 -8.9566E-03
 -8.6235E-03
 -8.2748E-03
 -7.9106E-03
 -7.5310E-03
 -7.1358E-03
 -6.7252E-03
 -6.2990E-03
 -5.8574E-03
 -5.4002E-03
 -4.9275E-03
 -4.4393E-03
 -3.9355E-03
 -3.4163E-03
 -2.8819E-03
 -2.3324E-03
 -1.7685E-03
 -1.1913E-03
 -6.0200E-04
  0.0000E+00
  0.0000E+00
 -5.9660E-04
 -1.1807E-03
 -1.7532E-03
 -2.3137E-03
 -2.8609E-03
 -3.3941E-03
 -3.9126E-03
 -4.4160E-03
 -4.9041E-03
 -5.3768E-03
 -5.8340E-03
 -6.2757E-03
 -6.7019E-03
 -7.1126E-03
 -7.5077E-03
 -7.8874E-03
 -8.2515E-03
 -8.6002E-03
 -8.9334E-03
 -9.2510E-03
 -9.5532E-03
 -9.8399E-03
 -1.0111E-02
 -1.0367E-02
 -1.0607E-02
 -1.0832E-02
 -1.1041E-02
 -1.1234E-02
 -1.1413E-02
 -1.1575E-02
 -1.1723E-02
 -1.1854E-02
 -1.1971E-02
 -1.2071E-02
 -1.2157E-02
 -1.2226E-02
 -1.2280E-02
 -1.2319E-02
 -1.2342E-02
 -1.2350E-02
 -1.2342E-02
 -1.2319E-02
 -1.2280E-02
 -1.2226E-02
 -1.2157E-02
 -1.2071E-02
 -1.1971E-02
 -1.1854E-02
 -1.1723E-02
 -1.1575E-02
 -1.1413E-02
 -1.1235E-02
 -1.1041E-02
 -1.0832E-02
 -1.0607E-02
 -1.0367E-02
 -1.0111E-02
 -9.8399E-03
 -9.5532E-03
 -9.2510E-03
 -8.9334E-03
 -8.6002E-03
 -8.2516E-03
 -7.8874E-03
 -7.5077E-03
 -7.1126E-03
 -6.7019E-03
 -6.2757E-03
 -5.8340E-03
 -5.3769E-03
 -4.9042E-03
 -4.4161E-03
 -3.9127E-03
 -3.3942E-03
 -2.8610E-03
 -2.3137E-03
 -1.7532E-03
 -1.1807E-03
 -5.9660E-04
  0.0000E+00
  0.0000E+00
 -5.9496E-04
 -1.1774E-03
 -1.7485E-03
 -2.3077E-03
 -2.8542E-03
 -3.3868E-03
 -3.9051E-03
 -4.4083E-03
 -4.8964E-03
 -5.3690E-03
 -5.8262E-03
 -6.2679E-03
 -6.6941E-03
 -7.1048E-03
 -7.5000E-03
 -7.8796E-03
 -8.2438E-03
 -8.5924E-03
 -8.9256E-03
 -9.2433E-03
 -9.5455E-03
 -9.8321E-03
 -1.0103E-02
 -1.0359E-02
 -1.0599E-02
 -1.0824E-02
 -1.1033E-02
 -1.1227E-02
 -1.1405E-02
 -1.1568E-02
 -1.1715E-02
 -1.1847E-02
 -1.1963E-02
 -1.2064E-02
 -1.2149E-02
 -1.2218E-02
 -1.2273E-02
 -1.2311E-02
 -1.2335E-02
 -1.2342E-02
 -1.2335E-02
 -1.2311E-02
 -1.2273E-02
 -1.2218E-02
 -1.2149E-02
 -1.2064E-02
 -1.1963E-02
 -1.1847E-02
 -1.1715E-02
 -1.1568E-02
 -1.1405E-02
 -1.1227E-02
 -1.1033E-02
 -1.0824E-02
 -1.0599E-02
 -1.0359E-02
 -1.0103E-02
 -9.8321E-03
 -9.5455E-03
 -9.2433E-03
 -8.9256E-03
 -8.5925E-03
 -8.2438E-03
 -7.8796E-03
 -7.5000E-03
 -7.1048E-03
 -6.6941E-03
 -6.2680E-03
 -5.8263E-03
 -5.3691E-03
 -4.8964E-03
 -4.4084E-03
 -3.9051E-03
 -3.3869E-03
 -2.8542E-03
 -2.3077E-03
 -1.7485E-03
 -1.1774E-03
 -5.9496E-04
  0.0000E+00
  0.0000E+00
 -5.9660E-04
 -1.1807E-03
 -1.7532E-03
 -2.3137E-03
 -2.8609E-03
 -3.3941E-03
 -3.9126E-03
 -4.4160E-03
 -4.9041E-03
 -5.3768E-03
 -5.8340E-03
 -6.2757E-03
 -6.7019E-03
 -7.1126E-03
 -7.5077E-03
 -7.8874E-03
 -8.2515E-03
 -8.6002E-03
 -8.9334E-03
 -9.2510E-03
 -9.5532E-03
 -9.8399E-03
 -1.0111E-02
 -1.0367E-02
 -1.0607E-02
 -1.0832E-02
 -1.1041E-02
 -1.1234E-02
 -1.1413E-02
 -1.1575E-02
 -1.1723E-02
 -1.1854E-02
 -1.1971E-02
 -1.2071E-02
 -1.2157E-02
 -1.2226E-02
 -1.2280E-02
 -1.2319E-02
 -1.2342E-02
 -1.2350E-02
 -1.2342E-02
 -1.2319E-02
 -1.2280E-02
 -1.2226E-02
 -1.2157E-02
 -1.2071E-02
 -1.1971E-02
 -1.1854E-02
 -1.1723E-02
 -1.1575E-02
 -1.1413E-02
 -1.1235E-02
 -1.1041E-02
 -1.0832E-02
 -1.0607E-02
 -1.0367E-02
 -1.0111E-02
 -9.8399E-03
 -9.5532E-03
 -9.2510E-03
 -8.9334E-03
 -8.6002E-03
 -8.2516E-03
 -7.8874E-03
 -7.5077E-03
 -7.1126E-03
 -6.7019E-03
 -6.2757E-03
 -5.8340E-03
 -5.3769E-03
 -4.9042E-03
 -4.4161E-03
 -3.9127E-03
 -3.3942E-03
 -2.8610E-03
 -2.3137E-03
 -1.7532E-03
 -1.1807E-03
 -5.9660E-04
  0.0000E+00
  0.0000E+00
 -6.0200E-04
 -1.1913E-03
 -1.7685E-03
 -2.3324E-03
 -2.8818E-03
 -3.4163E-03
 -3.9355E-03
 -4.4392E-03
 -4.9275E-03
 -5.4002E-03
 -5.8573E-03
 -6.2990E-03
 -6.7252E-03
 -7.1358E-03
 -7.5310E-03
 -7.9106E-03
 -8.2748E-03
 -8.6234E-03
 -8.9566E-03
 -9.2743E-03
 -9.5765E-03
 -9.8631E-03
 -1.0134E-02
 -1.0390E-02
 -1.0630E-02
 -1.0855E-02
 -1.1064E-02
 -1.1258E-02
 -1.1436E-02
 -1.1599E-02
 -1.1746E-02
 -1.1878E-02
 -1.1994E-02
 -1.2095E-02
 -1.2180E-02
 -1.2249E-02
 -1.2304E-02
 -1.2342E-02
 -1.2366E-02
 -1.2373E-02
 -1.2366E-02
 -1.2342E-02
 -1.2304E-02
 -1.2249E-02
 -1.2180E-02
 -1.2095E-02
 -1.1994E-02
 -1.1878E-02
 -1.1746E-02
 -1.1599E-02
 -1.1436E-02
 -1.1258E-02
 -1.1064E-02
 -1.0855E-02
 -1.0630E-02
 -1.0390E-02
 -1.0134E-02
 -9.8631E-03
 -9.5765E-03
 -9.2743E-03
 -8.9566E-03
 -8.6235E-03
 -8.2748E-03
 -7.9106E-03
 -7.5310E-03
 -7.1358E-03
 -6.7252E-03
 -6.2990E-03
 -5.8574E-03
 -5.4002E-03
 -4.9275E-03
 -4.4393E-03
 -3.9355E-03
 -3.4163E-03
 -2.8819E-03
 -2.3324E-03
 -1.7685E-03
 -1.1913E-03
 -6.0200E-04
  0.0000E+00
  0.0000E+00
 -6.1307E-04
 -1.2127E-03
 -1.7975E-03
 -2.3662E-03
 -2.9184E-03
 -3.4543E-03
 -3.9742E-03
 -4.4781E-03
 -4.9664E-03
 -5.4391E-03
 -5.8962E-03
 -6.3378E-03
 -6.7640E-03
 -7.1746E-03
 -7.5697E-03
 -7.9494E-03
 -8.3135E-03
 -8.6622E-03
 -8.9953E-03
 -9.3130E-03
 -9.6152E-03
 -9.9019E-03
 -1.0173E-02
 -1.0429E-02
 -1.0669E-02
 -1.0894E-02
 -1.1103E-02
 -1.1296E-02
 -1.1475E-02
 -1.1637E-02
 -1.1785E-02
 -1.1916E-02
 -1.2033E-02
 -1.2133E-02
 -1.2218E-02
 -1.2288E-02
 -1.2342E-02
 -1.2381E-02
 -1.2404E-02
 -1.2412E-02
 -1.2404E-02
 -1.2381E-02
 -1.2342E-02
 -1.2288E-02
 -1.2218E-02
 -1.2133E-02
 -1.2033E-02
 -1.1916E-02
 -1.1785E-02
 -1.1637E-02
 -1.1475E-02
 -1.1296E-02
 -1.1103E-02
 -1.0894E-02
 -1.0669E-02
 -1.0429E-02
 -1.0173E-02
 -9.9019E-03
 -9.6152E-03
 -9.3130E-03
 -8.9954E-03
 -8.6622E-03
 -8.3135E-03
 -7.9494E-03
 -7.5697E-03
 -7.1746E-03
 -6.7640E-03
 -6.3379E-03
 -5.8963E-03
 -5.4391E-03
 -4.9665E-03
 -4.4782E-03
 -3.9742E-03
 -3.4543E-03
 -2.9184E-03
 -2.3662E-03
 -1.7975E-03
 -1.2127E-03
 -6.1307E-04
  0.0000E+00
  0.0000E+00
 -6.3805E-04
 -1.2532E-03
 -1.8461E-03
 -2.4188E-03
 -2.9727E-03
 -3.5092E-03
 -4.0291E-03
 -4.5330E-03
 -5.0211E-03
 -5.4936E-03
 -5.9506E-03
 -6.3922E-03
 -6.8182E-03
 -7.2288E-03
 -7.6240E-03
 -8.0036E-03
 -8.3678E-03
 -8.7164E-03
 -9.0496E-03
 -9.3673E-03
 -9.6694E-03
 -9.9561E-03
 -1.0227E-02
 -1.0483E-02
 -1.0723E-02
 -1.0948E-02
 -1.1157E-02
 -1.1351E-02
 -1.1529E-02
 -1.1692E-02
 -1.1839E-02
 -1.1971E-02
 -1.2087E-02
 -1.2187E-02
 -1.2273E-02
 -1.2342E-02
 -1.2397E-02
 -1.2435E-02
 -1.2459E-02
 -1.2466E-02
 -1.2459E-02
 -1.2435E-02
 -1.2397E-02
 -1.2342E-02
 -1.2273E-02
 -1.2187E-02
 -1.2087E-02
 -1.1971E-02
 -1.1839E-02
 -1.1692E-02
 -1.1529E-02
 -1.1351E-02
 -1.1157E-02
 -1.0948E-02
 -1.0723E-02
 -1.0483E-02
 -1.0227E-02
 -9.9561E-03
 -9.6694E-03
 -9.3673E-03
 -9.0496E-03
 -8.7164E-03
 -8.3678E-03
 -8.0036E-03
 -7.6240E-03
 -7.2289E-03
 -6.8183E-03
 -6.3922E-03
 -5.9506E-03
 -5.4936E-03
 -5.0211E-03
 -4.5330E-03
 -4.0292E-03
 -3.5093E-03
 -2.9727E-03
 -2.4188E-03
 -1.8461E-03
 -1.2532E-03
 -6.3804E-04
  0.0000E+00
  0.0000E+00
  0.0000E+00
 -6.4912E-04
 -6.2415E-04
 -1.2746E-03
 -1.2341E-03
 -1.8752E-03
 -1.8265E-03
 -2.4526E-03
 -2.4000E-03
 -3.0093E-03
 -2.9550E-03
 -3.5472E-03
 -3.4923E-03
 -4.0678E-03
 -4.0128E-03
 -4.5719E-03
 -4.5170E-03
 -5.0600E-03
 -5.0054E-03
 -5.5325E-03
 -5.4780E-03
 -5.9895E-03
 -5.9351E-03
 -6.4310E-03
 -6.3767E-03
 -6.8570E-03
 -6.8028E-03
 -7.2676E-03
 -7.2134E-03
 -7.6627E-03
 -7.6085E-03
 -8.0423E-03
 -7.9881E-03
 -8.4065E-03
 -8.3523E-03
 -8.7552E-03
 -8.7009E-03
 -9.0883E-03
 -9.0341E-03
 -9.4060E-03
 -9.3518E-03
 -9.7082E-03
 -9.6539E-03
 -9.9949E-03
 -9.9406E-03
 -1.0266E-02
 -1.0212E-02
 -1.0522E-02
 -1.0467E-02
 -1.0762E-02
 -1.0708E-02
 -1.0987E-02
 -1.0932E-02
 -1.1196E-02
 -1.1142E-02
 -1.1389E-02
 -1.1335E-02
 -1.1568E-02
 -1.1513E-02
 -1.1730E-02
 -1.1676E-02
 -1.1878E-02
 -1.1823E-02
 -1.2009E-02
 -1.1955E-02
 -1.2126E-02
 -1.2071E-02
 -1.2226E-02
 -1.2172E-02
 -1.2311E-02
 -1.2257E-02
 -1.2381E-02
 -1.2327E-02
 -1.2435E-02
 -1.2381E-02
 -1.2474E-02
 -1.2420E-02
 -1.2497E-02
 -1.2443E-02
 -1.2505E-02
 -1.2451E-02
 -1.2497E-02
 -1.2443E-02
 -1.2474E-02
 -1.2420E-02
 -1.2435E-02
 -1.2381E-02
 -1.2381E-02
 -1.2327E-02
 -1.2311E-02
 -1.2257E-02
 -1.2226E-02
 -1.2172E-02
 -1.2126E-02
 -1.2071E-02
 -1.2009E-02
 -1.1955E-02
 -1.1878E-02
 -1.1823E-02
 -1.1730E-02
 -1.1676E-02
 -1.1568E-02
 -1.1513E-02
 -1.1389E-02
 -1.1335E-02
 -1.1196E-02
 -1.1142E-02
 -1.0987E-02
 -1.0932E-02
 -1.0762E-02
 -1.0708E-02
 -1.0522E-02
 -1.0467E-02
 -1.0266E-02
 -1.0212E-02
 -9.9949E-03
 -9.9406E-03
 -9.7082E-03
 -9.6539E-03
 -9.4060E-03
 -9.3518E-03
 -9.0883E-03
 -9.0341E-03
 -8.7552E-03
 -8.7009E-03
 -8.4065E-03
 -8.3523E-03
 -8.0424E-03
 -7.9881E-03
 -7.6627E-03
 -7.6085E-03
 -7.2676E-03
 -7.2134E-03
 -6.8570E-03
 -6.8028E-03
 -6.4310E-03
 -6.3767E-03
 -5.9895E-03
 -5.9351E-03
 -5.5326E-03
 -5.4781E-03
 -5.0601E-03
 -5.0054E-03
 -4.5719E-03
 -4.5171E-03
 -4.0678E-03
 -4.0129E-03
 -3.5473E-03
 -3.4923E-03
 -3.0093E-03
 -2.9550E-03
 -2.4526E-03
 -2.4000E-03
 -1.8751E-03
 -1.8265E-03
 -1.2746E-03
 -1.2341E-03
 -6.4911E-04
 -6.2414E-04
  0.0000E+00
  0.0000E+00
  0.0000E+00
 -6.1307E-04
 -1.2127E-03
 -1.7975E-03
 -2.3662E-03
 -2.9184E-03
 -3.4543E-03
 -3.9742E-03
 -4.4781E-03
 -4.9664E-03
 -5.4391E-03
 -5.8962E-03
 -6.3378E-03
 -6.7640E-03
 -7.1746E-03
 -7.5697E-03
 -7.9494E-03
 -8.3135E-03
 -8.6622E-03
 -8.9953E-03
 -9.3130E-03
 -9.6152E-03
 -9.9019E-03
 -1.0173E-02
 -1.0429E-02
 -1.0669E-02
 -1.0894E-02
 -1.1103E-02
 -1.1296E-02
 -1.1475E-02
 -1.1637E-02
 -1.1785E-02
 -1.1916E-02
 -1.2033E-02
 -1.2133E-02
 -1.2218E-02
 -1.2288E-02
 -1.2342E-02
 -1.2381E-02
 -1.2404E-02
 -1.2412E-02
 -1.2404E-02
 -1.2381E-02
 -1.2342E-02
 -1.2288E-02
 -1.2218E-02
 -1.2133E-02
 -1.2033E-02
 -1.1916E-02
 -1.1785E-02
 -1.1637E-02
 -1.1475E-02
 -1.1296E-02
 -1.1103E-02
 -1.0894E-02
 -1.0669E-02
 -1.0429E-02
 -1.0173E-02
 -9.9019E-03
 -9.6152E-03
 -9.3130E-03
 -8.9954E-03
 -8.6622E-03
 -8.3135E-03
 -7.9494E-03
 -7.5697E-03
 -7.1746E-03
 -6.7640E-03
 -6.3379E-03
 -5.8963E-03
 -5.4391E-03
 -4.9665E-03
 -4.4782E-03
 -3.9742E-03
 -3.4543E-03
 -2.9184E-03
 -2.3662E-03
 -1.7975E-03
 -1.2127E-03
 -6.1307E-04
  0.0000E+00
  0.0000E+00
 -6.0768E-04
 -1.2021E-03
 -1.7823E-03
 -2.3475E-03
 -2.8975E-03
 -3.4321E-03
 -3.9513E-03
 -4.4549E-03
 -4.9431E-03
 -5.4158E-03
 -5.8729E-03
 -6.3145E-03
 -6.7407E-03
 -7.1513E-03
 -7.5465E-03
 -7.9261E-03
 -8.2903E-03
 -8.6389E-03
 -8.9721E-03
 -9.2898E-03
 -9.5919E-03
 -9.8786E-03
 -1.0150E-02
 -1.0405E-02
 -1.0646E-02
 -1.0870E-02
 -1.1080E-02
 -1.1273E-02
 -1.1451E-02
 -1.1614E-02
 -1.1761E-02
 -1.1893E-02
 -1.2009E-02
 -1.2110E-02
 -1.2195E-02
 -1.2265E-02
 -1.2319E-02
 -1.2358E-02
 -1.2381E-02
 -1.2389E-02
 -1.2381E-02
 -1.2358E-02
 -1.2319E-02
 -1.2265E-02
 -1.2195E-02
 -1.2110E-02
 -1.2009E-02
 -1.1893E-02
 -1.1761E-02
 -1.1614E-02
 -1.1451E-02
 -1.1273E-02
 -1.1080E-02
 -1.0870E-02
 -1.0646E-02
 -1.0406E-02
 -1.0150E-02
 -9.8786E-03
 -9.5920E-03
 -9.2898E-03
 -8.9721E-03
 -8.6389E-03
 -8.2903E-03
 -7.9261E-03
 -7.5465E-03
 -7.1513E-03
 -6.7407E-03
 -6.3146E-03
 -5.8729E-03
 -5.4158E-03
 -4.9431E-03
 -4.4550E-03
 -3.9513E-03
 -3.4322E-03
 -2.8975E-03
 -2.3475E-03
 -1.7823E-03
 -1.2021E-03
 -6.0767E-04
  0.0000E+00
  0.0000E+00
 -6.0604E-04
 -1.1988E-03
 -1.7775E-03
 -2.3416E-03
 -2.8907E-03
 -3.4248E-03
 -3.9437E-03
 -4.4472E-03
 -4.9353E-03
 -5.4080E-03
 -5.8651E-03
 -6.3068E-03
 -6.7329E-03
 -7.1436E-03
 -7.5387E-03
 -7.9184E-03
 -8.2825E-03
 -8.6312E-03
 -8.9644E-03
 -9.2820E-03
 -9.5842E-03
 -9.8709E-03
 -1.0142E-02
 -1.0398E-02
 -1.0638E-02
 -1.0863E-02
 -1.1072E-02
 -1.1265E-02
 -1.1444E-02
 -1.1606E-02
 -1.1754E-02
 -1.1885E-02
 -1.2002E-02
 -1.2102E-02
 -1.2188E-02
 -1.2257E-02
 -1.2311E-02
 -1.2350E-02
 -1.2373E-02
 -1.2381E-02
 -1.2373E-02
 -1.2350E-02
 -1.2311E-02
 -1.2257E-02
 -1.2187E-02
 -1.2102E-02
 -1.2002E-02
 -1.1885E-02
 -1.1754E-02
 -1.1606E-02
 -1.1444E-02
 -1.1266E-02
 -1.1072E-02
 -1.0863E-02
 -1.0638E-02
 -1.0398E-02
 -1.0142E-02
 -9.8709E-03
 -9.5842E-03
 -9.2820E-03
 -8.9644E-03
 -8.6312E-03
 -8.2825E-03
 -7.9184E-03
 -7.5387E-03
 -7.1436E-03
 -6.7329E-03
 -6.3068E-03
 -5.8651E-03
 -5.4080E-03
 -4.9354E-03
 -4.4473E-03
 -3.9438E-03
 -3.4249E-03
 -2.8907E-03
 -2.3416E-03
 -1.7775E-03
 -1.1988E-03
 -6.0604E-04
  0.0000E+00
  0.0000E+00
 -6.0768E-04
 -1.2021E-03
 -1.7823E-03
 -2.3475E-03
 -2.8975E-03
 -3.4321E-03
 -3.9513E-03
 -4.4549E-03
 -4.9431E-03
 -5.4158E-03
 -5.8729E-03
 -6.3145E-03
 -6.7407E-03
 -7.1513E-03
 -7.5465E-03
 -7.9261E-03
 -8.2903E-03
 -8.6389E-03
 -8.9721E-03
 -9.2898E-03
 -9.5919E-03
 -9.8786E-03
 -1.0150E-02
 -1.0405E-02
 -1.0646E-02
 -1.0870E-02
 -1.1080E-02
 -1.1273E-02
 -1.1451E-02
 -1.1614E-02
 -1.1761E-02
 -1.1893E-02
 -1.2009E-02
 -1.2110E-02
 -1.2195E-02
 -1.2265E-02
 -1.2319E-02
 -1.2358E-02
 -1.2381E-02
 -1.2389E-02
 -1.2381E-02
 -1.2358E-02
 -1.2319E-02
 -1.2265E-02
 -1.2195E-02
 -1.2110E-02
 -1.2009E-02
 -1.1893E-02
 -1.1761E-02
 -1.1614E-02
 -1.1451E-02
 -1.1273E-02
 -1.1080E-02
 -1.0870E-02
 -1.0646E-02
 -1.0406E-02
 -1.0150E-02
 -9.8786E-03
 -9.5920E-03
 -9.2898E-03
 -8.9721E-03
 -8.6389E-03
 -8.2903E-03
 -7.9261E-03
 -7.5465E-03
 -7.1513E-03
 -6.7407E-03
 -6.3146E-03
 -5.8729E-03
 -5.4158E-03
 -4.9431E-03
 -4.4550E-03
 -3.9513E-03
 -3.4322E-03
 -2.8975E-03
 -2.3475E-03
 -1.7823E-03
 -1.2021E-03
 -6.0767E-04
  0.0000E+00
  0.0000E+00
 -6.1307E-04
 -1.2127E-03
 -1.7975E-03
 -2.3662E-03
 -2.9184E-03
 -3.4543E-03
 -3.9742E-03
 -4.4781E-03
 -4.9664E-03
 -5.4391E-03
 -5.8962E-03
 -6.3378E-03
 -6.7640E-03
 -7.1746E-03
 -7.5697E-03
 -7.9494E-03
 -8.3135E-03
 -8.6622E-03
 -8.9953E-03
 -9.3130E-03
 -9.6152E-03
 -9.9019E-03
 -1.0173E-02
 -1.0429E-02
 -1.0669E-02
 -1.0894E-02
 -1.1103E-02
 -1.1296E-02
 -1.1475E-02
 -1.1637E-02
 -1.1785E-02
 -1.1916E-02
 -1.2033E-02
 -1.2133E-02
 -1.2218E-02
 -1.2288E-02
 -1.2342E-02
 -1.2381E-02
 -1.2404E-02
 -1.2412E-02
 -1.2404E-02
 -1.2381E-02
 -1.2342E-02
 -1.2288E-02
 -1.2218E-02
 -1.2133E-02
 -1.2033E-02
 -1.1916E-02
 -1.1785E-02
 -1.1637E-02
 -1.1475E-02
 -1.1296E-02
 -1.1103E-02
 -1.0894E-02
 -1.0669E-02
 -1.0429E-02
 -1.0173E-02
 -9.9019E-03
 -9.6152E-03
 -9.3130E-03
 -8.9954E-03
 -8.6622E-03
 -8.3135E-03
 -7.9494E-03
 -7.5697E-03
 -7.1746E-03
 -6.7640E-03
 -6.3379E-03
 -5.8963E-03
 -5.4391E-03
 -4.9665E-03
 -4.4782E-03
 -3.9742E-03
 -3.4543E-03
 -2.9184E-03
 -2.3662E-03
 -1.7975E-03
 -1.2127E-03
 -6.1307E-04
  0.0000E+00
  0.0000E+00
 -6.2415E-04
 -1.2341E-03
 -1.8265E-03
 -2.4000E-03
 -2.9550E-03
 -3.4923E-03
 -4.0128E-03
 -4.5170E-03
 -5.0054E-03
 -5.4780E-03
 -5.9351E-03
 -6.3767E-03
 -6.8028E-03
 -7.2134E-03
 -7.6085E-03
 -7.9881E-03
 -8.3523E-03
 -8.7009E-03
 -9.0341E-03
 -9.3518E-03
 -9.6539E-03
 -9.9406E-03
 -1.0212E-02
 -1.0467E-02
 -1.0708E-02
 -1.0932E-02
 -1.1142E-02
 -1.1335E-02
 -1.1513E-02
 -1.1676E-02
 -1.1823E-02
 -1.1955E-02
 -1.2071E-02
 -1.2172E-02
 -1.2257E-02
 -1.2327E-02
 -1.2381E-02
 -1.2420E-02
 -1.2443E-02
 -1.2451E-02
 -1.2443E-02
 -1.2420E-02
 -1.2381E-02
 -1.2327E-02
 -1.2257E-02
 -1.2172E-02
 -1.2071E-02
 -1.1955E-02
 -1.1823E-02
 -1.1676E-02
 -1.1513E-02
 -1.1335E-02
 -1.1142E-02
 -1.0932E-02
 -1.0708E-02
 -1.0467E-02
 -1.0212E-02
 -9.9406E-03
 -9.6539E-03
 -9.3518E-03
 -9.0341E-03
 -8.7009E-03
 -8.3523E-03
 -7.9881E-03
 -7.6085E-03
 -7.2134E-03
 -6.8028E-03
 -6.3767E-03
 -5.9351E-03
 -5.4781E-03
 -5.0054E-03
 -4.5171E-03
 -4.0129E-03
 -3.4923E-03
 -2.9550E-03
 -2.4000E-03
 -1.8265E-03
 -1.2341E-03
 -6.2414E-04
  0.0000E+00
  0.0000E+00
 -6.4912E-04
 -1.2746E-03
 -1.8752E-03
 -2.4526E-03
 -3.0093E-03
 -3.5472E-03
 -4.0678E-03
 -4.5719E-03
 -5.0600E-03
 -5.5325E-03
 -5.9895E-03
 -6.4310E-03
 -6.8570E-03
 -7.2676E-03
 -7.6627E-03
 -8.0423E-03
 -8.4065E-03
 -8.7552E-03
 -9.0883E-03
 -9.4060E-03
 -9.7082E-03
 -9.9949E-03
 -1.0266E-02
 -1.0522E-02
 -1.0762E-02
 -1.0987E-02
 -1.1196E-02
 -1.1389E-02
 -1.1568E-02
 -1.1730E-02
 -1.1878E-02
 -1.2009E-02
 -1.2126E-02
 -1.2226E-02
 -1.2311E-02
 -1.2381E-02
 -1.2435E-02
 -1.2474E-02
 -1.2497E-02
 -1.2505E-02
 -1.2497E-02
 -1.2474E-02
 -1.2435E-02
 -1.2381E-02
 -1.2311E-02
 -1.2226E-02
 -1.2126E-02
 -1.2009E-02
 -1.1878E-02
 -1.1730E-02
 -1.1568E-02
 -1.1389E-02
 -1.1196E-02
 -1.0987E-02
 -1.0762E-02
 -1.0522E-02
 -1.0266E-02
 -9.9949E-03
 -9.7082E-03
 -9.4060E-03
 -9.0883E-03
 -8.7552E-03
 -8.4065E-03
 -8.0424E-03
 -7.6627E-03
 -7.2676E-03
 -6.8570E-03
 -6.4310E-03
 -5.9895E-03
 -5.5326E-03
 -5.0601E-03
 -4.5719E-03
 -4.0678E-03
 -3.5473E-03
 -3.0093E-03
 -2.4526E-03
 -1.8751E-03
 -1.2746E-03
 -6.4911E-04
  0.0000E+00
  0.0000E+00
  0.0000E+00
 -6.7410E-04
 -6.4912E-04
 -1.3151E-03
 -1.2746E-03
 -1.9238E-03
 -1.8752E-03
 -2.5052E-03
 -2.4526E-03
 -3.0636E-03
 -3.0093E-03
 -3.6021E-03
 -3.5472E-03
 -4.1227E-03
 -4.0678E-03
 -4.6267E-03
 -4.5719E-03
 -5.1147E-03
 -5.0600E-03
 -5.5870E-03
 -5.5325E-03
 -6.0439E-03
 -5.9895E-03
 -6.4853E-03
 -6.4310E-03
 -6.9113E-03
 -6.8570E-03
 -7.3218E-03
 -7.2676E-03
 -7.7169E-03
 -7.6627E-03
 -8.0966E-03
 -8.0423E-03
 -8.4607E-03
 -8.4065E-03
 -8.8094E-03
 -8.7552E-03
 -9.1426E-03
 -9.0883E-03
 -9.4602E-03
 -9.4060E-03
 -9.7624E-03
 -9.7082E-03
 -1.0049E-02
 -9.9949E-03
 -1.0320E-02
 -1.0266E-02
 -1.0576E-02
 -1.0522E-02
 -1.0816E-02
 -1.0762E-02
 -1.1041E-02
 -1.0987E-02
 -1.1250E-02
 -1.1196E-02
 -1.1444E-02
 -1.1389E-02
 -1.1622E-02
 -1.1568E-02
 -1.1785E-02
 -1.1730E-02
 -1.1932E-02
 -1.1878E-02
 -1.2064E-02
 -1.2009E-02
 -1.2180E-02
 -1.2126E-02
 -1.2280E-02
 -1.2226E-02
 -1.2366E-02
 -1.2311E-02
 -1.2435E-02
 -1.2381E-02
 -1.2490E-02
 -1.2435E-02
 -1.2528E-02
 -1.2474E-02
 -1.2552E-02
 -1.2497E-02
 -1.2559E-02
 -1.2505E-02
 -1.2552E-02
 -1.2497E-02
 -1.2528E-02
 -1.2474E-02
 -1.2490E-02
 -1.2435E-02
 -1.2435E-02
 -1.2381E-02
 -1.2366E-02
 -1.2311E-02
 -1.2280E-02
 -1.2226E-02
 -1.2180E-02
 -1.2126E-02
 -1.2064E-02
 -1.2009E-02
 -1.1932E-02
 -1.1878E-02
 -1.1785E-02
 -1.1730E-02
 -1.1622E-02
 -1.1568E-02
 -1.1444E-02
 -1.1389E-02
 -1.1250E-02
 -1.1196E-02
 -1.1041E-02
 -1.0987E-02
 -1.0816E-02
 -1.0762E-02
 -1.0576E-02
 -1.0522E-02
 -1.0320E-02
 -1.0266E-02
 -1.0049E-02
 -9.9949E-03
 -9.7624E-03
 -9.7082E-03
 -9.4602E-03
 -9.4060E-03
 -9.1426E-03
 -9.0883E-03
 -8.8094E-03
 -8.7552E-03
 -8.4607E-03
 -8.4065E-03
 -8.0966E-03
 -8.0424E-03
 -7.7170E-03
 -7.6627E-03
 -7.3219E-03
 -7.2676E-03
 -6.9113E-03
 -6.8570E-03
 -6.4853E-03
 -6.4310E-03
 -6.0439E-03
 -5.9895E-03
 -5.5871E-03
 -5.5326E-03
 -5.1147E-03
 -5.0601E-03
 -4.6268E-03
 -4.5719E-03
 -4.1228E-03
 -4.0678E-03
 -3.6022E-03
 -3.5473E-03
 -3.0636E-03
 -3.0093E-03
 -2.5052E-03
 -2.4526E-03
 -1.9237E-03
 -1.8751E-03
 -1.3151E-03
 -1.2746E-03
 -6.7409E-04
 -6.4911E-04
  0.0000E+00
  0.0000E+00
  0.0000E+00
 -6.3805E-04
 -1.2532E-03
 -1.8461E-03
 -2.4188E-03
 -2.9727E-03
 -3.5092E-03
 -4.0291E-03
 -4.5330E-03
 -5.0211E-03
 -5.4936E-03
 -5.9506E-03
 -6.3922E-03
 -6.8182E-03
 -7.2288E-03
 -7.6240E-03
 -8.0036E-03
 -8.3678E-03
 -8.7164E-03
 -9.0496E-03
 -9.3673E-03
 -9.6694E-03
 -9.9561E-03
 -1.0227E-02
 -1.0483E-02
 -1.0723E-02
 -1.0948E-02
 -1.1157E-02
 -1.1351E-02
 -1.1529E-02
 -1.1692E-02
 -1.1839E-02
 -1.1971E-02
 -1.2087E-02
 -1.2187E-02
 -1.2273E-02
 -1.2342E-02
 -1.2397E-02
 -1.2435E-02
 -1.2459E-02
 -1.2466E-02
 -1.2459E-02
 -1.2435E-02
 -1.2397E-02
 -1.2342E-02
 -1.2273E-02
 -1.2187E-02
 -1.2087E-02
 -1.1971E-02
 -1.1839E-02
 -1.1692E-02
 -1.1529E-02
 -1.1351E-02
 -1.1157E-02
 -1.0948E-02
 -1.0723E-02
 -1.0483E-02
 -1.0227E-02
 -9.9561E-03
 -9.6694E-03
 -9.3673E-03
 -9.0496E-03
 -8.7164E-03
 -8.3678E-03
 -8.0036E-03
 -7.6240E-03
 -7.2289E-03
 -6.8183E-03
 -6.3922E-03
 -5.9506E-03
 -5.4936E-03
 -5.0211E-03
 -4.5330E-03
 -4.0292E-03
 -3.5093E-03
 -2.9727E-03
 -2.4188E-03
 -1.8461E-03
 -1.2532E-03
 -6.3804E-04
  0.0000E+00
  0.0000E+00
 -6.3265E-04
 -1.2426E-03
 -1.8309E-03
 -2.4001E-03
 -2.9518E-03
 -3.4870E-03
 -4.0062E-03
 -4.5098E-03
 -4.9977E-03
 -5.4702E-03
 -5.9273E-03
 -6.3688E-03
 -6.7949E-03
 -7.2056E-03
 -7.6007E-03
 -7.9804E-03
 -8.3445E-03
 -8.6932E-03
 -9.0263E-03
 -9.3440E-03
 -9.6462E-03
 -9.9329E-03
 -1.0204E-02
 -1.0460E-02
 -1.0700E-02
 -1.0925E-02
 -1.1134E-02
 -1.1327E-02
 -1.1506E-02
 -1.1668E-02
 -1.1816E-02
 -1.1947E-02
 -1.2064E-02
 -1.2164E-02
 -1.2249E-02
 -1.2319E-02
 -1.2373E-02
 -1.2412E-02
 -1.2435E-02
 -1.2443E-02
 -1.2435E-02
 -1.2412E-02
 -1.2373E-02
 -1.2319E-02
 -1.2249E-02
 -1.2164E-02
 -1.2064E-02
 -1.1947E-02
 -1.1816E-02
 -1.1668E-02
 -1.1506E-02
 -1.1327E-02
 -1.1134E-02
 -1.0925E-02
 -1.0700E-02
 -1.0460E-02
 -1.0204E-02
 -9.9329E-03
 -9.6462E-03
 -9.3440E-03
 -9.0263E-03
 -8.6932E-03
 -8.3445E-03
 -7.9804E-03
 -7.6007E-03
 -7.2056E-03
 -6.7950E-03
 -6.3689E-03
 -5.9273E-03
 -5.4703E-03
 -4.9978E-03
 -4.5098E-03
 -4.0063E-03
 -3.4871E-03
 -2.9518E-03
 -2.4001E-03
 -1.8309E-03
 -1.2426E-03
 -6.3265E-04
  0.0000E+00
  0.0000E+00
 -6.3101E-04
 -1.2393E-03
 -1.8261E-03
 -2.3941E-03
 -2.9451E-03
 -3.4797E-03
 -3.9987E-03
 -4.5021E-03
 -4.9900E-03
 -5.4625E-03
 -5.9195E-03
 -6.3611E-03
 -6.7872E-03
 -7.1978E-03
 -7.5929E-03
 -7.9726E-03
 -8.3368E-03
 -8.6854E-03
 -9.0186E-03
 -9.3363E-03
 -9.6384E-03
 -9.9251E-03
 -1.0196E-02
 -1.0452E-02
 -1.0692E-02
 -1.0917E-02
 -1.1126E-02
 -1.1320E-02
 -1.1498E-02
 -1.1661E-02
 -1.1808E-02
 -1.1940E-02
 -1.2056E-02
 -1.2157E-02
 -1.2242E-02
 -1.2311E-02
 -1.2366E-02
 -1.2404E-02
 -1.2428E-02
 -1.2435E-02
 -1.2428E-02
 -1.2404E-02
 -1.2366E-02
 -1.2311E-02
 -1.2242E-02
 -1.2157E-02
 -1.2056E-02
 -1.1940E-02
 -1.1808E-02
 -1.1661E-02
 -1.1498E-02
 -1.1320E-02
 -1.1126E-02
 -1.0917E-02
 -1.0692E-02
 -1.0452E-02
 -1.0196E-02
 -9.9251E-03
 -9.6384E-03
 -9.3363E-03
 -9.0186E-03
 -8.6854E-03
 -8.3368E-03
 -7.9726E-03
 -7.5930E-03
 -7.1978E-03
 -6.7872E-03
 -6.3611E-03
 -5.9195E-03
 -5.4625E-03
 -4.9900E-03
 -4.5021E-03
 -3.9987E-03
 -3.4798E-03
 -2.9451E-03
 -2.3941E-03
 -1.8261E-03
 -1.2393E-03
 -6.3101E-04
  0.0000E+00
  0.0000E+00
 -6.3265E-04
 -1.2426E-03
 -1.8309E-03
 -2.4001E-03
 -2.9518E-03
 -3.4870E-03
 -4.0062E-03
 -4.5098E-03
 -4.9977E-03
 -5.4702E-03
 -5.9273E-03
 -6.3688E-03
 -6.7949E-03
 -7.2056E-03
 -7.6007E-03
 -7.9804E-03
 -8.3445E-03
 -8.6932E-03
 -9.0263E-03
 -9.3440E-03
 -9.6462E-03
 -9.9329E-03
 -1.0204E-02
 -1.0460E-02
 -1.0700E-02
 -1.0925E-02
 -1.1134E-02
 -1.1327E-02
 -1.1506E-02
 -1.1668E-02
 -1.1816E-02
 -1.1947E-02
 -1.2064E-02
 -1.2164E-02
 -1.2249E-02
 -1.2319E-02
 -1.2373E-02
 -1.2412E-02
 -1.2435E-02
 -1.2443E-02
 -1.2435E-02
 -1.2412E-02
 -1.2373E-02
 -1.2319E-02
 -1.2249E-02
 -1.2164E-02
 -1.2064E-02
 -1.1947E-02
 -1.1816E-02
 -1.1668E-02
 -1.1506E-02
 -1.1327E-02
 -1.1134E-02
 -1.0925E-02
 -1.0700E-02
 -1.0460E-02
 -1.0204E-02
 -9.9329E-03
 -9.6462E-03
 -9.3440E-03
 -9.0263E-03
 -8.6932E-03
 -8.3445E-03
 -7.9804E-03
 -7.6007E-03
 -7.2056E-03
 -6.7950E-03
 -6.3689E-03
 -5.9273E-03
 -5.4703E-03
 -4.9978E-03
 -4.5098E-03
 -4.0063E-03
 -3.4871E-03
 -2.9518E-03
 -2.4001E-03
 -1.8309E-03
 -1.2426E-03
 -6.3265E-04
  0.0000E+00
  0.0000E+00
 -6.3805E-04
 -1.2532E-03
 -1.8461E-03
 -2.4188E-03
 -2.9727E-03
 -3.5092E-03
 -4.0291E-03
 -4.5330E-03
 -5.0211E-03
 -5.4936E-03
 -5.9506E-03
 -6.3922E-03
 -6.8182E-03
 -7.2288E-03
 -7.6240E-03
 -8.0036E-03
 -8.3678E-03
 -8.7164E-03
 -9.0496E-03
 -9.3673E-03
 -9.6694E-03
 -9.9561E-03
 -1.0227E-02
 -1.0483E-02
 -1.0723E-02
 -1.0948E-02
 -1.1157E-02
 -1.1351E-02
 -1.1529E-02
 -1.1692E-02
 -1.1839E-02
 -1.1971E-02
 -1.2087E-02
 -1.2187E-02
 -1.2273E-02
 -1.2342E-02
 -1.2397E-02
 -1.2435E-02
 -1.2459E-02
 -1.2466E-02
 -1.2459E-02
 -1.2435E-02
 -1.2397E-02
 -1.2342E-02
 -1.2273E-02
 -1.2187E-02
 -1.2087E-02
 -1.1971E-02
 -1.1839E-02
 -1.1692E-02
 -1.1529E-02
 -1.1351E-02
 -1.1157E-02
 -1.0948E-02
 -1.0723E-02
 -1.0483E-02
 -1.0227E-02
 -9.9561E-03
 -9.6694E-03
 -9.3673E-03
 -9.0496E-03
 -8.7164E-03
 -8.3678E-03
 -8.0036E-03
 -7.6240E-03
 -7.2289E-03
 -6.8183E-03
 -6.3922E-03
 -5.9506E-03
 -5.4936E-03
 -5.0211E-03
 -4.5330E-03
 -4.0292E-03
 -3.5093E-03
 -2.9727E-03
 -2.4188E-03
 -1.8461E-03
 -1.2532E-03
 -6.3804E-04
  0.0000E+00
  0.0000E+00
 -6.4912E-04
 -1.2746E-03
 -1.8752E-03
 -2.4526E-03
 -3.0093E-03
 -3.5472E-03
 -4.0678E-03
 -4.5719E-03
 -5.0600E-03
 -5.5325E-03
 -5.9895E-03
 -6.4310E-03
 -6.8570E-03
 -7.2676E-03
 -7.6627E-03
 -8.0423E-03
 -8.4065E-03
 -8.7552E-03
 -9.0883E-03
 -9.4060E-03
 -9.7082E-03
 -9.9949E-03
 -1.0266E-02
 -1.0522E-02
 -1.0762E-02
 -1.0987E-02
 -1.1196E-02
 -1.1389E-02
 -1.1568E-02
 -1.1730E-02
 -1.1878E-02
 -1.2009E-02
 -1.2126E-02
 -1.2226E-02
 -1.2311E-02
 -1.2381E-02
 -1.2435E-02
 -1.2474E-02
 -1.2497E-02
 -1.2505E-02
 -1.2497E-02
 -1.2474E-02
 -1.2435E-02
 -1.2381E-02
 -1.2311E-02
 -1.2226E-02
 -1.2126E-02
 -1.2009E-02
 -1.1878E-02
 -1.1730E-02
 -1.1568E-02
 -1.1389E-02
 -1.1196E-02
 -1.0987E-02
 -1.0762E-02
 -1.0522E-02
 -1.0266E-02
 -9.9949E-03
 -9.7082E-03
 -9.4060E-03
 -9.0883E-03
 -8.7552E-03
 -8.4065E-03
 -8.0424E-03
 -7.6627E-03
 -7.2676E-03
 -6.8570E-03
 -6.4310E-03
 -5.9895E-03
 -5.5326E-03
 -5.0601E-03
 -4.5719E-03
 -4.0678E-03
 -3.5473E-03
 -3.0093E-03
 -2.4526E-03
 -1.8751E-03
 -1.2746E-03
 -6.4911E-04
  0.0000E+00
  0.0000E+00
 -6.7410E-04
 -1.3151E-03
 -1.9238E-03
 -2.5052E-03
 -3.0636E-03
 -3.6021E-03
 -4.1227E-03
 -4.6267E-03
 -5.1147E-03
 -5.5870E-03
 -6.0439E-03
 -6.4853E-03
 -6.9113E-03
 -7.3218E-03
 -7.7169E-03
 -8.0966E-03
 -8.4607E-03
 -8.8094E-03
 -9.1426E-03
 -9.4602E-03
 -9.7624E-03
 -1.0049E-02
 -1.0320E-02
 -1.0576E-02
 -1.0816E-02
 -1.1041E-02
 -1.1250E-02
 -1.1444E-02
 -1.1622E-02
 -1.1785E-02
 -1.1932E-02
 -1.2064E-02
 -1.2180E-02
 -1.2280E-02
 -1.2366E-02
 -1.2435E-02
 -1.2490E-02
 -1.2528E-02
 -1.2552E-02
 -1.2559E-02
 -1.2552E-02
 -1.2528E-02
 -1.2490E-02
 -1.2435E-02
 -1.2366E-02
 -1.2280E-02
 -1.2180E-02
 -1.2064E-02
 -1.1932E-02
 -1.1785E-02
 -1.1622E-02
 -1.1444E-02
 -1.1250E-02
 -1.1041E-02
 -1.0816E-02
 -1.0576E-02
 -1.0320E-02
 -1.0049E-02
 -9.7624E-03
 -9.4602E-03
 -9.1426E-03
 -8.8094E-03
 -8.4607E-03
 -8.0966E-03
 -7.7170E-03
 -7.3219E-03
 -6.9113E-03
 -6.4853E-03
 -6.0439E-03
 -5.5871E-03
 -5.1147E-03
 -4.6268E-03
 -4.1228E-03
 -3.6022E-03
 -3.0636E-03
 -2.5052E-03
 -1.9237E-03
 -1.3151E-03
 -6.7409E-04
  0.0000E+00
