Scalar SIGMAZZ under Static for nodeset
6561
   0.0000E+00
 -1.1107E+09
 -1.0908E+09
 -1.0908E+09
 -1.0708E+09
 -1.1099E+09
 -1.0937E+09
 -1.0937E+09
 -1.0775E+09
 -1.0961E+09
 -1.0867E+09
 -1.0867E+09
 -1.0772E+09
 -1.0847E+09
 -1.0798E+09
 -1.0798E+09
 -1.0750E+09
 -1.0770E+09
 -1.0747E+09
 -1.0747E+09
 -1.0724E+09
 -1.0722E+09
 -1.0713E+09
 -1.0713E+09
 -1.0704E+09
 -1.0695E+09
 -1.0693E+09
 -1.0693E+09
 -1.0690E+09
 -1.0681E+09
 -1.0681E+09
 -1.0681E+09
 -1.0681E+09
 -1.0674E+09
 -1.0676E+09
 -1.0676E+09
 -1.0677E+09
 -1.0672E+09
 -1.0673E+09
 -1.0673E+09
 -1.0674E+09
 -1.0671E+09
 -1.0672E+09
 -1.0672E+09
 -1.0673E+09
 -1.0671E+09
 -1.0672E+09
 -1.0672E+09
 -1.0673E+09
 -1.0672E+09
 -1.0673E+09
 -1.0673E+09
 -1.0673E+09
 -1.0672E+09
 -1.0673E+09
 -1.0673E+09
 -1.0673E+09
 -1.0673E+09
 -1.0673E+09
 -1.0673E+09
 -1.0673E+09
 -1.0673E+09
 -1.0673E+09
 -1.0673E+09
 -1.0673E+09
 -1.0673E+09
 -1.0673E+09
 -1.0673E+09
 -1.0673E+09
 -1.0673E+09
 -1.0673E+09
 -1.0673E+09
 -1.0673E+09
 -1.0673E+09
 -1.0673E+09
 -1.0673E+09
 -1.0673E+09
 -1.0673E+09
 -1.0673E+09
 -1.0673E+09
 -1.0673E+09
 -1.0674E+09
 -1.0674E+09
 -1.0674E+09
 -1.0673E+09
 -1.0673E+09
 -1.0673E+09
 -1.0673E+09
 -1.0673E+09
 -1.0673E+09
 -1.0673E+09
 -1.0673E+09
 -1.0673E+09
 -1.0673E+09
 -1.0673E+09
 -1.0673E+09
 -1.0673E+09
 -1.0673E+09
 -1.0673E+09
 -1.0673E+09
 -1.0673E+09
 -1.0673E+09
 -1.0673E+09
 -1.0673E+09
 -1.0673E+09
 -1.0673E+09
 -1.0673E+09
 -1.0673E+09
 -1.0673E+09
 -1.0673E+09
 -1.0673E+09
 -1.0673E+09
 -1.0673E+09
 -1.0673E+09
 -1.0673E+09
 -1.0673E+09
 -1.0673E+09
 -1.0673E+09
 -1.0673E+09
 -1.0673E+09
 -1.0673E+09
 -1.0673E+09
 -1.0673E+09
 -1.0673E+09
 -1.0673E+09
 -1.0673E+09
 -1.0673E+09
 -1.0673E+09
 -1.0673E+09
 -1.0673E+09
 -1.0673E+09
 -1.0673E+09
 -1.0673E+09
 -1.0673E+09
 -1.0673E+09
 -1.0673E+09
 -1.0673E+09
 -1.0673E+09
 -1.0673E+09
 -1.0673E+09
 -1.0673E+09
 -1.0673E+09
 -1.0673E+09
 -1.0673E+09
 -1.0673E+09
 -1.0673E+09
 -1.0673E+09
 -1.0673E+09
 -1.0673E+09
 -1.0674E+09
 -1.0674E+09
 -1.0674E+09
 -1.0673E+09
 -1.0673E+09
 -1.0673E+09
 -1.0673E+09
 -1.0673E+09
 -1.0673E+09
 -1.0673E+09
 -1.0673E+09
 -1.0673E+09
 -1.0673E+09
 -1.0673E+09
 -1.0673E+09
 -1.0673E+09
 -1.0673E+09
 -1.0673E+09
 -1.0673E+09
 -1.0673E+09
 -1.0673E+09
 -1.0673E+09
 -1.0673E+09
 -1.0673E+09
 -1.0673E+09
 -1.0673E+09
 -1.0673E+09
 -1.0673E+09
 -1.0673E+09
 -1.0673E+09
 -1.0673E+09
 -1.0673E+09
 -1.0673E+09
 -1.0673E+09
 -1.0673E+09
 -1.0673E+09
 -1.0673E+09
 -1.0673E+09
 -1.0673E+09
 -1.0673E+09
 -1.0673E+09
 -1.0673E+09
 -1.0673E+09
 -1.0673E+09
 -1.0673E+09
 -1.0673E+09
 -1.0673E+09
 -1.0673E+09
 -1.0673E+09
 -1.0673E+09
 -1.0673E+09
 -1.0673E+09
 -1.0673E+09
 -1.0673E+09
 -1.0673E+09
 -1.0673E+09
 -1.0673E+09
 -1.0673E+09
 -1.0673E+09
 -1.0673E+09
 -1.0673E+09
 -1.0673E+09
 -1.0673E+09
 -1.0673E+09
 -1.0673E+09
 -1.0673E+09
 -1.0673E+09
 -1.0673E+09
 -1.0674E+09
 -1.0674E+09
 -1.0674E+09
 -1.0673E+09
 -1.0673E+09
 -1.0673E+09
 -1.0673E+09
 -1.0673E+09
 -1.0673E+09
 -1.0673E+09
 -1.0673E+09
 -1.0673E+09
 -1.0673E+09
 -1.0673E+09
 -1.0673E+09
 -1.0673E+09
 -1.0673E+09
 -1.0673E+09
 -1.0673E+09
 -1.0673E+09
 -1.0673E+09
 -1.0673E+09
 -1.0673E+09
 -1.0673E+09
 -1.0673E+09
 -1.0673E+09
 -1.0673E+09
 -1.0673E+09
 -1.0673E+09
 -1.0673E+09
 -1.0673E+09
 -1.0673E+09
 -1.0673E+09
 -1.0673E+09
 -1.0673E+09
 -1.0673E+09
 -1.0674E+09
 -1.0674E+09
 -1.0674E+09
 -1.0674E+09
 -1.0673E+09
 -1.0673E+09
 -1.0673E+09
 -1.0673E+09
 -1.0674E+09
 -1.0674E+09
 -1.0674E+09
 -1.0674E+09
 -1.0674E+09
 -1.0674E+09
 -1.0674E+09
 -1.0674E+09
 -1.0674E+09
 -1.0674E+09
 -1.0674E+09
 -1.0674E+09
 -1.0675E+09
 -1.0674E+09
 -1.0674E+09
 -1.0674E+09
 -1.0675E+09
 -1.0675E+09
 -1.0675E+09
 -1.0674E+09
 -1.0676E+09
 -1.0675E+09
 -1.0675E+09
 -1.0673E+09
 -1.0675E+09
 -1.0674E+09
 -1.0674E+09
 -1.0673E+09
 -1.0673E+09
 -1.0671E+09
 -1.0671E+09
 -1.0670E+09
 -1.0666E+09
 -1.0666E+09
 -1.0666E+09
 -1.0665E+09
 -1.0652E+09
 -1.0654E+09
 -1.0654E+09
 -1.0657E+09
 -1.0624E+09
 -1.0634E+09
 -1.0634E+09
 -1.0643E+09
 -1.0577E+09
 -1.0600E+09
 -1.0600E+09
 -1.0623E+09
 -1.0500E+09
 -1.0548E+09
 -1.0548E+09
 -1.0597E+09
 -1.0386E+09
 -1.0480E+09
 -1.0480E+09
 -1.0575E+09
 -1.0248E+09
 -1.0410E+09
 -1.0410E+09
 -1.0572E+09
 -1.0239E+09
 -1.0439E+09
 -1.0439E+09
 -1.0639E+09
 -1.0819E+09
 -1.0619E+09
 -1.0852E+09
 -1.0690E+09
 -1.0795E+09
 -1.0700E+09
 -1.0749E+09
 -1.0700E+09
 -1.0717E+09
 -1.0694E+09
 -1.0696E+09
 -1.0687E+09
 -1.0684E+09
 -1.0682E+09
 -1.0677E+09
 -1.0678E+09
 -1.0674E+09
 -1.0676E+09
 -1.0673E+09
 -1.0674E+09
 -1.0673E+09
 -1.0674E+09
 -1.0673E+09
 -1.0673E+09
 -1.0673E+09
 -1.0673E+09
 -1.0673E+09
 -1.0673E+09
 -1.0673E+09
 -1.0673E+09
 -1.0673E+09
 -1.0673E+09
 -1.0673E+09
 -1.0673E+09
 -1.0673E+09
 -1.0673E+09
 -1.0673E+09
 -1.0673E+09
 -1.0673E+09
 -1.0673E+09
 -1.0673E+09
 -1.0673E+09
 -1.0673E+09
 -1.0673E+09
 -1.0673E+09
 -1.0673E+09
 -1.0673E+09
 -1.0673E+09
 -1.0673E+09
 -1.0673E+09
 -1.0673E+09
 -1.0673E+09
 -1.0673E+09
 -1.0673E+09
 -1.0673E+09
 -1.0673E+09
 -1.0673E+09
 -1.0673E+09
 -1.0673E+09
 -1.0673E+09
 -1.0673E+09
 -1.0673E+09
 -1.0673E+09
 -1.0673E+09
 -1.0673E+09
 -1.0673E+09
 -1.0673E+09
 -1.0673E+09
 -1.0673E+09
 -1.0673E+09
 -1.0673E+09
 -1.0673E+09
 -1.0673E+09
 -1.0673E+09
 -1.0673E+09
 -1.0673E+09
 -1.0673E+09
 -1.0673E+09
 -1.0673E+09
 -1.0673E+09
 -1.0673E+09
 -1.0673E+09
 -1.0673E+09
 -1.0673E+09
 -1.0673E+09
 -1.0673E+09
 -1.0673E+09
 -1.0673E+09
 -1.0673E+09
 -1.0673E+09
 -1.0673E+09
 -1.0673E+09
 -1.0673E+09
 -1.0673E+09
 -1.0673E+09
 -1.0673E+09
 -1.0673E+09
 -1.0673E+09
 -1.0673E+09
 -1.0673E+09
 -1.0673E+09
 -1.0673E+09
 -1.0673E+09
 -1.0673E+09
 -1.0673E+09
 -1.0673E+09
 -1.0673E+09
 -1.0673E+09
 -1.0673E+09
 -1.0673E+09
 -1.0673E+09
 -1.0673E+09
 -1.0673E+09
 -1.0673E+09
 -1.0673E+09
 -1.0673E+09
 -1.0673E+09
 -1.0673E+09
 -1.0673E+09
 -1.0673E+09
 -1.0673E+09
 -1.0673E+09
 -1.0673E+09
 -1.0673E+09
 -1.0673E+09
 -1.0673E+09
 -1.0673E+09
 -1.0673E+09
 -1.0673E+09
 -1.0673E+09
 -1.0674E+09
 -1.0674E+09
 -1.0674E+09
 -1.0673E+09
 -1.0674E+09
 -1.0674E+09
 -1.0674E+09
 -1.0673E+09
 -1.0674E+09
 -1.0674E+09
 -1.0674E+09
 -1.0673E+09
 -1.0674E+09
 -1.0673E+09
 -1.0672E+09
 -1.0671E+09
 -1.0669E+09
 -1.0669E+09
 -1.0663E+09
 -1.0665E+09
 -1.0650E+09
 -1.0660E+09
 -1.0630E+09
 -1.0653E+09
 -1.0598E+09
 -1.0646E+09
 -1.0552E+09
 -1.0646E+09
 -1.0495E+09
 -1.0657E+09
 -1.0528E+09
 -1.0728E+09
 -1.0776E+09
 -1.0576E+09
 -1.0809E+09
 -1.0647E+09
 -1.0755E+09
 -1.0661E+09
 -1.0717E+09
 -1.0668E+09
 -1.0695E+09
 -1.0672E+09
 -1.0682E+09
 -1.0673E+09
 -1.0676E+09
 -1.0674E+09
 -1.0673E+09
 -1.0674E+09
 -1.0673E+09
 -1.0674E+09
 -1.0672E+09
 -1.0674E+09
 -1.0673E+09
 -1.0674E+09
 -1.0673E+09
 -1.0673E+09
 -1.0673E+09
 -1.0674E+09
 -1.0673E+09
 -1.0673E+09
 -1.0673E+09
 -1.0673E+09
 -1.0673E+09
 -1.0673E+09
 -1.0673E+09
 -1.0673E+09
 -1.0673E+09
 -1.0673E+09
 -1.0673E+09
 -1.0673E+09
 -1.0673E+09
 -1.0673E+09
 -1.0673E+09
 -1.0673E+09
 -1.0673E+09
 -1.0673E+09
 -1.0673E+09
 -1.0673E+09
 -1.0673E+09
 -1.0673E+09
 -1.0673E+09
 -1.0673E+09
 -1.0673E+09
 -1.0673E+09
 -1.0673E+09
 -1.0673E+09
 -1.0673E+09
 -1.0673E+09
 -1.0673E+09
 -1.0673E+09
 -1.0673E+09
 -1.0673E+09
 -1.0673E+09
 -1.0673E+09
 -1.0673E+09
 -1.0673E+09
 -1.0673E+09
 -1.0673E+09
 -1.0673E+09
 -1.0673E+09
 -1.0673E+09
 -1.0673E+09
 -1.0673E+09
 -1.0673E+09
 -1.0673E+09
 -1.0673E+09
 -1.0673E+09
 -1.0673E+09
 -1.0673E+09
 -1.0673E+09
 -1.0673E+09
 -1.0673E+09
 -1.0673E+09
 -1.0673E+09
 -1.0673E+09
 -1.0673E+09
 -1.0673E+09
 -1.0673E+09
 -1.0673E+09
 -1.0673E+09
 -1.0673E+09
 -1.0673E+09
 -1.0673E+09
 -1.0673E+09
 -1.0673E+09
 -1.0673E+09
 -1.0673E+09
 -1.0673E+09
 -1.0673E+09
 -1.0673E+09
 -1.0673E+09
 -1.0673E+09
 -1.0673E+09
 -1.0673E+09
 -1.0673E+09
 -1.0673E+09
 -1.0673E+09
 -1.0673E+09
 -1.0673E+09
 -1.0673E+09
 -1.0673E+09
 -1.0673E+09
 -1.0673E+09
 -1.0673E+09
 -1.0673E+09
 -1.0673E+09
 -1.0673E+09
 -1.0673E+09
 -1.0673E+09
 -1.0673E+09
 -1.0673E+09
 -1.0673E+09
 -1.0673E+09
 -1.0673E+09
 -1.0673E+09
 -1.0673E+09
 -1.0673E+09
 -1.0673E+09
 -1.0673E+09
 -1.0673E+09
 -1.0673E+09
 -1.0673E+09
 -1.0674E+09
 -1.0673E+09
 -1.0673E+09
 -1.0673E+09
 -1.0674E+09
 -1.0673E+09
 -1.0674E+09
 -1.0673E+09
 -1.0674E+09
 -1.0673E+09
 -1.0674E+09
 -1.0673E+09
 -1.0675E+09
 -1.0673E+09
 -1.0674E+09
 -1.0673E+09
 -1.0673E+09
 -1.0673E+09
 -1.0671E+09
 -1.0673E+09
 -1.0664E+09
 -1.0674E+09
 -1.0652E+09
 -1.0675E+09
 -1.0630E+09
 -1.0678E+09
 -1.0591E+09
 -1.0686E+09
 -1.0538E+09
 -1.0700E+09
 -1.0571E+09
 -1.0771E+09
 -1.0763E+09
 -1.0563E+09
 -1.0796E+09
 -1.0634E+09
 -1.0743E+09
 -1.0648E+09
 -1.0706E+09
 -1.0658E+09
 -1.0686E+09
 -1.0664E+09
 -1.0677E+09
 -1.0668E+09
 -1.0673E+09
 -1.0671E+09
 -1.0672E+09
 -1.0672E+09
 -1.0672E+09
 -1.0673E+09
 -1.0672E+09
 -1.0673E+09
 -1.0673E+09
 -1.0674E+09
 -1.0673E+09
 -1.0673E+09
 -1.0673E+09
 -1.0674E+09
 -1.0673E+09
 -1.0673E+09
 -1.0673E+09
 -1.0674E+09
 -1.0673E+09
 -1.0673E+09
 -1.0673E+09
 -1.0673E+09
 -1.0673E+09
 -1.0673E+09
 -1.0673E+09
 -1.0673E+09
 -1.0673E+09
 -1.0673E+09
 -1.0673E+09
 -1.0673E+09
 -1.0673E+09
 -1.0673E+09
 -1.0673E+09
 -1.0673E+09
 -1.0673E+09
 -1.0673E+09
 -1.0673E+09
 -1.0673E+09
 -1.0673E+09
 -1.0673E+09
 -1.0673E+09
 -1.0673E+09
 -1.0673E+09
 -1.0673E+09
 -1.0673E+09
 -1.0673E+09
 -1.0673E+09
 -1.0673E+09
 -1.0673E+09
 -1.0673E+09
 -1.0673E+09
 -1.0673E+09
 -1.0673E+09
 -1.0673E+09
 -1.0673E+09
 -1.0673E+09
 -1.0673E+09
 -1.0673E+09
 -1.0673E+09
 -1.0673E+09
 -1.0673E+09
 -1.0673E+09
 -1.0673E+09
 -1.0673E+09
 -1.0673E+09
 -1.0673E+09
 -1.0673E+09
 -1.0673E+09
 -1.0673E+09
 -1.0673E+09
 -1.0673E+09
 -1.0673E+09
 -1.0673E+09
 -1.0673E+09
 -1.0673E+09
 -1.0673E+09
 -1.0673E+09
 -1.0673E+09
 -1.0673E+09
 -1.0673E+09
 -1.0673E+09
 -1.0673E+09
 -1.0673E+09
 -1.0673E+09
 -1.0673E+09
 -1.0673E+09
 -1.0673E+09
 -1.0673E+09
 -1.0673E+09
 -1.0673E+09
 -1.0673E+09
 -1.0673E+09
 -1.0673E+09
 -1.0673E+09
 -1.0673E+09
 -1.0673E+09
 -1.0673E+09
 -1.0673E+09
 -1.0673E+09
 -1.0673E+09
 -1.0673E+09
 -1.0673E+09
 -1.0673E+09
 -1.0673E+09
 -1.0673E+09
 -1.0673E+09
 -1.0673E+09
 -1.0673E+09
 -1.0673E+09
 -1.0673E+09
 -1.0673E+09
 -1.0673E+09
 -1.0673E+09
 -1.0673E+09
 -1.0673E+09
 -1.0673E+09
 -1.0673E+09
 -1.0673E+09
 -1.0674E+09
 -1.0673E+09
 -1.0673E+09
 -1.0673E+09
 -1.0674E+09
 -1.0673E+09
 -1.0674E+09
 -1.0673E+09
 -1.0674E+09
 -1.0673E+09
 -1.0674E+09
 -1.0673E+09
 -1.0675E+09
 -1.0673E+09
 -1.0675E+09
 -1.0674E+09
 -1.0675E+09
 -1.0675E+09
 -1.0674E+09
 -1.0676E+09
 -1.0670E+09
 -1.0679E+09
 -1.0660E+09
 -1.0683E+09
 -1.0641E+09
 -1.0689E+09
 -1.0604E+09
 -1.0698E+09
 -1.0551E+09
 -1.0713E+09
 -1.0584E+09
 -1.0784E+09
 -1.0776E+09
 -1.0576E+09
 -1.0809E+09
 -1.0647E+09
 -1.0755E+09
 -1.0661E+09
 -1.0717E+09
 -1.0668E+09
 -1.0695E+09
 -1.0672E+09
 -1.0682E+09
 -1.0673E+09
 -1.0676E+09
 -1.0674E+09
 -1.0673E+09
 -1.0674E+09
 -1.0673E+09
 -1.0674E+09
 -1.0672E+09
 -1.0674E+09
 -1.0673E+09
 -1.0674E+09
 -1.0673E+09
 -1.0673E+09
 -1.0673E+09
 -1.0674E+09
 -1.0673E+09
 -1.0673E+09
 -1.0673E+09
 -1.0673E+09
 -1.0673E+09
 -1.0673E+09
 -1.0673E+09
 -1.0673E+09
 -1.0673E+09
 -1.0673E+09
 -1.0673E+09
 -1.0673E+09
 -1.0673E+09
 -1.0673E+09
 -1.0673E+09
 -1.0673E+09
 -1.0673E+09
 -1.0673E+09
 -1.0673E+09
 -1.0673E+09
 -1.0673E+09
 -1.0673E+09
 -1.0673E+09
 -1.0673E+09
 -1.0673E+09
 -1.0673E+09
 -1.0673E+09
 -1.0673E+09
 -1.0673E+09
 -1.0673E+09
 -1.0673E+09
 -1.0673E+09
 -1.0673E+09
 -1.0673E+09
 -1.0673E+09
 -1.0673E+09
 -1.0673E+09
 -1.0673E+09
 -1.0673E+09
 -1.0673E+09
 -1.0673E+09
 -1.0673E+09
 -1.0673E+09
 -1.0673E+09
 -1.0673E+09
 -1.0673E+09
 -1.0673E+09
 -1.0673E+09
 -1.0673E+09
 -1.0673E+09
 -1.0673E+09
 -1.0673E+09
 -1.0673E+09
 -1.0673E+09
 -1.0673E+09
 -1.0673E+09
 -1.0673E+09
 -1.0673E+09
 -1.0673E+09
 -1.0673E+09
 -1.0673E+09
 -1.0673E+09
 -1.0673E+09
 -1.0673E+09
 -1.0673E+09
 -1.0673E+09
 -1.0673E+09
 -1.0673E+09
 -1.0673E+09
 -1.0673E+09
 -1.0673E+09
 -1.0673E+09
 -1.0673E+09
 -1.0673E+09
 -1.0673E+09
 -1.0673E+09
 -1.0673E+09
 -1.0673E+09
 -1.0673E+09
 -1.0673E+09
 -1.0673E+09
 -1.0673E+09
 -1.0673E+09
 -1.0673E+09
 -1.0673E+09
 -1.0673E+09
 -1.0673E+09
 -1.0673E+09
 -1.0673E+09
 -1.0673E+09
 -1.0673E+09
 -1.0673E+09
 -1.0673E+09
 -1.0673E+09
 -1.0673E+09
 -1.0673E+09
 -1.0673E+09
 -1.0673E+09
 -1.0673E+09
 -1.0673E+09
 -1.0673E+09
 -1.0673E+09
 -1.0673E+09
 -1.0673E+09
 -1.0674E+09
 -1.0673E+09
 -1.0673E+09
 -1.0673E+09
 -1.0674E+09
 -1.0673E+09
 -1.0674E+09
 -1.0673E+09
 -1.0674E+09
 -1.0673E+09
 -1.0674E+09
 -1.0673E+09
 -1.0675E+09
 -1.0673E+09
 -1.0674E+09
 -1.0673E+09
 -1.0673E+09
 -1.0673E+09
 -1.0671E+09
 -1.0673E+09
 -1.0664E+09
 -1.0674E+09
 -1.0652E+09
 -1.0675E+09
 -1.0630E+09
 -1.0678E+09
 -1.0591E+09
 -1.0686E+09
 -1.0538E+09
 -1.0700E+09
 -1.0571E+09
 -1.0771E+09
 -1.0819E+09
 -1.0619E+09
 -1.0852E+09
 -1.0690E+09
 -1.0795E+09
 -1.0700E+09
 -1.0749E+09
 -1.0700E+09
 -1.0717E+09
 -1.0694E+09
 -1.0696E+09
 -1.0687E+09
 -1.0684E+09
 -1.0682E+09
 -1.0677E+09
 -1.0678E+09
 -1.0674E+09
 -1.0676E+09
 -1.0673E+09
 -1.0674E+09
 -1.0673E+09
 -1.0674E+09
 -1.0673E+09
 -1.0673E+09
 -1.0673E+09
 -1.0673E+09
 -1.0673E+09
 -1.0673E+09
 -1.0673E+09
 -1.0673E+09
 -1.0673E+09
 -1.0673E+09
 -1.0673E+09
 -1.0673E+09
 -1.0673E+09
 -1.0673E+09
 -1.0673E+09
 -1.0673E+09
 -1.0673E+09
 -1.0673E+09
 -1.0673E+09
 -1.0673E+09
 -1.0673E+09
 -1.0673E+09
 -1.0673E+09
 -1.0673E+09
 -1.0673E+09
 -1.0673E+09
 -1.0673E+09
 -1.0673E+09
 -1.0673E+09
 -1.0673E+09
 -1.0673E+09
 -1.0673E+09
 -1.0673E+09
 -1.0673E+09
 -1.0673E+09
 -1.0673E+09
 -1.0673E+09
 -1.0673E+09
 -1.0673E+09
 -1.0673E+09
 -1.0673E+09
 -1.0673E+09
 -1.0673E+09
 -1.0673E+09
 -1.0673E+09
 -1.0673E+09
 -1.0673E+09
 -1.0673E+09
 -1.0673E+09
 -1.0673E+09
 -1.0673E+09
 -1.0673E+09
 -1.0673E+09
 -1.0673E+09
 -1.0673E+09
 -1.0673E+09
 -1.0673E+09
 -1.0673E+09
 -1.0673E+09
 -1.0673E+09
 -1.0673E+09
 -1.0673E+09
 -1.0673E+09
 -1.0673E+09
 -1.0673E+09
 -1.0673E+09
 -1.0673E+09
 -1.0673E+09
 -1.0673E+09
 -1.0673E+09
 -1.0673E+09
 -1.0673E+09
 -1.0673E+09
 -1.0673E+09
 -1.0673E+09
 -1.0673E+09
 -1.0673E+09
 -1.0673E+09
 -1.0673E+09
 -1.0673E+09
 -1.0673E+09
 -1.0673E+09
 -1.0673E+09
 -1.0673E+09
 -1.0673E+09
 -1.0673E+09
 -1.0673E+09
 -1.0673E+09
 -1.0673E+09
 -1.0673E+09
 -1.0673E+09
 -1.0673E+09
 -1.0673E+09
 -1.0673E+09
 -1.0673E+09
 -1.0673E+09
 -1.0673E+09
 -1.0673E+09
 -1.0673E+09
 -1.0673E+09
 -1.0673E+09
 -1.0673E+09
 -1.0673E+09
 -1.0673E+09
 -1.0673E+09
 -1.0673E+09
 -1.0673E+09
 -1.0673E+09
 -1.0674E+09
 -1.0674E+09
 -1.0674E+09
 -1.0673E+09
 -1.0674E+09
 -1.0674E+09
 -1.0674E+09
 -1.0673E+09
 -1.0674E+09
 -1.0674E+09
 -1.0674E+09
 -1.0673E+09
 -1.0674E+09
 -1.0673E+09
 -1.0672E+09
 -1.0671E+09
 -1.0669E+09
 -1.0669E+09
 -1.0663E+09
 -1.0665E+09
 -1.0650E+09
 -1.0660E+09
 -1.0630E+09
 -1.0653E+09
 -1.0598E+09
 -1.0646E+09
 -1.0552E+09
 -1.0646E+09
 -1.0495E+09
 -1.0657E+09
 -1.0528E+09
 -1.0728E+09
 -1.0908E+09
 -1.0708E+09
 -1.0937E+09
 -1.0775E+09
 -1.0867E+09
 -1.0772E+09
 -1.0798E+09
 -1.0750E+09
 -1.0747E+09
 -1.0724E+09
 -1.0713E+09
 -1.0704E+09
 -1.0693E+09
 -1.0690E+09
 -1.0681E+09
 -1.0681E+09
 -1.0676E+09
 -1.0677E+09
 -1.0673E+09
 -1.0674E+09
 -1.0672E+09
 -1.0673E+09
 -1.0672E+09
 -1.0673E+09
 -1.0673E+09
 -1.0673E+09
 -1.0673E+09
 -1.0673E+09
 -1.0673E+09
 -1.0673E+09
 -1.0673E+09
 -1.0673E+09
 -1.0673E+09
 -1.0673E+09
 -1.0673E+09
 -1.0673E+09
 -1.0673E+09
 -1.0673E+09
 -1.0673E+09
 -1.0673E+09
 -1.0674E+09
 -1.0673E+09
 -1.0673E+09
 -1.0673E+09
 -1.0673E+09
 -1.0673E+09
 -1.0673E+09
 -1.0673E+09
 -1.0673E+09
 -1.0673E+09
 -1.0673E+09
 -1.0673E+09
 -1.0673E+09
 -1.0673E+09
 -1.0673E+09
 -1.0673E+09
 -1.0673E+09
 -1.0673E+09
 -1.0673E+09
 -1.0673E+09
 -1.0673E+09
 -1.0673E+09
 -1.0673E+09
 -1.0673E+09
 -1.0673E+09
 -1.0673E+09
 -1.0673E+09
 -1.0673E+09
 -1.0673E+09
 -1.0673E+09
 -1.0673E+09
 -1.0673E+09
 -1.0673E+09
 -1.0673E+09
 -1.0674E+09
 -1.0673E+09
 -1.0673E+09
 -1.0673E+09
 -1.0673E+09
 -1.0673E+09
 -1.0673E+09
 -1.0673E+09
 -1.0673E+09
 -1.0673E+09
 -1.0673E+09
 -1.0673E+09
 -1.0673E+09
 -1.0673E+09
 -1.0673E+09
 -1.0673E+09
 -1.0673E+09
 -1.0673E+09
 -1.0673E+09
 -1.0673E+09
 -1.0673E+09
 -1.0673E+09
 -1.0673E+09
 -1.0673E+09
 -1.0673E+09
 -1.0673E+09
 -1.0673E+09
 -1.0673E+09
 -1.0673E+09
 -1.0673E+09
 -1.0673E+09
 -1.0673E+09
 -1.0673E+09
 -1.0673E+09
 -1.0674E+09
 -1.0673E+09
 -1.0673E+09
 -1.0673E+09
 -1.0673E+09
 -1.0673E+09
 -1.0673E+09
 -1.0673E+09
 -1.0673E+09
 -1.0673E+09
 -1.0673E+09
 -1.0673E+09
 -1.0673E+09
 -1.0673E+09
 -1.0673E+09
 -1.0673E+09
 -1.0673E+09
 -1.0673E+09
 -1.0674E+09
 -1.0674E+09
 -1.0673E+09
 -1.0673E+09
 -1.0674E+09
 -1.0674E+09
 -1.0674E+09
 -1.0674E+09
 -1.0674E+09
 -1.0674E+09
 -1.0674E+09
 -1.0674E+09
 -1.0675E+09
 -1.0674E+09
 -1.0675E+09
 -1.0673E+09
 -1.0674E+09
 -1.0673E+09
 -1.0671E+09
 -1.0670E+09
 -1.0666E+09
 -1.0665E+09
 -1.0654E+09
 -1.0657E+09
 -1.0634E+09
 -1.0643E+09
 -1.0600E+09
 -1.0623E+09
 -1.0548E+09
 -1.0597E+09
 -1.0480E+09
 -1.0575E+09
 -1.0410E+09
 -1.0572E+09
 -1.0439E+09
 -1.0639E+09
 -1.1107E+09
 -1.0908E+09
 -1.1099E+09
 -1.0937E+09
 -1.0961E+09
 -1.0867E+09
 -1.0847E+09
 -1.0798E+09
 -1.0770E+09
 -1.0747E+09
 -1.0722E+09
 -1.0713E+09
 -1.0695E+09
 -1.0693E+09
 -1.0681E+09
 -1.0681E+09
 -1.0674E+09
 -1.0676E+09
 -1.0672E+09
 -1.0673E+09
 -1.0671E+09
 -1.0672E+09
 -1.0671E+09
 -1.0672E+09
 -1.0672E+09
 -1.0673E+09
 -1.0672E+09
 -1.0673E+09
 -1.0673E+09
 -1.0673E+09
 -1.0673E+09
 -1.0673E+09
 -1.0673E+09
 -1.0673E+09
 -1.0673E+09
 -1.0673E+09
 -1.0673E+09
 -1.0673E+09
 -1.0673E+09
 -1.0673E+09
 -1.0674E+09
 -1.0674E+09
 -1.0673E+09
 -1.0673E+09
 -1.0673E+09
 -1.0673E+09
 -1.0673E+09
 -1.0673E+09
 -1.0673E+09
 -1.0673E+09
 -1.0673E+09
 -1.0673E+09
 -1.0673E+09
 -1.0673E+09
 -1.0673E+09
 -1.0673E+09
 -1.0673E+09
 -1.0673E+09
 -1.0673E+09
 -1.0673E+09
 -1.0673E+09
 -1.0673E+09
 -1.0673E+09
 -1.0673E+09
 -1.0673E+09
 -1.0673E+09
 -1.0673E+09
 -1.0673E+09
 -1.0673E+09
 -1.0673E+09
 -1.0673E+09
 -1.0673E+09
 -1.0673E+09
 -1.0673E+09
 -1.0674E+09
 -1.0674E+09
 -1.0673E+09
 -1.0673E+09
 -1.0673E+09
 -1.0673E+09
 -1.0673E+09
 -1.0673E+09
 -1.0673E+09
 -1.0673E+09
 -1.0673E+09
 -1.0673E+09
 -1.0673E+09
 -1.0673E+09
 -1.0673E+09
 -1.0673E+09
 -1.0673E+09
 -1.0673E+09
 -1.0673E+09
 -1.0673E+09
 -1.0673E+09
 -1.0673E+09
 -1.0673E+09
 -1.0673E+09
 -1.0673E+09
 -1.0673E+09
 -1.0673E+09
 -1.0673E+09
 -1.0673E+09
 -1.0673E+09
 -1.0673E+09
 -1.0673E+09
 -1.0673E+09
 -1.0673E+09
 -1.0674E+09
 -1.0674E+09
 -1.0673E+09
 -1.0673E+09
 -1.0673E+09
 -1.0673E+09
 -1.0673E+09
 -1.0673E+09
 -1.0673E+09
 -1.0673E+09
 -1.0673E+09
 -1.0673E+09
 -1.0673E+09
 -1.0673E+09
 -1.0673E+09
 -1.0673E+09
 -1.0673E+09
 -1.0673E+09
 -1.0674E+09
 -1.0674E+09
 -1.0673E+09
 -1.0673E+09
 -1.0674E+09
 -1.0674E+09
 -1.0674E+09
 -1.0674E+09
 -1.0674E+09
 -1.0674E+09
 -1.0675E+09
 -1.0674E+09
 -1.0675E+09
 -1.0675E+09
 -1.0676E+09
 -1.0675E+09
 -1.0675E+09
 -1.0674E+09
 -1.0673E+09
 -1.0671E+09
 -1.0666E+09
 -1.0666E+09
 -1.0652E+09
 -1.0654E+09
 -1.0624E+09
 -1.0634E+09
 -1.0577E+09
 -1.0600E+09
 -1.0500E+09
 -1.0548E+09
 -1.0386E+09
 -1.0480E+09
 -1.0248E+09
 -1.0410E+09
 -1.0239E+09
 -1.0439E+09
 -1.0819E+09
 -1.0619E+09
 -1.0852E+09
 -1.0690E+09
 -1.0795E+09
 -1.0700E+09
 -1.0749E+09
 -1.0700E+09
 -1.0717E+09
 -1.0694E+09
 -1.0696E+09
 -1.0687E+09
 -1.0684E+09
 -1.0682E+09
 -1.0677E+09
 -1.0678E+09
 -1.0674E+09
 -1.0676E+09
 -1.0673E+09
 -1.0674E+09
 -1.0673E+09
 -1.0674E+09
 -1.0673E+09
 -1.0673E+09
 -1.0673E+09
 -1.0673E+09
 -1.0673E+09
 -1.0673E+09
 -1.0673E+09
 -1.0673E+09
 -1.0673E+09
 -1.0673E+09
 -1.0673E+09
 -1.0673E+09
 -1.0673E+09
 -1.0673E+09
 -1.0673E+09
 -1.0673E+09
 -1.0673E+09
 -1.0673E+09
 -1.0673E+09
 -1.0673E+09
 -1.0673E+09
 -1.0673E+09
 -1.0673E+09
 -1.0673E+09
 -1.0673E+09
 -1.0673E+09
 -1.0673E+09
 -1.0673E+09
 -1.0673E+09
 -1.0673E+09
 -1.0673E+09
 -1.0673E+09
 -1.0673E+09
 -1.0673E+09
 -1.0673E+09
 -1.0673E+09
 -1.0673E+09
 -1.0673E+09
 -1.0673E+09
 -1.0673E+09
 -1.0673E+09
 -1.0673E+09
 -1.0673E+09
 -1.0673E+09
 -1.0673E+09
 -1.0673E+09
 -1.0673E+09
 -1.0673E+09
 -1.0673E+09
 -1.0673E+09
 -1.0673E+09
 -1.0673E+09
 -1.0673E+09
 -1.0673E+09
 -1.0673E+09
 -1.0673E+09
 -1.0673E+09
 -1.0673E+09
 -1.0673E+09
 -1.0673E+09
 -1.0673E+09
 -1.0673E+09
 -1.0673E+09
 -1.0673E+09
 -1.0673E+09
 -1.0673E+09
 -1.0673E+09
 -1.0673E+09
 -1.0673E+09
 -1.0673E+09
 -1.0673E+09
 -1.0673E+09
 -1.0673E+09
 -1.0673E+09
 -1.0673E+09
 -1.0673E+09
 -1.0673E+09
 -1.0673E+09
 -1.0673E+09
 -1.0673E+09
 -1.0673E+09
 -1.0673E+09
 -1.0673E+09
 -1.0673E+09
 -1.0673E+09
 -1.0673E+09
 -1.0673E+09
 -1.0673E+09
 -1.0673E+09
 -1.0673E+09
 -1.0673E+09
 -1.0673E+09
 -1.0673E+09
 -1.0673E+09
 -1.0673E+09
 -1.0673E+09
 -1.0673E+09
 -1.0673E+09
 -1.0673E+09
 -1.0673E+09
 -1.0673E+09
 -1.0673E+09
 -1.0673E+09
 -1.0673E+09
 -1.0673E+09
 -1.0673E+09
 -1.0673E+09
 -1.0673E+09
 -1.0674E+09
 -1.0674E+09
 -1.0674E+09
 -1.0673E+09
 -1.0674E+09
 -1.0674E+09
 -1.0674E+09
 -1.0673E+09
 -1.0674E+09
 -1.0674E+09
 -1.0674E+09
 -1.0673E+09
 -1.0674E+09
 -1.0673E+09
 -1.0672E+09
 -1.0671E+09
 -1.0669E+09
 -1.0669E+09
 -1.0663E+09
 -1.0665E+09
 -1.0650E+09
 -1.0660E+09
 -1.0630E+09
 -1.0653E+09
 -1.0598E+09
 -1.0646E+09
 -1.0552E+09
 -1.0646E+09
 -1.0495E+09
 -1.0657E+09
 -1.0528E+09
 -1.0728E+09
 -1.0531E+09
 -1.0604E+09
 -1.0629E+09
 -1.0651E+09
 -1.0664E+09
 -1.0670E+09
 -1.0673E+09
 -1.0674E+09
 -1.0674E+09
 -1.0674E+09
 -1.0674E+09
 -1.0674E+09
 -1.0674E+09
 -1.0673E+09
 -1.0674E+09
 -1.0673E+09
 -1.0673E+09
 -1.0673E+09
 -1.0673E+09
 -1.0673E+09
 -1.0673E+09
 -1.0673E+09
 -1.0673E+09
 -1.0673E+09
 -1.0673E+09
 -1.0673E+09
 -1.0673E+09
 -1.0673E+09
 -1.0673E+09
 -1.0673E+09
 -1.0673E+09
 -1.0673E+09
 -1.0673E+09
 -1.0673E+09
 -1.0673E+09
 -1.0673E+09
 -1.0673E+09
 -1.0673E+09
 -1.0673E+09
 -1.0673E+09
 -1.0673E+09
 -1.0673E+09
 -1.0673E+09
 -1.0673E+09
 -1.0673E+09
 -1.0673E+09
 -1.0673E+09
 -1.0673E+09
 -1.0673E+09
 -1.0673E+09
 -1.0673E+09
 -1.0673E+09
 -1.0673E+09
 -1.0673E+09
 -1.0673E+09
 -1.0673E+09
 -1.0673E+09
 -1.0673E+09
 -1.0673E+09
 -1.0673E+09
 -1.0673E+09
 -1.0673E+09
 -1.0673E+09
 -1.0673E+09
 -1.0673E+09
 -1.0673E+09
 -1.0673E+09
 -1.0673E+09
 -1.0673E+09
 -1.0673E+09
 -1.0673E+09
 -1.0673E+09
 -1.0672E+09
 -1.0673E+09
 -1.0674E+09
 -1.0676E+09
 -1.0683E+09
 -1.0696E+09
 -1.0718E+09
 -1.0743E+09
 -1.0816E+09
 -1.0487E+09
 -1.0561E+09
 -1.0589E+09
 -1.0619E+09
 -1.0642E+09
 -1.0656E+09
 -1.0665E+09
 -1.0670E+09
 -1.0673E+09
 -1.0674E+09
 -1.0674E+09
 -1.0674E+09
 -1.0674E+09
 -1.0674E+09
 -1.0674E+09
 -1.0673E+09
 -1.0674E+09
 -1.0673E+09
 -1.0673E+09
 -1.0673E+09
 -1.0673E+09
 -1.0673E+09
 -1.0673E+09
 -1.0673E+09
 -1.0673E+09
 -1.0673E+09
 -1.0673E+09
 -1.0673E+09
 -1.0673E+09
 -1.0673E+09
 -1.0673E+09
 -1.0673E+09
 -1.0673E+09
 -1.0673E+09
 -1.0673E+09
 -1.0673E+09
 -1.0673E+09
 -1.0673E+09
 -1.0673E+09
 -1.0673E+09
 -1.0673E+09
 -1.0673E+09
 -1.0673E+09
 -1.0673E+09
 -1.0673E+09
 -1.0673E+09
 -1.0673E+09
 -1.0673E+09
 -1.0673E+09
 -1.0673E+09
 -1.0673E+09
 -1.0673E+09
 -1.0673E+09
 -1.0673E+09
 -1.0673E+09
 -1.0673E+09
 -1.0673E+09
 -1.0673E+09
 -1.0673E+09
 -1.0673E+09
 -1.0673E+09
 -1.0673E+09
 -1.0673E+09
 -1.0673E+09
 -1.0673E+09
 -1.0673E+09
 -1.0673E+09
 -1.0673E+09
 -1.0673E+09
 -1.0673E+09
 -1.0673E+09
 -1.0673E+09
 -1.0674E+09
 -1.0677E+09
 -1.0682E+09
 -1.0690E+09
 -1.0705E+09
 -1.0728E+09
 -1.0758E+09
 -1.0785E+09
 -1.0859E+09
 -1.0474E+09
 -1.0548E+09
 -1.0577E+09
 -1.0608E+09
 -1.0633E+09
 -1.0651E+09
 -1.0662E+09
 -1.0668E+09
 -1.0672E+09
 -1.0673E+09
 -1.0674E+09
 -1.0674E+09
 -1.0674E+09
 -1.0674E+09
 -1.0674E+09
 -1.0673E+09
 -1.0674E+09
 -1.0673E+09
 -1.0673E+09
 -1.0673E+09
 -1.0673E+09
 -1.0673E+09
 -1.0673E+09
 -1.0673E+09
 -1.0673E+09
 -1.0673E+09
 -1.0673E+09
 -1.0673E+09
 -1.0673E+09
 -1.0673E+09
 -1.0673E+09
 -1.0673E+09
 -1.0673E+09
 -1.0673E+09
 -1.0673E+09
 -1.0673E+09
 -1.0673E+09
 -1.0673E+09
 -1.0673E+09
 -1.0673E+09
 -1.0673E+09
 -1.0673E+09
 -1.0673E+09
 -1.0673E+09
 -1.0673E+09
 -1.0673E+09
 -1.0673E+09
 -1.0673E+09
 -1.0673E+09
 -1.0673E+09
 -1.0673E+09
 -1.0673E+09
 -1.0673E+09
 -1.0673E+09
 -1.0673E+09
 -1.0673E+09
 -1.0673E+09
 -1.0673E+09
 -1.0673E+09
 -1.0673E+09
 -1.0673E+09
 -1.0673E+09
 -1.0673E+09
 -1.0673E+09
 -1.0673E+09
 -1.0673E+09
 -1.0673E+09
 -1.0673E+09
 -1.0673E+09
 -1.0673E+09
 -1.0673E+09
 -1.0674E+09
 -1.0675E+09
 -1.0678E+09
 -1.0685E+09
 -1.0696E+09
 -1.0713E+09
 -1.0739E+09
 -1.0770E+09
 -1.0799E+09
 -1.0872E+09
 -1.0487E+09
 -1.0561E+09
 -1.0589E+09
 -1.0619E+09
 -1.0642E+09
 -1.0656E+09
 -1.0665E+09
 -1.0670E+09
 -1.0673E+09
 -1.0674E+09
 -1.0674E+09
 -1.0674E+09
 -1.0674E+09
 -1.0674E+09
 -1.0674E+09
 -1.0673E+09
 -1.0674E+09
 -1.0673E+09
 -1.0673E+09
 -1.0673E+09
 -1.0673E+09
 -1.0673E+09
 -1.0673E+09
 -1.0673E+09
 -1.0673E+09
 -1.0673E+09
 -1.0673E+09
 -1.0673E+09
 -1.0673E+09
 -1.0673E+09
 -1.0673E+09
 -1.0673E+09
 -1.0673E+09
 -1.0673E+09
 -1.0673E+09
 -1.0673E+09
 -1.0673E+09
 -1.0673E+09
 -1.0673E+09
 -1.0673E+09
 -1.0673E+09
 -1.0673E+09
 -1.0673E+09
 -1.0673E+09
 -1.0673E+09
 -1.0673E+09
 -1.0673E+09
 -1.0673E+09
 -1.0673E+09
 -1.0673E+09
 -1.0673E+09
 -1.0673E+09
 -1.0673E+09
 -1.0673E+09
 -1.0673E+09
 -1.0673E+09
 -1.0673E+09
 -1.0673E+09
 -1.0673E+09
 -1.0673E+09
 -1.0673E+09
 -1.0673E+09
 -1.0673E+09
 -1.0673E+09
 -1.0673E+09
 -1.0673E+09
 -1.0673E+09
 -1.0673E+09
 -1.0673E+09
 -1.0673E+09
 -1.0673E+09
 -1.0673E+09
 -1.0674E+09
 -1.0677E+09
 -1.0682E+09
 -1.0690E+09
 -1.0705E+09
 -1.0728E+09
 -1.0758E+09
 -1.0785E+09
 -1.0859E+09
 -1.0531E+09
 -1.0604E+09
 -1.0629E+09
 -1.0651E+09
 -1.0664E+09
 -1.0670E+09
 -1.0673E+09
 -1.0674E+09
 -1.0674E+09
 -1.0674E+09
 -1.0674E+09
 -1.0674E+09
 -1.0674E+09
 -1.0673E+09
 -1.0674E+09
 -1.0673E+09
 -1.0673E+09
 -1.0673E+09
 -1.0673E+09
 -1.0673E+09
 -1.0673E+09
 -1.0673E+09
 -1.0673E+09
 -1.0673E+09
 -1.0673E+09
 -1.0673E+09
 -1.0673E+09
 -1.0673E+09
 -1.0673E+09
 -1.0673E+09
 -1.0673E+09
 -1.0673E+09
 -1.0673E+09
 -1.0673E+09
 -1.0673E+09
 -1.0673E+09
 -1.0673E+09
 -1.0673E+09
 -1.0673E+09
 -1.0673E+09
 -1.0673E+09
 -1.0673E+09
 -1.0673E+09
 -1.0673E+09
 -1.0673E+09
 -1.0673E+09
 -1.0673E+09
 -1.0673E+09
 -1.0673E+09
 -1.0673E+09
 -1.0673E+09
 -1.0673E+09
 -1.0673E+09
 -1.0673E+09
 -1.0673E+09
 -1.0673E+09
 -1.0673E+09
 -1.0673E+09
 -1.0673E+09
 -1.0673E+09
 -1.0673E+09
 -1.0673E+09
 -1.0673E+09
 -1.0673E+09
 -1.0673E+09
 -1.0673E+09
 -1.0673E+09
 -1.0673E+09
 -1.0673E+09
 -1.0673E+09
 -1.0673E+09
 -1.0673E+09
 -1.0672E+09
 -1.0673E+09
 -1.0674E+09
 -1.0676E+09
 -1.0683E+09
 -1.0696E+09
 -1.0718E+09
 -1.0743E+09
 -1.0816E+09
 -1.0619E+09
 -1.0690E+09
 -1.0700E+09
 -1.0700E+09
 -1.0694E+09
 -1.0687E+09
 -1.0682E+09
 -1.0678E+09
 -1.0676E+09
 -1.0674E+09
 -1.0674E+09
 -1.0673E+09
 -1.0673E+09
 -1.0673E+09
 -1.0673E+09
 -1.0673E+09
 -1.0673E+09
 -1.0673E+09
 -1.0673E+09
 -1.0673E+09
 -1.0673E+09
 -1.0673E+09
 -1.0673E+09
 -1.0673E+09
 -1.0673E+09
 -1.0673E+09
 -1.0673E+09
 -1.0673E+09
 -1.0673E+09
 -1.0673E+09
 -1.0673E+09
 -1.0673E+09
 -1.0673E+09
 -1.0673E+09
 -1.0673E+09
 -1.0673E+09
 -1.0673E+09
 -1.0673E+09
 -1.0673E+09
 -1.0673E+09
 -1.0673E+09
 -1.0673E+09
 -1.0673E+09
 -1.0673E+09
 -1.0673E+09
 -1.0673E+09
 -1.0673E+09
 -1.0673E+09
 -1.0673E+09
 -1.0673E+09
 -1.0673E+09
 -1.0673E+09
 -1.0673E+09
 -1.0673E+09
 -1.0673E+09
 -1.0673E+09
 -1.0673E+09
 -1.0673E+09
 -1.0673E+09
 -1.0673E+09
 -1.0673E+09
 -1.0673E+09
 -1.0673E+09
 -1.0673E+09
 -1.0673E+09
 -1.0674E+09
 -1.0673E+09
 -1.0674E+09
 -1.0673E+09
 -1.0674E+09
 -1.0673E+09
 -1.0673E+09
 -1.0671E+09
 -1.0669E+09
 -1.0665E+09
 -1.0660E+09
 -1.0653E+09
 -1.0646E+09
 -1.0646E+09
 -1.0657E+09
 -1.0728E+09
 -1.0819E+09
 -1.0852E+09
 -1.0795E+09
 -1.0749E+09
 -1.0717E+09
 -1.0696E+09
 -1.0684E+09
 -1.0677E+09
 -1.0674E+09
 -1.0673E+09
 -1.0673E+09
 -1.0673E+09
 -1.0673E+09
 -1.0673E+09
 -1.0673E+09
 -1.0673E+09
 -1.0673E+09
 -1.0673E+09
 -1.0673E+09
 -1.0673E+09
 -1.0673E+09
 -1.0673E+09
 -1.0673E+09
 -1.0673E+09
 -1.0673E+09
 -1.0673E+09
 -1.0673E+09
 -1.0673E+09
 -1.0673E+09
 -1.0673E+09
 -1.0673E+09
 -1.0673E+09
 -1.0673E+09
 -1.0673E+09
 -1.0673E+09
 -1.0673E+09
 -1.0673E+09
 -1.0673E+09
 -1.0673E+09
 -1.0673E+09
 -1.0673E+09
 -1.0673E+09
 -1.0673E+09
 -1.0673E+09
 -1.0673E+09
 -1.0673E+09
 -1.0673E+09
 -1.0673E+09
 -1.0673E+09
 -1.0673E+09
 -1.0673E+09
 -1.0673E+09
 -1.0673E+09
 -1.0673E+09
 -1.0673E+09
 -1.0673E+09
 -1.0673E+09
 -1.0673E+09
 -1.0673E+09
 -1.0673E+09
 -1.0673E+09
 -1.0673E+09
 -1.0673E+09
 -1.0673E+09
 -1.0673E+09
 -1.0674E+09
 -1.0674E+09
 -1.0674E+09
 -1.0674E+09
 -1.0674E+09
 -1.0674E+09
 -1.0674E+09
 -1.0672E+09
 -1.0669E+09
 -1.0663E+09
 -1.0650E+09
 -1.0630E+09
 -1.0598E+09
 -1.0552E+09
 -1.0495E+09
 -1.0528E+09
 -1.0776E+09
 -1.0576E+09
 -1.0809E+09
 -1.0647E+09
 -1.0755E+09
 -1.0661E+09
 -1.0717E+09
 -1.0668E+09
 -1.0695E+09
 -1.0672E+09
 -1.0682E+09
 -1.0673E+09
 -1.0676E+09
 -1.0674E+09
 -1.0673E+09
 -1.0674E+09
 -1.0673E+09
 -1.0674E+09
 -1.0672E+09
 -1.0674E+09
 -1.0673E+09
 -1.0674E+09
 -1.0673E+09
 -1.0673E+09
 -1.0673E+09
 -1.0674E+09
 -1.0673E+09
 -1.0673E+09
 -1.0673E+09
 -1.0673E+09
 -1.0673E+09
 -1.0673E+09
 -1.0673E+09
 -1.0673E+09
 -1.0673E+09
 -1.0673E+09
 -1.0673E+09
 -1.0673E+09
 -1.0673E+09
 -1.0673E+09
 -1.0673E+09
 -1.0673E+09
 -1.0673E+09
 -1.0673E+09
 -1.0673E+09
 -1.0673E+09
 -1.0673E+09
 -1.0673E+09
 -1.0673E+09
 -1.0673E+09
 -1.0673E+09
 -1.0673E+09
 -1.0673E+09
 -1.0673E+09
 -1.0673E+09
 -1.0673E+09
 -1.0673E+09
 -1.0673E+09
 -1.0673E+09
 -1.0673E+09
 -1.0673E+09
 -1.0673E+09
 -1.0673E+09
 -1.0673E+09
 -1.0673E+09
 -1.0673E+09
 -1.0673E+09
 -1.0673E+09
 -1.0673E+09
 -1.0673E+09
 -1.0673E+09
 -1.0673E+09
 -1.0673E+09
 -1.0673E+09
 -1.0673E+09
 -1.0673E+09
 -1.0673E+09
 -1.0673E+09
 -1.0673E+09
 -1.0673E+09
 -1.0673E+09
 -1.0673E+09
 -1.0673E+09
 -1.0673E+09
 -1.0673E+09
 -1.0673E+09
 -1.0673E+09
 -1.0673E+09
 -1.0673E+09
 -1.0673E+09
 -1.0673E+09
 -1.0673E+09
 -1.0673E+09
 -1.0673E+09
 -1.0673E+09
 -1.0673E+09
 -1.0673E+09
 -1.0673E+09
 -1.0673E+09
 -1.0673E+09
 -1.0673E+09
 -1.0673E+09
 -1.0673E+09
 -1.0673E+09
 -1.0673E+09
 -1.0673E+09
 -1.0673E+09
 -1.0673E+09
 -1.0673E+09
 -1.0673E+09
 -1.0673E+09
 -1.0673E+09
 -1.0673E+09
 -1.0673E+09
 -1.0673E+09
 -1.0673E+09
 -1.0673E+09
 -1.0673E+09
 -1.0673E+09
 -1.0673E+09
 -1.0673E+09
 -1.0673E+09
 -1.0673E+09
 -1.0673E+09
 -1.0673E+09
 -1.0673E+09
 -1.0673E+09
 -1.0673E+09
 -1.0673E+09
 -1.0673E+09
 -1.0674E+09
 -1.0673E+09
 -1.0673E+09
 -1.0673E+09
 -1.0674E+09
 -1.0673E+09
 -1.0674E+09
 -1.0673E+09
 -1.0674E+09
 -1.0673E+09
 -1.0674E+09
 -1.0673E+09
 -1.0675E+09
 -1.0673E+09
 -1.0674E+09
 -1.0673E+09
 -1.0673E+09
 -1.0673E+09
 -1.0671E+09
 -1.0673E+09
 -1.0664E+09
 -1.0674E+09
 -1.0652E+09
 -1.0675E+09
 -1.0630E+09
 -1.0678E+09
 -1.0591E+09
 -1.0686E+09
 -1.0538E+09
 -1.0700E+09
 -1.0571E+09
 -1.0771E+09
 -1.0487E+09
 -1.0561E+09
 -1.0589E+09
 -1.0619E+09
 -1.0642E+09
 -1.0656E+09
 -1.0665E+09
 -1.0670E+09
 -1.0673E+09
 -1.0674E+09
 -1.0674E+09
 -1.0674E+09
 -1.0674E+09
 -1.0674E+09
 -1.0674E+09
 -1.0673E+09
 -1.0674E+09
 -1.0673E+09
 -1.0673E+09
 -1.0673E+09
 -1.0673E+09
 -1.0673E+09
 -1.0673E+09
 -1.0673E+09
 -1.0673E+09
 -1.0673E+09
 -1.0673E+09
 -1.0673E+09
 -1.0673E+09
 -1.0673E+09
 -1.0673E+09
 -1.0673E+09
 -1.0673E+09
 -1.0673E+09
 -1.0673E+09
 -1.0673E+09
 -1.0673E+09
 -1.0673E+09
 -1.0673E+09
 -1.0673E+09
 -1.0673E+09
 -1.0673E+09
 -1.0673E+09
 -1.0673E+09
 -1.0673E+09
 -1.0673E+09
 -1.0673E+09
 -1.0673E+09
 -1.0673E+09
 -1.0673E+09
 -1.0673E+09
 -1.0673E+09
 -1.0673E+09
 -1.0673E+09
 -1.0673E+09
 -1.0673E+09
 -1.0673E+09
 -1.0673E+09
 -1.0673E+09
 -1.0673E+09
 -1.0673E+09
 -1.0673E+09
 -1.0673E+09
 -1.0673E+09
 -1.0673E+09
 -1.0673E+09
 -1.0673E+09
 -1.0673E+09
 -1.0673E+09
 -1.0673E+09
 -1.0673E+09
 -1.0673E+09
 -1.0674E+09
 -1.0677E+09
 -1.0682E+09
 -1.0690E+09
 -1.0705E+09
 -1.0728E+09
 -1.0758E+09
 -1.0785E+09
 -1.0859E+09
 -1.0444E+09
 -1.0519E+09
 -1.0550E+09
 -1.0587E+09
 -1.0619E+09
 -1.0642E+09
 -1.0657E+09
 -1.0666E+09
 -1.0671E+09
 -1.0673E+09
 -1.0674E+09
 -1.0674E+09
 -1.0674E+09
 -1.0674E+09
 -1.0674E+09
 -1.0674E+09
 -1.0674E+09
 -1.0673E+09
 -1.0673E+09
 -1.0673E+09
 -1.0673E+09
 -1.0673E+09
 -1.0673E+09
 -1.0673E+09
 -1.0673E+09
 -1.0673E+09
 -1.0673E+09
 -1.0673E+09
 -1.0673E+09
 -1.0673E+09
 -1.0673E+09
 -1.0673E+09
 -1.0673E+09
 -1.0673E+09
 -1.0673E+09
 -1.0673E+09
 -1.0673E+09
 -1.0673E+09
 -1.0673E+09
 -1.0673E+09
 -1.0673E+09
 -1.0673E+09
 -1.0673E+09
 -1.0673E+09
 -1.0673E+09
 -1.0673E+09
 -1.0673E+09
 -1.0673E+09
 -1.0673E+09
 -1.0673E+09
 -1.0673E+09
 -1.0673E+09
 -1.0673E+09
 -1.0673E+09
 -1.0673E+09
 -1.0673E+09
 -1.0673E+09
 -1.0673E+09
 -1.0673E+09
 -1.0673E+09
 -1.0673E+09
 -1.0673E+09
 -1.0673E+09
 -1.0673E+09
 -1.0673E+09
 -1.0673E+09
 -1.0673E+09
 -1.0673E+09
 -1.0673E+09
 -1.0673E+09
 -1.0673E+09
 -1.0674E+09
 -1.0676E+09
 -1.0681E+09
 -1.0690E+09
 -1.0704E+09
 -1.0728E+09
 -1.0760E+09
 -1.0797E+09
 -1.0828E+09
 -1.0903E+09
 -1.0431E+09
 -1.0506E+09
 -1.0537E+09
 -1.0576E+09
 -1.0611E+09
 -1.0637E+09
 -1.0654E+09
 -1.0664E+09
 -1.0670E+09
 -1.0673E+09
 -1.0674E+09
 -1.0674E+09
 -1.0674E+09
 -1.0674E+09
 -1.0674E+09
 -1.0674E+09
 -1.0674E+09
 -1.0673E+09
 -1.0673E+09
 -1.0673E+09
 -1.0673E+09
 -1.0673E+09
 -1.0673E+09
 -1.0673E+09
 -1.0673E+09
 -1.0673E+09
 -1.0673E+09
 -1.0673E+09
 -1.0673E+09
 -1.0673E+09
 -1.0673E+09
 -1.0673E+09
 -1.0673E+09
 -1.0673E+09
 -1.0673E+09
 -1.0673E+09
 -1.0673E+09
 -1.0673E+09
 -1.0673E+09
 -1.0673E+09
 -1.0673E+09
 -1.0673E+09
 -1.0673E+09
 -1.0673E+09
 -1.0673E+09
 -1.0673E+09
 -1.0673E+09
 -1.0673E+09
 -1.0673E+09
 -1.0673E+09
 -1.0673E+09
 -1.0673E+09
 -1.0673E+09
 -1.0673E+09
 -1.0673E+09
 -1.0673E+09
 -1.0673E+09
 -1.0673E+09
 -1.0673E+09
 -1.0673E+09
 -1.0673E+09
 -1.0673E+09
 -1.0673E+09
 -1.0673E+09
 -1.0673E+09
 -1.0673E+09
 -1.0673E+09
 -1.0673E+09
 -1.0673E+09
 -1.0673E+09
 -1.0673E+09
 -1.0674E+09
 -1.0677E+09
 -1.0682E+09
 -1.0693E+09
 -1.0710E+09
 -1.0736E+09
 -1.0771E+09
 -1.0810E+09
 -1.0841E+09
 -1.0916E+09
 -1.0444E+09
 -1.0519E+09
 -1.0550E+09
 -1.0587E+09
 -1.0619E+09
 -1.0642E+09
 -1.0657E+09
 -1.0666E+09
 -1.0671E+09
 -1.0673E+09
 -1.0674E+09
 -1.0674E+09
 -1.0674E+09
 -1.0674E+09
 -1.0674E+09
 -1.0674E+09
 -1.0674E+09
 -1.0673E+09
 -1.0673E+09
 -1.0673E+09
 -1.0673E+09
 -1.0673E+09
 -1.0673E+09
 -1.0673E+09
 -1.0673E+09
 -1.0673E+09
 -1.0673E+09
 -1.0673E+09
 -1.0673E+09
 -1.0673E+09
 -1.0673E+09
 -1.0673E+09
 -1.0673E+09
 -1.0673E+09
 -1.0673E+09
 -1.0673E+09
 -1.0673E+09
 -1.0673E+09
 -1.0673E+09
 -1.0673E+09
 -1.0673E+09
 -1.0673E+09
 -1.0673E+09
 -1.0673E+09
 -1.0673E+09
 -1.0673E+09
 -1.0673E+09
 -1.0673E+09
 -1.0673E+09
 -1.0673E+09
 -1.0673E+09
 -1.0673E+09
 -1.0673E+09
 -1.0673E+09
 -1.0673E+09
 -1.0673E+09
 -1.0673E+09
 -1.0673E+09
 -1.0673E+09
 -1.0673E+09
 -1.0673E+09
 -1.0673E+09
 -1.0673E+09
 -1.0673E+09
 -1.0673E+09
 -1.0673E+09
 -1.0673E+09
 -1.0673E+09
 -1.0673E+09
 -1.0673E+09
 -1.0673E+09
 -1.0674E+09
 -1.0676E+09
 -1.0681E+09
 -1.0690E+09
 -1.0704E+09
 -1.0728E+09
 -1.0760E+09
 -1.0797E+09
 -1.0828E+09
 -1.0903E+09
 -1.0487E+09
 -1.0561E+09
 -1.0589E+09
 -1.0619E+09
 -1.0642E+09
 -1.0656E+09
 -1.0665E+09
 -1.0670E+09
 -1.0673E+09
 -1.0674E+09
 -1.0674E+09
 -1.0674E+09
 -1.0674E+09
 -1.0674E+09
 -1.0674E+09
 -1.0673E+09
 -1.0674E+09
 -1.0673E+09
 -1.0673E+09
 -1.0673E+09
 -1.0673E+09
 -1.0673E+09
 -1.0673E+09
 -1.0673E+09
 -1.0673E+09
 -1.0673E+09
 -1.0673E+09
 -1.0673E+09
 -1.0673E+09
 -1.0673E+09
 -1.0673E+09
 -1.0673E+09
 -1.0673E+09
 -1.0673E+09
 -1.0673E+09
 -1.0673E+09
 -1.0673E+09
 -1.0673E+09
 -1.0673E+09
 -1.0673E+09
 -1.0673E+09
 -1.0673E+09
 -1.0673E+09
 -1.0673E+09
 -1.0673E+09
 -1.0673E+09
 -1.0673E+09
 -1.0673E+09
 -1.0673E+09
 -1.0673E+09
 -1.0673E+09
 -1.0673E+09
 -1.0673E+09
 -1.0673E+09
 -1.0673E+09
 -1.0673E+09
 -1.0673E+09
 -1.0673E+09
 -1.0673E+09
 -1.0673E+09
 -1.0673E+09
 -1.0673E+09
 -1.0673E+09
 -1.0673E+09
 -1.0673E+09
 -1.0673E+09
 -1.0673E+09
 -1.0673E+09
 -1.0673E+09
 -1.0673E+09
 -1.0673E+09
 -1.0673E+09
 -1.0674E+09
 -1.0677E+09
 -1.0682E+09
 -1.0690E+09
 -1.0705E+09
 -1.0728E+09
 -1.0758E+09
 -1.0785E+09
 -1.0859E+09
 -1.0576E+09
 -1.0647E+09
 -1.0661E+09
 -1.0668E+09
 -1.0672E+09
 -1.0673E+09
 -1.0674E+09
 -1.0674E+09
 -1.0674E+09
 -1.0674E+09
 -1.0674E+09
 -1.0673E+09
 -1.0674E+09
 -1.0673E+09
 -1.0673E+09
 -1.0673E+09
 -1.0673E+09
 -1.0673E+09
 -1.0673E+09
 -1.0673E+09
 -1.0673E+09
 -1.0673E+09
 -1.0673E+09
 -1.0673E+09
 -1.0673E+09
 -1.0673E+09
 -1.0673E+09
 -1.0673E+09
 -1.0673E+09
 -1.0673E+09
 -1.0673E+09
 -1.0673E+09
 -1.0673E+09
 -1.0673E+09
 -1.0673E+09
 -1.0673E+09
 -1.0673E+09
 -1.0673E+09
 -1.0673E+09
 -1.0673E+09
 -1.0673E+09
 -1.0673E+09
 -1.0673E+09
 -1.0673E+09
 -1.0673E+09
 -1.0673E+09
 -1.0673E+09
 -1.0673E+09
 -1.0673E+09
 -1.0673E+09
 -1.0673E+09
 -1.0673E+09
 -1.0673E+09
 -1.0673E+09
 -1.0673E+09
 -1.0673E+09
 -1.0673E+09
 -1.0673E+09
 -1.0673E+09
 -1.0673E+09
 -1.0673E+09
 -1.0673E+09
 -1.0673E+09
 -1.0673E+09
 -1.0673E+09
 -1.0673E+09
 -1.0673E+09
 -1.0673E+09
 -1.0673E+09
 -1.0673E+09
 -1.0673E+09
 -1.0673E+09
 -1.0673E+09
 -1.0673E+09
 -1.0673E+09
 -1.0674E+09
 -1.0675E+09
 -1.0678E+09
 -1.0686E+09
 -1.0700E+09
 -1.0771E+09
 -1.0776E+09
 -1.0809E+09
 -1.0755E+09
 -1.0717E+09
 -1.0695E+09
 -1.0682E+09
 -1.0676E+09
 -1.0673E+09
 -1.0673E+09
 -1.0672E+09
 -1.0673E+09
 -1.0673E+09
 -1.0673E+09
 -1.0673E+09
 -1.0673E+09
 -1.0673E+09
 -1.0673E+09
 -1.0673E+09
 -1.0673E+09
 -1.0673E+09
 -1.0673E+09
 -1.0673E+09
 -1.0673E+09
 -1.0673E+09
 -1.0673E+09
 -1.0673E+09
 -1.0673E+09
 -1.0673E+09
 -1.0673E+09
 -1.0673E+09
 -1.0673E+09
 -1.0673E+09
 -1.0673E+09
 -1.0673E+09
 -1.0673E+09
 -1.0673E+09
 -1.0673E+09
 -1.0673E+09
 -1.0673E+09
 -1.0673E+09
 -1.0673E+09
 -1.0673E+09
 -1.0673E+09
 -1.0673E+09
 -1.0673E+09
 -1.0673E+09
 -1.0673E+09
 -1.0673E+09
 -1.0673E+09
 -1.0673E+09
 -1.0673E+09
 -1.0673E+09
 -1.0673E+09
 -1.0673E+09
 -1.0673E+09
 -1.0673E+09
 -1.0673E+09
 -1.0673E+09
 -1.0673E+09
 -1.0673E+09
 -1.0673E+09
 -1.0673E+09
 -1.0673E+09
 -1.0673E+09
 -1.0673E+09
 -1.0674E+09
 -1.0673E+09
 -1.0674E+09
 -1.0674E+09
 -1.0674E+09
 -1.0674E+09
 -1.0675E+09
 -1.0674E+09
 -1.0673E+09
 -1.0671E+09
 -1.0664E+09
 -1.0652E+09
 -1.0630E+09
 -1.0591E+09
 -1.0538E+09
 -1.0571E+09
 -1.0763E+09
 -1.0563E+09
 -1.0796E+09
 -1.0634E+09
 -1.0743E+09
 -1.0648E+09
 -1.0706E+09
 -1.0658E+09
 -1.0686E+09
 -1.0664E+09
 -1.0677E+09
 -1.0668E+09
 -1.0673E+09
 -1.0671E+09
 -1.0672E+09
 -1.0672E+09
 -1.0672E+09
 -1.0673E+09
 -1.0672E+09
 -1.0673E+09
 -1.0673E+09
 -1.0674E+09
 -1.0673E+09
 -1.0673E+09
 -1.0673E+09
 -1.0674E+09
 -1.0673E+09
 -1.0673E+09
 -1.0673E+09
 -1.0674E+09
 -1.0673E+09
 -1.0673E+09
 -1.0673E+09
 -1.0673E+09
 -1.0673E+09
 -1.0673E+09
 -1.0673E+09
 -1.0673E+09
 -1.0673E+09
 -1.0673E+09
 -1.0673E+09
 -1.0673E+09
 -1.0673E+09
 -1.0673E+09
 -1.0673E+09
 -1.0673E+09
 -1.0673E+09
 -1.0673E+09
 -1.0673E+09
 -1.0673E+09
 -1.0673E+09
 -1.0673E+09
 -1.0673E+09
 -1.0673E+09
 -1.0673E+09
 -1.0673E+09
 -1.0673E+09
 -1.0673E+09
 -1.0673E+09
 -1.0673E+09
 -1.0673E+09
 -1.0673E+09
 -1.0673E+09
 -1.0673E+09
 -1.0673E+09
 -1.0673E+09
 -1.0673E+09
 -1.0673E+09
 -1.0673E+09
 -1.0673E+09
 -1.0673E+09
 -1.0673E+09
 -1.0673E+09
 -1.0673E+09
 -1.0673E+09
 -1.0673E+09
 -1.0673E+09
 -1.0673E+09
 -1.0673E+09
 -1.0673E+09
 -1.0673E+09
 -1.0673E+09
 -1.0673E+09
 -1.0673E+09
 -1.0673E+09
 -1.0673E+09
 -1.0673E+09
 -1.0673E+09
 -1.0673E+09
 -1.0673E+09
 -1.0673E+09
 -1.0673E+09
 -1.0673E+09
 -1.0673E+09
 -1.0673E+09
 -1.0673E+09
 -1.0673E+09
 -1.0673E+09
 -1.0673E+09
 -1.0673E+09
 -1.0673E+09
 -1.0673E+09
 -1.0673E+09
 -1.0673E+09
 -1.0673E+09
 -1.0673E+09
 -1.0673E+09
 -1.0673E+09
 -1.0673E+09
 -1.0673E+09
 -1.0673E+09
 -1.0673E+09
 -1.0673E+09
 -1.0673E+09
 -1.0673E+09
 -1.0673E+09
 -1.0673E+09
 -1.0673E+09
 -1.0673E+09
 -1.0673E+09
 -1.0673E+09
 -1.0673E+09
 -1.0673E+09
 -1.0673E+09
 -1.0673E+09
 -1.0673E+09
 -1.0673E+09
 -1.0673E+09
 -1.0673E+09
 -1.0673E+09
 -1.0674E+09
 -1.0673E+09
 -1.0673E+09
 -1.0673E+09
 -1.0674E+09
 -1.0673E+09
 -1.0674E+09
 -1.0673E+09
 -1.0674E+09
 -1.0673E+09
 -1.0674E+09
 -1.0673E+09
 -1.0675E+09
 -1.0673E+09
 -1.0675E+09
 -1.0674E+09
 -1.0675E+09
 -1.0675E+09
 -1.0674E+09
 -1.0676E+09
 -1.0670E+09
 -1.0679E+09
 -1.0660E+09
 -1.0683E+09
 -1.0641E+09
 -1.0689E+09
 -1.0604E+09
 -1.0698E+09
 -1.0551E+09
 -1.0713E+09
 -1.0584E+09
 -1.0784E+09
 -1.0474E+09
 -1.0548E+09
 -1.0577E+09
 -1.0608E+09
 -1.0633E+09
 -1.0651E+09
 -1.0662E+09
 -1.0668E+09
 -1.0672E+09
 -1.0673E+09
 -1.0674E+09
 -1.0674E+09
 -1.0674E+09
 -1.0674E+09
 -1.0674E+09
 -1.0673E+09
 -1.0674E+09
 -1.0673E+09
 -1.0673E+09
 -1.0673E+09
 -1.0673E+09
 -1.0673E+09
 -1.0673E+09
 -1.0673E+09
 -1.0673E+09
 -1.0673E+09
 -1.0673E+09
 -1.0673E+09
 -1.0673E+09
 -1.0673E+09
 -1.0673E+09
 -1.0673E+09
 -1.0673E+09
 -1.0673E+09
 -1.0673E+09
 -1.0673E+09
 -1.0673E+09
 -1.0673E+09
 -1.0673E+09
 -1.0673E+09
 -1.0673E+09
 -1.0673E+09
 -1.0673E+09
 -1.0673E+09
 -1.0673E+09
 -1.0673E+09
 -1.0673E+09
 -1.0673E+09
 -1.0673E+09
 -1.0673E+09
 -1.0673E+09
 -1.0673E+09
 -1.0673E+09
 -1.0673E+09
 -1.0673E+09
 -1.0673E+09
 -1.0673E+09
 -1.0673E+09
 -1.0673E+09
 -1.0673E+09
 -1.0673E+09
 -1.0673E+09
 -1.0673E+09
 -1.0673E+09
 -1.0673E+09
 -1.0673E+09
 -1.0673E+09
 -1.0673E+09
 -1.0673E+09
 -1.0673E+09
 -1.0673E+09
 -1.0674E+09
 -1.0675E+09
 -1.0678E+09
 -1.0685E+09
 -1.0696E+09
 -1.0713E+09
 -1.0739E+09
 -1.0770E+09
 -1.0799E+09
 -1.0872E+09
 -1.0431E+09
 -1.0506E+09
 -1.0537E+09
 -1.0576E+09
 -1.0611E+09
 -1.0637E+09
 -1.0654E+09
 -1.0664E+09
 -1.0670E+09
 -1.0673E+09
 -1.0674E+09
 -1.0674E+09
 -1.0674E+09
 -1.0674E+09
 -1.0674E+09
 -1.0674E+09
 -1.0674E+09
 -1.0673E+09
 -1.0673E+09
 -1.0673E+09
 -1.0673E+09
 -1.0673E+09
 -1.0673E+09
 -1.0673E+09
 -1.0673E+09
 -1.0673E+09
 -1.0673E+09
 -1.0673E+09
 -1.0673E+09
 -1.0673E+09
 -1.0673E+09
 -1.0673E+09
 -1.0673E+09
 -1.0673E+09
 -1.0673E+09
 -1.0673E+09
 -1.0673E+09
 -1.0673E+09
 -1.0673E+09
 -1.0673E+09
 -1.0673E+09
 -1.0673E+09
 -1.0673E+09
 -1.0673E+09
 -1.0673E+09
 -1.0673E+09
 -1.0673E+09
 -1.0673E+09
 -1.0673E+09
 -1.0673E+09
 -1.0673E+09
 -1.0673E+09
 -1.0673E+09
 -1.0673E+09
 -1.0673E+09
 -1.0673E+09
 -1.0673E+09
 -1.0673E+09
 -1.0673E+09
 -1.0673E+09
 -1.0673E+09
 -1.0673E+09
 -1.0673E+09
 -1.0673E+09
 -1.0673E+09
 -1.0673E+09
 -1.0673E+09
 -1.0673E+09
 -1.0673E+09
 -1.0673E+09
 -1.0673E+09
 -1.0674E+09
 -1.0677E+09
 -1.0682E+09
 -1.0693E+09
 -1.0710E+09
 -1.0736E+09
 -1.0771E+09
 -1.0810E+09
 -1.0841E+09
 -1.0916E+09
 -1.0418E+09
 -1.0493E+09
 -1.0525E+09
 -1.0565E+09
 -1.0603E+09
 -1.0632E+09
 -1.0651E+09
 -1.0663E+09
 -1.0669E+09
 -1.0672E+09
 -1.0674E+09
 -1.0674E+09
 -1.0674E+09
 -1.0674E+09
 -1.0674E+09
 -1.0674E+09
 -1.0674E+09
 -1.0673E+09
 -1.0673E+09
 -1.0673E+09
 -1.0673E+09
 -1.0673E+09
 -1.0673E+09
 -1.0673E+09
 -1.0673E+09
 -1.0673E+09
 -1.0673E+09
 -1.0673E+09
 -1.0673E+09
 -1.0673E+09
 -1.0673E+09
 -1.0673E+09
 -1.0673E+09
 -1.0673E+09
 -1.0673E+09
 -1.0673E+09
 -1.0673E+09
 -1.0673E+09
 -1.0673E+09
 -1.0673E+09
 -1.0673E+09
 -1.0673E+09
 -1.0673E+09
 -1.0673E+09
 -1.0673E+09
 -1.0673E+09
 -1.0673E+09
 -1.0673E+09
 -1.0673E+09
 -1.0673E+09
 -1.0673E+09
 -1.0673E+09
 -1.0673E+09
 -1.0673E+09
 -1.0673E+09
 -1.0673E+09
 -1.0673E+09
 -1.0673E+09
 -1.0673E+09
 -1.0673E+09
 -1.0673E+09
 -1.0673E+09
 -1.0673E+09
 -1.0673E+09
 -1.0673E+09
 -1.0673E+09
 -1.0673E+09
 -1.0673E+09
 -1.0673E+09
 -1.0673E+09
 -1.0673E+09
 -1.0674E+09
 -1.0678E+09
 -1.0684E+09
 -1.0696E+09
 -1.0715E+09
 -1.0744E+09
 -1.0782E+09
 -1.0822E+09
 -1.0854E+09
 -1.0929E+09
 -1.0431E+09
 -1.0506E+09
 -1.0537E+09
 -1.0576E+09
 -1.0611E+09
 -1.0637E+09
 -1.0654E+09
 -1.0664E+09
 -1.0670E+09
 -1.0673E+09
 -1.0674E+09
 -1.0674E+09
 -1.0674E+09
 -1.0674E+09
 -1.0674E+09
 -1.0674E+09
 -1.0674E+09
 -1.0673E+09
 -1.0673E+09
 -1.0673E+09
 -1.0673E+09
 -1.0673E+09
 -1.0673E+09
 -1.0673E+09
 -1.0673E+09
 -1.0673E+09
 -1.0673E+09
 -1.0673E+09
 -1.0673E+09
 -1.0673E+09
 -1.0673E+09
 -1.0673E+09
 -1.0673E+09
 -1.0673E+09
 -1.0673E+09
 -1.0673E+09
 -1.0673E+09
 -1.0673E+09
 -1.0673E+09
 -1.0673E+09
 -1.0673E+09
 -1.0673E+09
 -1.0673E+09
 -1.0673E+09
 -1.0673E+09
 -1.0673E+09
 -1.0673E+09
 -1.0673E+09
 -1.0673E+09
 -1.0673E+09
 -1.0673E+09
 -1.0673E+09
 -1.0673E+09
 -1.0673E+09
 -1.0673E+09
 -1.0673E+09
 -1.0673E+09
 -1.0673E+09
 -1.0673E+09
 -1.0673E+09
 -1.0673E+09
 -1.0673E+09
 -1.0673E+09
 -1.0673E+09
 -1.0673E+09
 -1.0673E+09
 -1.0673E+09
 -1.0673E+09
 -1.0673E+09
 -1.0673E+09
 -1.0673E+09
 -1.0674E+09
 -1.0677E+09
 -1.0682E+09
 -1.0693E+09
 -1.0710E+09
 -1.0736E+09
 -1.0771E+09
 -1.0810E+09
 -1.0841E+09
 -1.0916E+09
 -1.0474E+09
 -1.0548E+09
 -1.0577E+09
 -1.0608E+09
 -1.0633E+09
 -1.0651E+09
 -1.0662E+09
 -1.0668E+09
 -1.0672E+09
 -1.0673E+09
 -1.0674E+09
 -1.0674E+09
 -1.0674E+09
 -1.0674E+09
 -1.0674E+09
 -1.0673E+09
 -1.0674E+09
 -1.0673E+09
 -1.0673E+09
 -1.0673E+09
 -1.0673E+09
 -1.0673E+09
 -1.0673E+09
 -1.0673E+09
 -1.0673E+09
 -1.0673E+09
 -1.0673E+09
 -1.0673E+09
 -1.0673E+09
 -1.0673E+09
 -1.0673E+09
 -1.0673E+09
 -1.0673E+09
 -1.0673E+09
 -1.0673E+09
 -1.0673E+09
 -1.0673E+09
 -1.0673E+09
 -1.0673E+09
 -1.0673E+09
 -1.0673E+09
 -1.0673E+09
 -1.0673E+09
 -1.0673E+09
 -1.0673E+09
 -1.0673E+09
 -1.0673E+09
 -1.0673E+09
 -1.0673E+09
 -1.0673E+09
 -1.0673E+09
 -1.0673E+09
 -1.0673E+09
 -1.0673E+09
 -1.0673E+09
 -1.0673E+09
 -1.0673E+09
 -1.0673E+09
 -1.0673E+09
 -1.0673E+09
 -1.0673E+09
 -1.0673E+09
 -1.0673E+09
 -1.0673E+09
 -1.0673E+09
 -1.0673E+09
 -1.0673E+09
 -1.0673E+09
 -1.0673E+09
 -1.0673E+09
 -1.0673E+09
 -1.0674E+09
 -1.0675E+09
 -1.0678E+09
 -1.0685E+09
 -1.0696E+09
 -1.0713E+09
 -1.0739E+09
 -1.0770E+09
 -1.0799E+09
 -1.0872E+09
 -1.0563E+09
 -1.0634E+09
 -1.0648E+09
 -1.0658E+09
 -1.0664E+09
 -1.0668E+09
 -1.0671E+09
 -1.0672E+09
 -1.0673E+09
 -1.0673E+09
 -1.0674E+09
 -1.0673E+09
 -1.0674E+09
 -1.0673E+09
 -1.0674E+09
 -1.0673E+09
 -1.0673E+09
 -1.0673E+09
 -1.0673E+09
 -1.0673E+09
 -1.0673E+09
 -1.0673E+09
 -1.0673E+09
 -1.0673E+09
 -1.0673E+09
 -1.0673E+09
 -1.0673E+09
 -1.0673E+09
 -1.0673E+09
 -1.0673E+09
 -1.0673E+09
 -1.0673E+09
 -1.0673E+09
 -1.0673E+09
 -1.0673E+09
 -1.0673E+09
 -1.0673E+09
 -1.0673E+09
 -1.0673E+09
 -1.0673E+09
 -1.0673E+09
 -1.0673E+09
 -1.0673E+09
 -1.0673E+09
 -1.0673E+09
 -1.0673E+09
 -1.0673E+09
 -1.0673E+09
 -1.0673E+09
 -1.0673E+09
 -1.0673E+09
 -1.0673E+09
 -1.0673E+09
 -1.0673E+09
 -1.0673E+09
 -1.0673E+09
 -1.0673E+09
 -1.0673E+09
 -1.0673E+09
 -1.0673E+09
 -1.0673E+09
 -1.0673E+09
 -1.0673E+09
 -1.0673E+09
 -1.0673E+09
 -1.0673E+09
 -1.0673E+09
 -1.0673E+09
 -1.0673E+09
 -1.0673E+09
 -1.0673E+09
 -1.0673E+09
 -1.0674E+09
 -1.0675E+09
 -1.0676E+09
 -1.0679E+09
 -1.0683E+09
 -1.0689E+09
 -1.0698E+09
 -1.0713E+09
 -1.0784E+09
 -1.0763E+09
 -1.0796E+09
 -1.0743E+09
 -1.0706E+09
 -1.0686E+09
 -1.0677E+09
 -1.0673E+09
 -1.0672E+09
 -1.0672E+09
 -1.0672E+09
 -1.0673E+09
 -1.0673E+09
 -1.0673E+09
 -1.0673E+09
 -1.0673E+09
 -1.0673E+09
 -1.0673E+09
 -1.0673E+09
 -1.0673E+09
 -1.0673E+09
 -1.0673E+09
 -1.0673E+09
 -1.0673E+09
 -1.0673E+09
 -1.0673E+09
 -1.0673E+09
 -1.0673E+09
 -1.0673E+09
 -1.0673E+09
 -1.0673E+09
 -1.0673E+09
 -1.0673E+09
 -1.0673E+09
 -1.0673E+09
 -1.0673E+09
 -1.0673E+09
 -1.0673E+09
 -1.0673E+09
 -1.0673E+09
 -1.0673E+09
 -1.0673E+09
 -1.0673E+09
 -1.0673E+09
 -1.0673E+09
 -1.0673E+09
 -1.0673E+09
 -1.0673E+09
 -1.0673E+09
 -1.0673E+09
 -1.0673E+09
 -1.0673E+09
 -1.0673E+09
 -1.0673E+09
 -1.0673E+09
 -1.0673E+09
 -1.0673E+09
 -1.0673E+09
 -1.0673E+09
 -1.0673E+09
 -1.0673E+09
 -1.0673E+09
 -1.0673E+09
 -1.0673E+09
 -1.0673E+09
 -1.0673E+09
 -1.0674E+09
 -1.0673E+09
 -1.0674E+09
 -1.0674E+09
 -1.0674E+09
 -1.0674E+09
 -1.0675E+09
 -1.0675E+09
 -1.0675E+09
 -1.0674E+09
 -1.0670E+09
 -1.0660E+09
 -1.0641E+09
 -1.0604E+09
 -1.0551E+09
 -1.0584E+09
 -1.0776E+09
 -1.0576E+09
 -1.0809E+09
 -1.0647E+09
 -1.0755E+09
 -1.0661E+09
 -1.0717E+09
 -1.0668E+09
 -1.0695E+09
 -1.0672E+09
 -1.0682E+09
 -1.0673E+09
 -1.0676E+09
 -1.0674E+09
 -1.0673E+09
 -1.0674E+09
 -1.0673E+09
 -1.0674E+09
 -1.0672E+09
 -1.0674E+09
 -1.0673E+09
 -1.0674E+09
 -1.0673E+09
 -1.0673E+09
 -1.0673E+09
 -1.0674E+09
 -1.0673E+09
 -1.0673E+09
 -1.0673E+09
 -1.0673E+09
 -1.0673E+09
 -1.0673E+09
 -1.0673E+09
 -1.0673E+09
 -1.0673E+09
 -1.0673E+09
 -1.0673E+09
 -1.0673E+09
 -1.0673E+09
 -1.0673E+09
 -1.0673E+09
 -1.0673E+09
 -1.0673E+09
 -1.0673E+09
 -1.0673E+09
 -1.0673E+09
 -1.0673E+09
 -1.0673E+09
 -1.0673E+09
 -1.0673E+09
 -1.0673E+09
 -1.0673E+09
 -1.0673E+09
 -1.0673E+09
 -1.0673E+09
 -1.0673E+09
 -1.0673E+09
 -1.0673E+09
 -1.0673E+09
 -1.0673E+09
 -1.0673E+09
 -1.0673E+09
 -1.0673E+09
 -1.0673E+09
 -1.0673E+09
 -1.0673E+09
 -1.0673E+09
 -1.0673E+09
 -1.0673E+09
 -1.0673E+09
 -1.0673E+09
 -1.0673E+09
 -1.0673E+09
 -1.0673E+09
 -1.0673E+09
 -1.0673E+09
 -1.0673E+09
 -1.0673E+09
 -1.0673E+09
 -1.0673E+09
 -1.0673E+09
 -1.0673E+09
 -1.0673E+09
 -1.0673E+09
 -1.0673E+09
 -1.0673E+09
 -1.0673E+09
 -1.0673E+09
 -1.0673E+09
 -1.0673E+09
 -1.0673E+09
 -1.0673E+09
 -1.0673E+09
 -1.0673E+09
 -1.0673E+09
 -1.0673E+09
 -1.0673E+09
 -1.0673E+09
 -1.0673E+09
 -1.0673E+09
 -1.0673E+09
 -1.0673E+09
 -1.0673E+09
 -1.0673E+09
 -1.0673E+09
 -1.0673E+09
 -1.0673E+09
 -1.0673E+09
 -1.0673E+09
 -1.0673E+09
 -1.0673E+09
 -1.0673E+09
 -1.0673E+09
 -1.0673E+09
 -1.0673E+09
 -1.0673E+09
 -1.0673E+09
 -1.0673E+09
 -1.0673E+09
 -1.0673E+09
 -1.0673E+09
 -1.0673E+09
 -1.0673E+09
 -1.0673E+09
 -1.0673E+09
 -1.0673E+09
 -1.0673E+09
 -1.0673E+09
 -1.0673E+09
 -1.0673E+09
 -1.0674E+09
 -1.0673E+09
 -1.0673E+09
 -1.0673E+09
 -1.0674E+09
 -1.0673E+09
 -1.0674E+09
 -1.0673E+09
 -1.0674E+09
 -1.0673E+09
 -1.0674E+09
 -1.0673E+09
 -1.0675E+09
 -1.0673E+09
 -1.0674E+09
 -1.0673E+09
 -1.0673E+09
 -1.0673E+09
 -1.0671E+09
 -1.0673E+09
 -1.0664E+09
 -1.0674E+09
 -1.0652E+09
 -1.0675E+09
 -1.0630E+09
 -1.0678E+09
 -1.0591E+09
 -1.0686E+09
 -1.0538E+09
 -1.0700E+09
 -1.0571E+09
 -1.0771E+09
 -1.0487E+09
 -1.0561E+09
 -1.0589E+09
 -1.0619E+09
 -1.0642E+09
 -1.0656E+09
 -1.0665E+09
 -1.0670E+09
 -1.0673E+09
 -1.0674E+09
 -1.0674E+09
 -1.0674E+09
 -1.0674E+09
 -1.0674E+09
 -1.0674E+09
 -1.0673E+09
 -1.0674E+09
 -1.0673E+09
 -1.0673E+09
 -1.0673E+09
 -1.0673E+09
 -1.0673E+09
 -1.0673E+09
 -1.0673E+09
 -1.0673E+09
 -1.0673E+09
 -1.0673E+09
 -1.0673E+09
 -1.0673E+09
 -1.0673E+09
 -1.0673E+09
 -1.0673E+09
 -1.0673E+09
 -1.0673E+09
 -1.0673E+09
 -1.0673E+09
 -1.0673E+09
 -1.0673E+09
 -1.0673E+09
 -1.0673E+09
 -1.0673E+09
 -1.0673E+09
 -1.0673E+09
 -1.0673E+09
 -1.0673E+09
 -1.0673E+09
 -1.0673E+09
 -1.0673E+09
 -1.0673E+09
 -1.0673E+09
 -1.0673E+09
 -1.0673E+09
 -1.0673E+09
 -1.0673E+09
 -1.0673E+09
 -1.0673E+09
 -1.0673E+09
 -1.0673E+09
 -1.0673E+09
 -1.0673E+09
 -1.0673E+09
 -1.0673E+09
 -1.0673E+09
 -1.0673E+09
 -1.0673E+09
 -1.0673E+09
 -1.0673E+09
 -1.0673E+09
 -1.0673E+09
 -1.0673E+09
 -1.0673E+09
 -1.0673E+09
 -1.0674E+09
 -1.0677E+09
 -1.0682E+09
 -1.0690E+09
 -1.0705E+09
 -1.0728E+09
 -1.0758E+09
 -1.0785E+09
 -1.0859E+09
 -1.0444E+09
 -1.0519E+09
 -1.0550E+09
 -1.0587E+09
 -1.0619E+09
 -1.0642E+09
 -1.0657E+09
 -1.0666E+09
 -1.0671E+09
 -1.0673E+09
 -1.0674E+09
 -1.0674E+09
 -1.0674E+09
 -1.0674E+09
 -1.0674E+09
 -1.0674E+09
 -1.0674E+09
 -1.0673E+09
 -1.0673E+09
 -1.0673E+09
 -1.0673E+09
 -1.0673E+09
 -1.0673E+09
 -1.0673E+09
 -1.0673E+09
 -1.0673E+09
 -1.0673E+09
 -1.0673E+09
 -1.0673E+09
 -1.0673E+09
 -1.0673E+09
 -1.0673E+09
 -1.0673E+09
 -1.0673E+09
 -1.0673E+09
 -1.0673E+09
 -1.0673E+09
 -1.0673E+09
 -1.0673E+09
 -1.0673E+09
 -1.0673E+09
 -1.0673E+09
 -1.0673E+09
 -1.0673E+09
 -1.0673E+09
 -1.0673E+09
 -1.0673E+09
 -1.0673E+09
 -1.0673E+09
 -1.0673E+09
 -1.0673E+09
 -1.0673E+09
 -1.0673E+09
 -1.0673E+09
 -1.0673E+09
 -1.0673E+09
 -1.0673E+09
 -1.0673E+09
 -1.0673E+09
 -1.0673E+09
 -1.0673E+09
 -1.0673E+09
 -1.0673E+09
 -1.0673E+09
 -1.0673E+09
 -1.0673E+09
 -1.0673E+09
 -1.0673E+09
 -1.0673E+09
 -1.0673E+09
 -1.0673E+09
 -1.0674E+09
 -1.0676E+09
 -1.0681E+09
 -1.0690E+09
 -1.0704E+09
 -1.0728E+09
 -1.0760E+09
 -1.0797E+09
 -1.0828E+09
 -1.0903E+09
 -1.0431E+09
 -1.0506E+09
 -1.0537E+09
 -1.0576E+09
 -1.0611E+09
 -1.0637E+09
 -1.0654E+09
 -1.0664E+09
 -1.0670E+09
 -1.0673E+09
 -1.0674E+09
 -1.0674E+09
 -1.0674E+09
 -1.0674E+09
 -1.0674E+09
 -1.0674E+09
 -1.0674E+09
 -1.0673E+09
 -1.0673E+09
 -1.0673E+09
 -1.0673E+09
 -1.0673E+09
 -1.0673E+09
 -1.0673E+09
 -1.0673E+09
 -1.0673E+09
 -1.0673E+09
 -1.0673E+09
 -1.0673E+09
 -1.0673E+09
 -1.0673E+09
 -1.0673E+09
 -1.0673E+09
 -1.0673E+09
 -1.0673E+09
 -1.0673E+09
 -1.0673E+09
 -1.0673E+09
 -1.0673E+09
 -1.0673E+09
 -1.0673E+09
 -1.0673E+09
 -1.0673E+09
 -1.0673E+09
 -1.0673E+09
 -1.0673E+09
 -1.0673E+09
 -1.0673E+09
 -1.0673E+09
 -1.0673E+09
 -1.0673E+09
 -1.0673E+09
 -1.0673E+09
 -1.0673E+09
 -1.0673E+09
 -1.0673E+09
 -1.0673E+09
 -1.0673E+09
 -1.0673E+09
 -1.0673E+09
 -1.0673E+09
 -1.0673E+09
 -1.0673E+09
 -1.0673E+09
 -1.0673E+09
 -1.0673E+09
 -1.0673E+09
 -1.0673E+09
 -1.0673E+09
 -1.0673E+09
 -1.0673E+09
 -1.0674E+09
 -1.0677E+09
 -1.0682E+09
 -1.0693E+09
 -1.0710E+09
 -1.0736E+09
 -1.0771E+09
 -1.0810E+09
 -1.0841E+09
 -1.0916E+09
 -1.0444E+09
 -1.0519E+09
 -1.0550E+09
 -1.0587E+09
 -1.0619E+09
 -1.0642E+09
 -1.0657E+09
 -1.0666E+09
 -1.0671E+09
 -1.0673E+09
 -1.0674E+09
 -1.0674E+09
 -1.0674E+09
 -1.0674E+09
 -1.0674E+09
 -1.0674E+09
 -1.0674E+09
 -1.0673E+09
 -1.0673E+09
 -1.0673E+09
 -1.0673E+09
 -1.0673E+09
 -1.0673E+09
 -1.0673E+09
 -1.0673E+09
 -1.0673E+09
 -1.0673E+09
 -1.0673E+09
 -1.0673E+09
 -1.0673E+09
 -1.0673E+09
 -1.0673E+09
 -1.0673E+09
 -1.0673E+09
 -1.0673E+09
 -1.0673E+09
 -1.0673E+09
 -1.0673E+09
 -1.0673E+09
 -1.0673E+09
 -1.0673E+09
 -1.0673E+09
 -1.0673E+09
 -1.0673E+09
 -1.0673E+09
 -1.0673E+09
 -1.0673E+09
 -1.0673E+09
 -1.0673E+09
 -1.0673E+09
 -1.0673E+09
 -1.0673E+09
 -1.0673E+09
 -1.0673E+09
 -1.0673E+09
 -1.0673E+09
 -1.0673E+09
 -1.0673E+09
 -1.0673E+09
 -1.0673E+09
 -1.0673E+09
 -1.0673E+09
 -1.0673E+09
 -1.0673E+09
 -1.0673E+09
 -1.0673E+09
 -1.0673E+09
 -1.0673E+09
 -1.0673E+09
 -1.0673E+09
 -1.0673E+09
 -1.0674E+09
 -1.0676E+09
 -1.0681E+09
 -1.0690E+09
 -1.0704E+09
 -1.0728E+09
 -1.0760E+09
 -1.0797E+09
 -1.0828E+09
 -1.0903E+09
 -1.0487E+09
 -1.0561E+09
 -1.0589E+09
 -1.0619E+09
 -1.0642E+09
 -1.0656E+09
 -1.0665E+09
 -1.0670E+09
 -1.0673E+09
 -1.0674E+09
 -1.0674E+09
 -1.0674E+09
 -1.0674E+09
 -1.0674E+09
 -1.0674E+09
 -1.0673E+09
 -1.0674E+09
 -1.0673E+09
 -1.0673E+09
 -1.0673E+09
 -1.0673E+09
 -1.0673E+09
 -1.0673E+09
 -1.0673E+09
 -1.0673E+09
 -1.0673E+09
 -1.0673E+09
 -1.0673E+09
 -1.0673E+09
 -1.0673E+09
 -1.0673E+09
 -1.0673E+09
 -1.0673E+09
 -1.0673E+09
 -1.0673E+09
 -1.0673E+09
 -1.0673E+09
 -1.0673E+09
 -1.0673E+09
 -1.0673E+09
 -1.0673E+09
 -1.0673E+09
 -1.0673E+09
 -1.0673E+09
 -1.0673E+09
 -1.0673E+09
 -1.0673E+09
 -1.0673E+09
 -1.0673E+09
 -1.0673E+09
 -1.0673E+09
 -1.0673E+09
 -1.0673E+09
 -1.0673E+09
 -1.0673E+09
 -1.0673E+09
 -1.0673E+09
 -1.0673E+09
 -1.0673E+09
 -1.0673E+09
 -1.0673E+09
 -1.0673E+09
 -1.0673E+09
 -1.0673E+09
 -1.0673E+09
 -1.0673E+09
 -1.0673E+09
 -1.0673E+09
 -1.0673E+09
 -1.0673E+09
 -1.0673E+09
 -1.0673E+09
 -1.0674E+09
 -1.0677E+09
 -1.0682E+09
 -1.0690E+09
 -1.0705E+09
 -1.0728E+09
 -1.0758E+09
 -1.0785E+09
 -1.0859E+09
 -1.0576E+09
 -1.0647E+09
 -1.0661E+09
 -1.0668E+09
 -1.0672E+09
 -1.0673E+09
 -1.0674E+09
 -1.0674E+09
 -1.0674E+09
 -1.0674E+09
 -1.0674E+09
 -1.0673E+09
 -1.0674E+09
 -1.0673E+09
 -1.0673E+09
 -1.0673E+09
 -1.0673E+09
 -1.0673E+09
 -1.0673E+09
 -1.0673E+09
 -1.0673E+09
 -1.0673E+09
 -1.0673E+09
 -1.0673E+09
 -1.0673E+09
 -1.0673E+09
 -1.0673E+09
 -1.0673E+09
 -1.0673E+09
 -1.0673E+09
 -1.0673E+09
 -1.0673E+09
 -1.0673E+09
 -1.0673E+09
 -1.0673E+09
 -1.0673E+09
 -1.0673E+09
 -1.0673E+09
 -1.0673E+09
 -1.0673E+09
 -1.0673E+09
 -1.0673E+09
 -1.0673E+09
 -1.0673E+09
 -1.0673E+09
 -1.0673E+09
 -1.0673E+09
 -1.0673E+09
 -1.0673E+09
 -1.0673E+09
 -1.0673E+09
 -1.0673E+09
 -1.0673E+09
 -1.0673E+09
 -1.0673E+09
 -1.0673E+09
 -1.0673E+09
 -1.0673E+09
 -1.0673E+09
 -1.0673E+09
 -1.0673E+09
 -1.0673E+09
 -1.0673E+09
 -1.0673E+09
 -1.0673E+09
 -1.0673E+09
 -1.0673E+09
 -1.0673E+09
 -1.0673E+09
 -1.0673E+09
 -1.0673E+09
 -1.0673E+09
 -1.0673E+09
 -1.0673E+09
 -1.0673E+09
 -1.0674E+09
 -1.0675E+09
 -1.0678E+09
 -1.0686E+09
 -1.0700E+09
 -1.0771E+09
 -1.0776E+09
 -1.0809E+09
 -1.0755E+09
 -1.0717E+09
 -1.0695E+09
 -1.0682E+09
 -1.0676E+09
 -1.0673E+09
 -1.0673E+09
 -1.0672E+09
 -1.0673E+09
 -1.0673E+09
 -1.0673E+09
 -1.0673E+09
 -1.0673E+09
 -1.0673E+09
 -1.0673E+09
 -1.0673E+09
 -1.0673E+09
 -1.0673E+09
 -1.0673E+09
 -1.0673E+09
 -1.0673E+09
 -1.0673E+09
 -1.0673E+09
 -1.0673E+09
 -1.0673E+09
 -1.0673E+09
 -1.0673E+09
 -1.0673E+09
 -1.0673E+09
 -1.0673E+09
 -1.0673E+09
 -1.0673E+09
 -1.0673E+09
 -1.0673E+09
 -1.0673E+09
 -1.0673E+09
 -1.0673E+09
 -1.0673E+09
 -1.0673E+09
 -1.0673E+09
 -1.0673E+09
 -1.0673E+09
 -1.0673E+09
 -1.0673E+09
 -1.0673E+09
 -1.0673E+09
 -1.0673E+09
 -1.0673E+09
 -1.0673E+09
 -1.0673E+09
 -1.0673E+09
 -1.0673E+09
 -1.0673E+09
 -1.0673E+09
 -1.0673E+09
 -1.0673E+09
 -1.0673E+09
 -1.0673E+09
 -1.0673E+09
 -1.0673E+09
 -1.0673E+09
 -1.0673E+09
 -1.0673E+09
 -1.0674E+09
 -1.0673E+09
 -1.0674E+09
 -1.0674E+09
 -1.0674E+09
 -1.0674E+09
 -1.0675E+09
 -1.0674E+09
 -1.0673E+09
 -1.0671E+09
 -1.0664E+09
 -1.0652E+09
 -1.0630E+09
 -1.0591E+09
 -1.0538E+09
 -1.0571E+09
 -1.0819E+09
 -1.0619E+09
 -1.0852E+09
 -1.0690E+09
 -1.0795E+09
 -1.0700E+09
 -1.0749E+09
 -1.0700E+09
 -1.0717E+09
 -1.0694E+09
 -1.0696E+09
 -1.0687E+09
 -1.0684E+09
 -1.0682E+09
 -1.0677E+09
 -1.0678E+09
 -1.0674E+09
 -1.0676E+09
 -1.0673E+09
 -1.0674E+09
 -1.0673E+09
 -1.0674E+09
 -1.0673E+09
 -1.0673E+09
 -1.0673E+09
 -1.0673E+09
 -1.0673E+09
 -1.0673E+09
 -1.0673E+09
 -1.0673E+09
 -1.0673E+09
 -1.0673E+09
 -1.0673E+09
 -1.0673E+09
 -1.0673E+09
 -1.0673E+09
 -1.0673E+09
 -1.0673E+09
 -1.0673E+09
 -1.0673E+09
 -1.0673E+09
 -1.0673E+09
 -1.0673E+09
 -1.0673E+09
 -1.0673E+09
 -1.0673E+09
 -1.0673E+09
 -1.0673E+09
 -1.0673E+09
 -1.0673E+09
 -1.0673E+09
 -1.0673E+09
 -1.0673E+09
 -1.0673E+09
 -1.0673E+09
 -1.0673E+09
 -1.0673E+09
 -1.0673E+09
 -1.0673E+09
 -1.0673E+09
 -1.0673E+09
 -1.0673E+09
 -1.0673E+09
 -1.0673E+09
 -1.0673E+09
 -1.0673E+09
 -1.0673E+09
 -1.0673E+09
 -1.0673E+09
 -1.0673E+09
 -1.0673E+09
 -1.0673E+09
 -1.0673E+09
 -1.0673E+09
 -1.0673E+09
 -1.0673E+09
 -1.0673E+09
 -1.0673E+09
 -1.0673E+09
 -1.0673E+09
 -1.0673E+09
 -1.0673E+09
 -1.0673E+09
 -1.0673E+09
 -1.0673E+09
 -1.0673E+09
 -1.0673E+09
 -1.0673E+09
 -1.0673E+09
 -1.0673E+09
 -1.0673E+09
 -1.0673E+09
 -1.0673E+09
 -1.0673E+09
 -1.0673E+09
 -1.0673E+09
 -1.0673E+09
 -1.0673E+09
 -1.0673E+09
 -1.0673E+09
 -1.0673E+09
 -1.0673E+09
 -1.0673E+09
 -1.0673E+09
 -1.0673E+09
 -1.0673E+09
 -1.0673E+09
 -1.0673E+09
 -1.0673E+09
 -1.0673E+09
 -1.0673E+09
 -1.0673E+09
 -1.0673E+09
 -1.0673E+09
 -1.0673E+09
 -1.0673E+09
 -1.0673E+09
 -1.0673E+09
 -1.0673E+09
 -1.0673E+09
 -1.0673E+09
 -1.0673E+09
 -1.0673E+09
 -1.0673E+09
 -1.0673E+09
 -1.0673E+09
 -1.0673E+09
 -1.0673E+09
 -1.0673E+09
 -1.0673E+09
 -1.0674E+09
 -1.0674E+09
 -1.0674E+09
 -1.0673E+09
 -1.0674E+09
 -1.0674E+09
 -1.0674E+09
 -1.0673E+09
 -1.0674E+09
 -1.0674E+09
 -1.0674E+09
 -1.0673E+09
 -1.0674E+09
 -1.0673E+09
 -1.0672E+09
 -1.0671E+09
 -1.0669E+09
 -1.0669E+09
 -1.0663E+09
 -1.0665E+09
 -1.0650E+09
 -1.0660E+09
 -1.0630E+09
 -1.0653E+09
 -1.0598E+09
 -1.0646E+09
 -1.0552E+09
 -1.0646E+09
 -1.0495E+09
 -1.0657E+09
 -1.0528E+09
 -1.0728E+09
 -1.0531E+09
 -1.0604E+09
 -1.0629E+09
 -1.0651E+09
 -1.0664E+09
 -1.0670E+09
 -1.0673E+09
 -1.0674E+09
 -1.0674E+09
 -1.0674E+09
 -1.0674E+09
 -1.0674E+09
 -1.0674E+09
 -1.0673E+09
 -1.0674E+09
 -1.0673E+09
 -1.0673E+09
 -1.0673E+09
 -1.0673E+09
 -1.0673E+09
 -1.0673E+09
 -1.0673E+09
 -1.0673E+09
 -1.0673E+09
 -1.0673E+09
 -1.0673E+09
 -1.0673E+09
 -1.0673E+09
 -1.0673E+09
 -1.0673E+09
 -1.0673E+09
 -1.0673E+09
 -1.0673E+09
 -1.0673E+09
 -1.0673E+09
 -1.0673E+09
 -1.0673E+09
 -1.0673E+09
 -1.0673E+09
 -1.0673E+09
 -1.0673E+09
 -1.0673E+09
 -1.0673E+09
 -1.0673E+09
 -1.0673E+09
 -1.0673E+09
 -1.0673E+09
 -1.0673E+09
 -1.0673E+09
 -1.0673E+09
 -1.0673E+09
 -1.0673E+09
 -1.0673E+09
 -1.0673E+09
 -1.0673E+09
 -1.0673E+09
 -1.0673E+09
 -1.0673E+09
 -1.0673E+09
 -1.0673E+09
 -1.0673E+09
 -1.0673E+09
 -1.0673E+09
 -1.0673E+09
 -1.0673E+09
 -1.0673E+09
 -1.0673E+09
 -1.0673E+09
 -1.0673E+09
 -1.0673E+09
 -1.0673E+09
 -1.0673E+09
 -1.0672E+09
 -1.0673E+09
 -1.0674E+09
 -1.0676E+09
 -1.0683E+09
 -1.0696E+09
 -1.0718E+09
 -1.0743E+09
 -1.0816E+09
 -1.0487E+09
 -1.0561E+09
 -1.0589E+09
 -1.0619E+09
 -1.0642E+09
 -1.0656E+09
 -1.0665E+09
 -1.0670E+09
 -1.0673E+09
 -1.0674E+09
 -1.0674E+09
 -1.0674E+09
 -1.0674E+09
 -1.0674E+09
 -1.0674E+09
 -1.0673E+09
 -1.0674E+09
 -1.0673E+09
 -1.0673E+09
 -1.0673E+09
 -1.0673E+09
 -1.0673E+09
 -1.0673E+09
 -1.0673E+09
 -1.0673E+09
 -1.0673E+09
 -1.0673E+09
 -1.0673E+09
 -1.0673E+09
 -1.0673E+09
 -1.0673E+09
 -1.0673E+09
 -1.0673E+09
 -1.0673E+09
 -1.0673E+09
 -1.0673E+09
 -1.0673E+09
 -1.0673E+09
 -1.0673E+09
 -1.0673E+09
 -1.0673E+09
 -1.0673E+09
 -1.0673E+09
 -1.0673E+09
 -1.0673E+09
 -1.0673E+09
 -1.0673E+09
 -1.0673E+09
 -1.0673E+09
 -1.0673E+09
 -1.0673E+09
 -1.0673E+09
 -1.0673E+09
 -1.0673E+09
 -1.0673E+09
 -1.0673E+09
 -1.0673E+09
 -1.0673E+09
 -1.0673E+09
 -1.0673E+09
 -1.0673E+09
 -1.0673E+09
 -1.0673E+09
 -1.0673E+09
 -1.0673E+09
 -1.0673E+09
 -1.0673E+09
 -1.0673E+09
 -1.0673E+09
 -1.0673E+09
 -1.0673E+09
 -1.0673E+09
 -1.0674E+09
 -1.0677E+09
 -1.0682E+09
 -1.0690E+09
 -1.0705E+09
 -1.0728E+09
 -1.0758E+09
 -1.0785E+09
 -1.0859E+09
 -1.0474E+09
 -1.0548E+09
 -1.0577E+09
 -1.0608E+09
 -1.0633E+09
 -1.0651E+09
 -1.0662E+09
 -1.0668E+09
 -1.0672E+09
 -1.0673E+09
 -1.0674E+09
 -1.0674E+09
 -1.0674E+09
 -1.0674E+09
 -1.0674E+09
 -1.0673E+09
 -1.0674E+09
 -1.0673E+09
 -1.0673E+09
 -1.0673E+09
 -1.0673E+09
 -1.0673E+09
 -1.0673E+09
 -1.0673E+09
 -1.0673E+09
 -1.0673E+09
 -1.0673E+09
 -1.0673E+09
 -1.0673E+09
 -1.0673E+09
 -1.0673E+09
 -1.0673E+09
 -1.0673E+09
 -1.0673E+09
 -1.0673E+09
 -1.0673E+09
 -1.0673E+09
 -1.0673E+09
 -1.0673E+09
 -1.0673E+09
 -1.0673E+09
 -1.0673E+09
 -1.0673E+09
 -1.0673E+09
 -1.0673E+09
 -1.0673E+09
 -1.0673E+09
 -1.0673E+09
 -1.0673E+09
 -1.0673E+09
 -1.0673E+09
 -1.0673E+09
 -1.0673E+09
 -1.0673E+09
 -1.0673E+09
 -1.0673E+09
 -1.0673E+09
 -1.0673E+09
 -1.0673E+09
 -1.0673E+09
 -1.0673E+09
 -1.0673E+09
 -1.0673E+09
 -1.0673E+09
 -1.0673E+09
 -1.0673E+09
 -1.0673E+09
 -1.0673E+09
 -1.0673E+09
 -1.0673E+09
 -1.0673E+09
 -1.0674E+09
 -1.0675E+09
 -1.0678E+09
 -1.0685E+09
 -1.0696E+09
 -1.0713E+09
 -1.0739E+09
 -1.0770E+09
 -1.0799E+09
 -1.0872E+09
 -1.0487E+09
 -1.0561E+09
 -1.0589E+09
 -1.0619E+09
 -1.0642E+09
 -1.0656E+09
 -1.0665E+09
 -1.0670E+09
 -1.0673E+09
 -1.0674E+09
 -1.0674E+09
 -1.0674E+09
 -1.0674E+09
 -1.0674E+09
 -1.0674E+09
 -1.0673E+09
 -1.0674E+09
 -1.0673E+09
 -1.0673E+09
 -1.0673E+09
 -1.0673E+09
 -1.0673E+09
 -1.0673E+09
 -1.0673E+09
 -1.0673E+09
 -1.0673E+09
 -1.0673E+09
 -1.0673E+09
 -1.0673E+09
 -1.0673E+09
 -1.0673E+09
 -1.0673E+09
 -1.0673E+09
 -1.0673E+09
 -1.0673E+09
 -1.0673E+09
 -1.0673E+09
 -1.0673E+09
 -1.0673E+09
 -1.0673E+09
 -1.0673E+09
 -1.0673E+09
 -1.0673E+09
 -1.0673E+09
 -1.0673E+09
 -1.0673E+09
 -1.0673E+09
 -1.0673E+09
 -1.0673E+09
 -1.0673E+09
 -1.0673E+09
 -1.0673E+09
 -1.0673E+09
 -1.0673E+09
 -1.0673E+09
 -1.0673E+09
 -1.0673E+09
 -1.0673E+09
 -1.0673E+09
 -1.0673E+09
 -1.0673E+09
 -1.0673E+09
 -1.0673E+09
 -1.0673E+09
 -1.0673E+09
 -1.0673E+09
 -1.0673E+09
 -1.0673E+09
 -1.0673E+09
 -1.0673E+09
 -1.0673E+09
 -1.0673E+09
 -1.0674E+09
 -1.0677E+09
 -1.0682E+09
 -1.0690E+09
 -1.0705E+09
 -1.0728E+09
 -1.0758E+09
 -1.0785E+09
 -1.0859E+09
 -1.0531E+09
 -1.0604E+09
 -1.0629E+09
 -1.0651E+09
 -1.0664E+09
 -1.0670E+09
 -1.0673E+09
 -1.0674E+09
 -1.0674E+09
 -1.0674E+09
 -1.0674E+09
 -1.0674E+09
 -1.0674E+09
 -1.0673E+09
 -1.0674E+09
 -1.0673E+09
 -1.0673E+09
 -1.0673E+09
 -1.0673E+09
 -1.0673E+09
 -1.0673E+09
 -1.0673E+09
 -1.0673E+09
 -1.0673E+09
 -1.0673E+09
 -1.0673E+09
 -1.0673E+09
 -1.0673E+09
 -1.0673E+09
 -1.0673E+09
 -1.0673E+09
 -1.0673E+09
 -1.0673E+09
 -1.0673E+09
 -1.0673E+09
 -1.0673E+09
 -1.0673E+09
 -1.0673E+09
 -1.0673E+09
 -1.0673E+09
 -1.0673E+09
 -1.0673E+09
 -1.0673E+09
 -1.0673E+09
 -1.0673E+09
 -1.0673E+09
 -1.0673E+09
 -1.0673E+09
 -1.0673E+09
 -1.0673E+09
 -1.0673E+09
 -1.0673E+09
 -1.0673E+09
 -1.0673E+09
 -1.0673E+09
 -1.0673E+09
 -1.0673E+09
 -1.0673E+09
 -1.0673E+09
 -1.0673E+09
 -1.0673E+09
 -1.0673E+09
 -1.0673E+09
 -1.0673E+09
 -1.0673E+09
 -1.0673E+09
 -1.0673E+09
 -1.0673E+09
 -1.0673E+09
 -1.0673E+09
 -1.0673E+09
 -1.0673E+09
 -1.0672E+09
 -1.0673E+09
 -1.0674E+09
 -1.0676E+09
 -1.0683E+09
 -1.0696E+09
 -1.0718E+09
 -1.0743E+09
 -1.0816E+09
 -1.0619E+09
 -1.0690E+09
 -1.0700E+09
 -1.0700E+09
 -1.0694E+09
 -1.0687E+09
 -1.0682E+09
 -1.0678E+09
 -1.0676E+09
 -1.0674E+09
 -1.0674E+09
 -1.0673E+09
 -1.0673E+09
 -1.0673E+09
 -1.0673E+09
 -1.0673E+09
 -1.0673E+09
 -1.0673E+09
 -1.0673E+09
 -1.0673E+09
 -1.0673E+09
 -1.0673E+09
 -1.0673E+09
 -1.0673E+09
 -1.0673E+09
 -1.0673E+09
 -1.0673E+09
 -1.0673E+09
 -1.0673E+09
 -1.0673E+09
 -1.0673E+09
 -1.0673E+09
 -1.0673E+09
 -1.0673E+09
 -1.0673E+09
 -1.0673E+09
 -1.0673E+09
 -1.0673E+09
 -1.0673E+09
 -1.0673E+09
 -1.0673E+09
 -1.0673E+09
 -1.0673E+09
 -1.0673E+09
 -1.0673E+09
 -1.0673E+09
 -1.0673E+09
 -1.0673E+09
 -1.0673E+09
 -1.0673E+09
 -1.0673E+09
 -1.0673E+09
 -1.0673E+09
 -1.0673E+09
 -1.0673E+09
 -1.0673E+09
 -1.0673E+09
 -1.0673E+09
 -1.0673E+09
 -1.0673E+09
 -1.0673E+09
 -1.0673E+09
 -1.0673E+09
 -1.0673E+09
 -1.0673E+09
 -1.0674E+09
 -1.0673E+09
 -1.0674E+09
 -1.0673E+09
 -1.0674E+09
 -1.0673E+09
 -1.0673E+09
 -1.0671E+09
 -1.0669E+09
 -1.0665E+09
 -1.0660E+09
 -1.0653E+09
 -1.0646E+09
 -1.0646E+09
 -1.0657E+09
 -1.0728E+09
 -1.0819E+09
 -1.0852E+09
 -1.0795E+09
 -1.0749E+09
 -1.0717E+09
 -1.0696E+09
 -1.0684E+09
 -1.0677E+09
 -1.0674E+09
 -1.0673E+09
 -1.0673E+09
 -1.0673E+09
 -1.0673E+09
 -1.0673E+09
 -1.0673E+09
 -1.0673E+09
 -1.0673E+09
 -1.0673E+09
 -1.0673E+09
 -1.0673E+09
 -1.0673E+09
 -1.0673E+09
 -1.0673E+09
 -1.0673E+09
 -1.0673E+09
 -1.0673E+09
 -1.0673E+09
 -1.0673E+09
 -1.0673E+09
 -1.0673E+09
 -1.0673E+09
 -1.0673E+09
 -1.0673E+09
 -1.0673E+09
 -1.0673E+09
 -1.0673E+09
 -1.0673E+09
 -1.0673E+09
 -1.0673E+09
 -1.0673E+09
 -1.0673E+09
 -1.0673E+09
 -1.0673E+09
 -1.0673E+09
 -1.0673E+09
 -1.0673E+09
 -1.0673E+09
 -1.0673E+09
 -1.0673E+09
 -1.0673E+09
 -1.0673E+09
 -1.0673E+09
 -1.0673E+09
 -1.0673E+09
 -1.0673E+09
 -1.0673E+09
 -1.0673E+09
 -1.0673E+09
 -1.0673E+09
 -1.0673E+09
 -1.0673E+09
 -1.0673E+09
 -1.0673E+09
 -1.0673E+09
 -1.0673E+09
 -1.0674E+09
 -1.0674E+09
 -1.0674E+09
 -1.0674E+09
 -1.0674E+09
 -1.0674E+09
 -1.0674E+09
 -1.0672E+09
 -1.0669E+09
 -1.0663E+09
 -1.0650E+09
 -1.0630E+09
 -1.0598E+09
 -1.0552E+09
 -1.0495E+09
 -1.0528E+09
 -1.0908E+09
 -1.0708E+09
 -1.0937E+09
 -1.0775E+09
 -1.0867E+09
 -1.0772E+09
 -1.0798E+09
 -1.0750E+09
 -1.0747E+09
 -1.0724E+09
 -1.0713E+09
 -1.0704E+09
 -1.0693E+09
 -1.0690E+09
 -1.0681E+09
 -1.0681E+09
 -1.0676E+09
 -1.0677E+09
 -1.0673E+09
 -1.0674E+09
 -1.0672E+09
 -1.0673E+09
 -1.0672E+09
 -1.0673E+09
 -1.0673E+09
 -1.0673E+09
 -1.0673E+09
 -1.0673E+09
 -1.0673E+09
 -1.0673E+09
 -1.0673E+09
 -1.0673E+09
 -1.0673E+09
 -1.0673E+09
 -1.0673E+09
 -1.0673E+09
 -1.0673E+09
 -1.0673E+09
 -1.0673E+09
 -1.0673E+09
 -1.0674E+09
 -1.0673E+09
 -1.0673E+09
 -1.0673E+09
 -1.0673E+09
 -1.0673E+09
 -1.0673E+09
 -1.0673E+09
 -1.0673E+09
 -1.0673E+09
 -1.0673E+09
 -1.0673E+09
 -1.0673E+09
 -1.0673E+09
 -1.0673E+09
 -1.0673E+09
 -1.0673E+09
 -1.0673E+09
 -1.0673E+09
 -1.0673E+09
 -1.0673E+09
 -1.0673E+09
 -1.0673E+09
 -1.0673E+09
 -1.0673E+09
 -1.0673E+09
 -1.0673E+09
 -1.0673E+09
 -1.0673E+09
 -1.0673E+09
 -1.0673E+09
 -1.0673E+09
 -1.0673E+09
 -1.0673E+09
 -1.0674E+09
 -1.0673E+09
 -1.0673E+09
 -1.0673E+09
 -1.0673E+09
 -1.0673E+09
 -1.0673E+09
 -1.0673E+09
 -1.0673E+09
 -1.0673E+09
 -1.0673E+09
 -1.0673E+09
 -1.0673E+09
 -1.0673E+09
 -1.0673E+09
 -1.0673E+09
 -1.0673E+09
 -1.0673E+09
 -1.0673E+09
 -1.0673E+09
 -1.0673E+09
 -1.0673E+09
 -1.0673E+09
 -1.0673E+09
 -1.0673E+09
 -1.0673E+09
 -1.0673E+09
 -1.0673E+09
 -1.0673E+09
 -1.0673E+09
 -1.0673E+09
 -1.0673E+09
 -1.0673E+09
 -1.0673E+09
 -1.0674E+09
 -1.0673E+09
 -1.0673E+09
 -1.0673E+09
 -1.0673E+09
 -1.0673E+09
 -1.0673E+09
 -1.0673E+09
 -1.0673E+09
 -1.0673E+09
 -1.0673E+09
 -1.0673E+09
 -1.0673E+09
 -1.0673E+09
 -1.0673E+09
 -1.0673E+09
 -1.0673E+09
 -1.0673E+09
 -1.0674E+09
 -1.0674E+09
 -1.0673E+09
 -1.0673E+09
 -1.0674E+09
 -1.0674E+09
 -1.0674E+09
 -1.0674E+09
 -1.0674E+09
 -1.0674E+09
 -1.0674E+09
 -1.0674E+09
 -1.0675E+09
 -1.0674E+09
 -1.0675E+09
 -1.0673E+09
 -1.0674E+09
 -1.0673E+09
 -1.0671E+09
 -1.0670E+09
 -1.0666E+09
 -1.0665E+09
 -1.0654E+09
 -1.0657E+09
 -1.0634E+09
 -1.0643E+09
 -1.0600E+09
 -1.0623E+09
 -1.0548E+09
 -1.0597E+09
 -1.0480E+09
 -1.0575E+09
 -1.0410E+09
 -1.0572E+09
 -1.0439E+09
 -1.0639E+09
 -1.0619E+09
 -1.0690E+09
 -1.0700E+09
 -1.0700E+09
 -1.0694E+09
 -1.0687E+09
 -1.0682E+09
 -1.0678E+09
 -1.0676E+09
 -1.0674E+09
 -1.0674E+09
 -1.0673E+09
 -1.0673E+09
 -1.0673E+09
 -1.0673E+09
 -1.0673E+09
 -1.0673E+09
 -1.0673E+09
 -1.0673E+09
 -1.0673E+09
 -1.0673E+09
 -1.0673E+09
 -1.0673E+09
 -1.0673E+09
 -1.0673E+09
 -1.0673E+09
 -1.0673E+09
 -1.0673E+09
 -1.0673E+09
 -1.0673E+09
 -1.0673E+09
 -1.0673E+09
 -1.0673E+09
 -1.0673E+09
 -1.0673E+09
 -1.0673E+09
 -1.0673E+09
 -1.0673E+09
 -1.0673E+09
 -1.0673E+09
 -1.0673E+09
 -1.0673E+09
 -1.0673E+09
 -1.0673E+09
 -1.0673E+09
 -1.0673E+09
 -1.0673E+09
 -1.0673E+09
 -1.0673E+09
 -1.0673E+09
 -1.0673E+09
 -1.0673E+09
 -1.0673E+09
 -1.0673E+09
 -1.0673E+09
 -1.0673E+09
 -1.0673E+09
 -1.0673E+09
 -1.0673E+09
 -1.0673E+09
 -1.0673E+09
 -1.0673E+09
 -1.0673E+09
 -1.0673E+09
 -1.0673E+09
 -1.0674E+09
 -1.0673E+09
 -1.0674E+09
 -1.0673E+09
 -1.0674E+09
 -1.0673E+09
 -1.0673E+09
 -1.0671E+09
 -1.0669E+09
 -1.0665E+09
 -1.0660E+09
 -1.0653E+09
 -1.0646E+09
 -1.0646E+09
 -1.0657E+09
 -1.0728E+09
 -1.0576E+09
 -1.0647E+09
 -1.0661E+09
 -1.0668E+09
 -1.0672E+09
 -1.0673E+09
 -1.0674E+09
 -1.0674E+09
 -1.0674E+09
 -1.0674E+09
 -1.0674E+09
 -1.0673E+09
 -1.0674E+09
 -1.0673E+09
 -1.0673E+09
 -1.0673E+09
 -1.0673E+09
 -1.0673E+09
 -1.0673E+09
 -1.0673E+09
 -1.0673E+09
 -1.0673E+09
 -1.0673E+09
 -1.0673E+09
 -1.0673E+09
 -1.0673E+09
 -1.0673E+09
 -1.0673E+09
 -1.0673E+09
 -1.0673E+09
 -1.0673E+09
 -1.0673E+09
 -1.0673E+09
 -1.0673E+09
 -1.0673E+09
 -1.0673E+09
 -1.0673E+09
 -1.0673E+09
 -1.0673E+09
 -1.0673E+09
 -1.0673E+09
 -1.0673E+09
 -1.0673E+09
 -1.0673E+09
 -1.0673E+09
 -1.0673E+09
 -1.0673E+09
 -1.0673E+09
 -1.0673E+09
 -1.0673E+09
 -1.0673E+09
 -1.0673E+09
 -1.0673E+09
 -1.0673E+09
 -1.0673E+09
 -1.0673E+09
 -1.0673E+09
 -1.0673E+09
 -1.0673E+09
 -1.0673E+09
 -1.0673E+09
 -1.0673E+09
 -1.0673E+09
 -1.0673E+09
 -1.0673E+09
 -1.0673E+09
 -1.0673E+09
 -1.0673E+09
 -1.0673E+09
 -1.0673E+09
 -1.0673E+09
 -1.0673E+09
 -1.0673E+09
 -1.0673E+09
 -1.0673E+09
 -1.0674E+09
 -1.0675E+09
 -1.0678E+09
 -1.0686E+09
 -1.0700E+09
 -1.0771E+09
 -1.0563E+09
 -1.0634E+09
 -1.0648E+09
 -1.0658E+09
 -1.0664E+09
 -1.0668E+09
 -1.0671E+09
 -1.0672E+09
 -1.0673E+09
 -1.0673E+09
 -1.0674E+09
 -1.0673E+09
 -1.0674E+09
 -1.0673E+09
 -1.0674E+09
 -1.0673E+09
 -1.0673E+09
 -1.0673E+09
 -1.0673E+09
 -1.0673E+09
 -1.0673E+09
 -1.0673E+09
 -1.0673E+09
 -1.0673E+09
 -1.0673E+09
 -1.0673E+09
 -1.0673E+09
 -1.0673E+09
 -1.0673E+09
 -1.0673E+09
 -1.0673E+09
 -1.0673E+09
 -1.0673E+09
 -1.0673E+09
 -1.0673E+09
 -1.0673E+09
 -1.0673E+09
 -1.0673E+09
 -1.0673E+09
 -1.0673E+09
 -1.0673E+09
 -1.0673E+09
 -1.0673E+09
 -1.0673E+09
 -1.0673E+09
 -1.0673E+09
 -1.0673E+09
 -1.0673E+09
 -1.0673E+09
 -1.0673E+09
 -1.0673E+09
 -1.0673E+09
 -1.0673E+09
 -1.0673E+09
 -1.0673E+09
 -1.0673E+09
 -1.0673E+09
 -1.0673E+09
 -1.0673E+09
 -1.0673E+09
 -1.0673E+09
 -1.0673E+09
 -1.0673E+09
 -1.0673E+09
 -1.0673E+09
 -1.0673E+09
 -1.0673E+09
 -1.0673E+09
 -1.0673E+09
 -1.0673E+09
 -1.0673E+09
 -1.0673E+09
 -1.0674E+09
 -1.0675E+09
 -1.0676E+09
 -1.0679E+09
 -1.0683E+09
 -1.0689E+09
 -1.0698E+09
 -1.0713E+09
 -1.0784E+09
 -1.0576E+09
 -1.0647E+09
 -1.0661E+09
 -1.0668E+09
 -1.0672E+09
 -1.0673E+09
 -1.0674E+09
 -1.0674E+09
 -1.0674E+09
 -1.0674E+09
 -1.0674E+09
 -1.0673E+09
 -1.0674E+09
 -1.0673E+09
 -1.0673E+09
 -1.0673E+09
 -1.0673E+09
 -1.0673E+09
 -1.0673E+09
 -1.0673E+09
 -1.0673E+09
 -1.0673E+09
 -1.0673E+09
 -1.0673E+09
 -1.0673E+09
 -1.0673E+09
 -1.0673E+09
 -1.0673E+09
 -1.0673E+09
 -1.0673E+09
 -1.0673E+09
 -1.0673E+09
 -1.0673E+09
 -1.0673E+09
 -1.0673E+09
 -1.0673E+09
 -1.0673E+09
 -1.0673E+09
 -1.0673E+09
 -1.0673E+09
 -1.0673E+09
 -1.0673E+09
 -1.0673E+09
 -1.0673E+09
 -1.0673E+09
 -1.0673E+09
 -1.0673E+09
 -1.0673E+09
 -1.0673E+09
 -1.0673E+09
 -1.0673E+09
 -1.0673E+09
 -1.0673E+09
 -1.0673E+09
 -1.0673E+09
 -1.0673E+09
 -1.0673E+09
 -1.0673E+09
 -1.0673E+09
 -1.0673E+09
 -1.0673E+09
 -1.0673E+09
 -1.0673E+09
 -1.0673E+09
 -1.0673E+09
 -1.0673E+09
 -1.0673E+09
 -1.0673E+09
 -1.0673E+09
 -1.0673E+09
 -1.0673E+09
 -1.0673E+09
 -1.0673E+09
 -1.0673E+09
 -1.0673E+09
 -1.0674E+09
 -1.0675E+09
 -1.0678E+09
 -1.0686E+09
 -1.0700E+09
 -1.0771E+09
 -1.0619E+09
 -1.0690E+09
 -1.0700E+09
 -1.0700E+09
 -1.0694E+09
 -1.0687E+09
 -1.0682E+09
 -1.0678E+09
 -1.0676E+09
 -1.0674E+09
 -1.0674E+09
 -1.0673E+09
 -1.0673E+09
 -1.0673E+09
 -1.0673E+09
 -1.0673E+09
 -1.0673E+09
 -1.0673E+09
 -1.0673E+09
 -1.0673E+09
 -1.0673E+09
 -1.0673E+09
 -1.0673E+09
 -1.0673E+09
 -1.0673E+09
 -1.0673E+09
 -1.0673E+09
 -1.0673E+09
 -1.0673E+09
 -1.0673E+09
 -1.0673E+09
 -1.0673E+09
 -1.0673E+09
 -1.0673E+09
 -1.0673E+09
 -1.0673E+09
 -1.0673E+09
 -1.0673E+09
 -1.0673E+09
 -1.0673E+09
 -1.0673E+09
 -1.0673E+09
 -1.0673E+09
 -1.0673E+09
 -1.0673E+09
 -1.0673E+09
 -1.0673E+09
 -1.0673E+09
 -1.0673E+09
 -1.0673E+09
 -1.0673E+09
 -1.0673E+09
 -1.0673E+09
 -1.0673E+09
 -1.0673E+09
 -1.0673E+09
 -1.0673E+09
 -1.0673E+09
 -1.0673E+09
 -1.0673E+09
 -1.0673E+09
 -1.0673E+09
 -1.0673E+09
 -1.0673E+09
 -1.0673E+09
 -1.0674E+09
 -1.0673E+09
 -1.0674E+09
 -1.0673E+09
 -1.0674E+09
 -1.0673E+09
 -1.0673E+09
 -1.0671E+09
 -1.0669E+09
 -1.0665E+09
 -1.0660E+09
 -1.0653E+09
 -1.0646E+09
 -1.0646E+09
 -1.0657E+09
 -1.0728E+09
 -1.0708E+09
 -1.0775E+09
 -1.0772E+09
 -1.0750E+09
 -1.0724E+09
 -1.0704E+09
 -1.0690E+09
 -1.0681E+09
 -1.0677E+09
 -1.0674E+09
 -1.0673E+09
 -1.0673E+09
 -1.0673E+09
 -1.0673E+09
 -1.0673E+09
 -1.0673E+09
 -1.0673E+09
 -1.0673E+09
 -1.0673E+09
 -1.0673E+09
 -1.0673E+09
 -1.0673E+09
 -1.0673E+09
 -1.0673E+09
 -1.0673E+09
 -1.0673E+09
 -1.0673E+09
 -1.0673E+09
 -1.0673E+09
 -1.0673E+09
 -1.0673E+09
 -1.0673E+09
 -1.0673E+09
 -1.0673E+09
 -1.0673E+09
 -1.0673E+09
 -1.0673E+09
 -1.0673E+09
 -1.0673E+09
 -1.0673E+09
 -1.0673E+09
 -1.0673E+09
 -1.0673E+09
 -1.0673E+09
 -1.0673E+09
 -1.0673E+09
 -1.0673E+09
 -1.0673E+09
 -1.0673E+09
 -1.0673E+09
 -1.0673E+09
 -1.0673E+09
 -1.0673E+09
 -1.0673E+09
 -1.0673E+09
 -1.0673E+09
 -1.0673E+09
 -1.0673E+09
 -1.0673E+09
 -1.0673E+09
 -1.0673E+09
 -1.0673E+09
 -1.0673E+09
 -1.0674E+09
 -1.0673E+09
 -1.0674E+09
 -1.0674E+09
 -1.0674E+09
 -1.0674E+09
 -1.0674E+09
 -1.0673E+09
 -1.0673E+09
 -1.0670E+09
 -1.0665E+09
 -1.0657E+09
 -1.0643E+09
 -1.0623E+09
 -1.0597E+09
 -1.0575E+09
 -1.0572E+09
 -1.0639E+09
 -1.0908E+09
 -1.0937E+09
 -1.0867E+09
 -1.0798E+09
 -1.0747E+09
 -1.0713E+09
 -1.0693E+09
 -1.0681E+09
 -1.0676E+09
 -1.0673E+09
 -1.0672E+09
 -1.0672E+09
 -1.0673E+09
 -1.0673E+09
 -1.0673E+09
 -1.0673E+09
 -1.0673E+09
 -1.0673E+09
 -1.0673E+09
 -1.0673E+09
 -1.0674E+09
 -1.0673E+09
 -1.0673E+09
 -1.0673E+09
 -1.0673E+09
 -1.0673E+09
 -1.0673E+09
 -1.0673E+09
 -1.0673E+09
 -1.0673E+09
 -1.0673E+09
 -1.0673E+09
 -1.0673E+09
 -1.0673E+09
 -1.0673E+09
 -1.0673E+09
 -1.0673E+09
 -1.0674E+09
 -1.0673E+09
 -1.0673E+09
 -1.0673E+09
 -1.0673E+09
 -1.0673E+09
 -1.0673E+09
 -1.0673E+09
 -1.0673E+09
 -1.0673E+09
 -1.0673E+09
 -1.0673E+09
 -1.0673E+09
 -1.0673E+09
 -1.0673E+09
 -1.0673E+09
 -1.0673E+09
 -1.0674E+09
 -1.0673E+09
 -1.0673E+09
 -1.0673E+09
 -1.0673E+09
 -1.0673E+09
 -1.0673E+09
 -1.0673E+09
 -1.0673E+09
 -1.0674E+09
 -1.0673E+09
 -1.0674E+09
 -1.0674E+09
 -1.0674E+09
 -1.0674E+09
 -1.0675E+09
 -1.0675E+09
 -1.0674E+09
 -1.0671E+09
 -1.0666E+09
 -1.0654E+09
 -1.0634E+09
 -1.0600E+09
 -1.0548E+09
 -1.0480E+09
 -1.0410E+09
 -1.0439E+09
 -1.1107E+09
 -1.0908E+09
 -1.1099E+09
 -1.0937E+09
 -1.0961E+09
 -1.0867E+09
 -1.0847E+09
 -1.0798E+09
 -1.0770E+09
 -1.0747E+09
 -1.0722E+09
 -1.0713E+09
 -1.0695E+09
 -1.0693E+09
 -1.0681E+09
 -1.0681E+09
 -1.0674E+09
 -1.0676E+09
 -1.0672E+09
 -1.0673E+09
 -1.0671E+09
 -1.0672E+09
 -1.0671E+09
 -1.0672E+09
 -1.0672E+09
 -1.0673E+09
 -1.0672E+09
 -1.0673E+09
 -1.0673E+09
 -1.0673E+09
 -1.0673E+09
 -1.0673E+09
 -1.0673E+09
 -1.0673E+09
 -1.0673E+09
 -1.0673E+09
 -1.0673E+09
 -1.0673E+09
 -1.0673E+09
 -1.0673E+09
 -1.0674E+09
 -1.0674E+09
 -1.0673E+09
 -1.0673E+09
 -1.0673E+09
 -1.0673E+09
 -1.0673E+09
 -1.0673E+09
 -1.0673E+09
 -1.0673E+09
 -1.0673E+09
 -1.0673E+09
 -1.0673E+09
 -1.0673E+09
 -1.0673E+09
 -1.0673E+09
 -1.0673E+09
 -1.0673E+09
 -1.0673E+09
 -1.0673E+09
 -1.0673E+09
 -1.0673E+09
 -1.0673E+09
 -1.0673E+09
 -1.0673E+09
 -1.0673E+09
 -1.0673E+09
 -1.0673E+09
 -1.0673E+09
 -1.0673E+09
 -1.0673E+09
 -1.0673E+09
 -1.0673E+09
 -1.0673E+09
 -1.0674E+09
 -1.0674E+09
 -1.0673E+09
 -1.0673E+09
 -1.0673E+09
 -1.0673E+09
 -1.0673E+09
 -1.0673E+09
 -1.0673E+09
 -1.0673E+09
 -1.0673E+09
 -1.0673E+09
 -1.0673E+09
 -1.0673E+09
 -1.0673E+09
 -1.0673E+09
 -1.0673E+09
 -1.0673E+09
 -1.0673E+09
 -1.0673E+09
 -1.0673E+09
 -1.0673E+09
 -1.0673E+09
 -1.0673E+09
 -1.0673E+09
 -1.0673E+09
 -1.0673E+09
 -1.0673E+09
 -1.0673E+09
 -1.0673E+09
 -1.0673E+09
 -1.0673E+09
 -1.0673E+09
 -1.0673E+09
 -1.0674E+09
 -1.0674E+09
 -1.0673E+09
 -1.0673E+09
 -1.0673E+09
 -1.0673E+09
 -1.0673E+09
 -1.0673E+09
 -1.0673E+09
 -1.0673E+09
 -1.0673E+09
 -1.0673E+09
 -1.0673E+09
 -1.0673E+09
 -1.0673E+09
 -1.0673E+09
 -1.0673E+09
 -1.0673E+09
 -1.0674E+09
 -1.0674E+09
 -1.0673E+09
 -1.0673E+09
 -1.0674E+09
 -1.0674E+09
 -1.0674E+09
 -1.0674E+09
 -1.0674E+09
 -1.0674E+09
 -1.0675E+09
 -1.0674E+09
 -1.0675E+09
 -1.0675E+09
 -1.0676E+09
 -1.0675E+09
 -1.0675E+09
 -1.0674E+09
 -1.0673E+09
 -1.0671E+09
 -1.0666E+09
 -1.0666E+09
 -1.0652E+09
 -1.0654E+09
 -1.0624E+09
 -1.0634E+09
 -1.0577E+09
 -1.0600E+09
 -1.0500E+09
 -1.0548E+09
 -1.0386E+09
 -1.0480E+09
 -1.0248E+09
 -1.0410E+09
 -1.0239E+09
 -1.0439E+09
 -1.0819E+09
 -1.0852E+09
 -1.0795E+09
 -1.0749E+09
 -1.0717E+09
 -1.0696E+09
 -1.0684E+09
 -1.0677E+09
 -1.0674E+09
 -1.0673E+09
 -1.0673E+09
 -1.0673E+09
 -1.0673E+09
 -1.0673E+09
 -1.0673E+09
 -1.0673E+09
 -1.0673E+09
 -1.0673E+09
 -1.0673E+09
 -1.0673E+09
 -1.0673E+09
 -1.0673E+09
 -1.0673E+09
 -1.0673E+09
 -1.0673E+09
 -1.0673E+09
 -1.0673E+09
 -1.0673E+09
 -1.0673E+09
 -1.0673E+09
 -1.0673E+09
 -1.0673E+09
 -1.0673E+09
 -1.0673E+09
 -1.0673E+09
 -1.0673E+09
 -1.0673E+09
 -1.0673E+09
 -1.0673E+09
 -1.0673E+09
 -1.0673E+09
 -1.0673E+09
 -1.0673E+09
 -1.0673E+09
 -1.0673E+09
 -1.0673E+09
 -1.0673E+09
 -1.0673E+09
 -1.0673E+09
 -1.0673E+09
 -1.0673E+09
 -1.0673E+09
 -1.0673E+09
 -1.0673E+09
 -1.0673E+09
 -1.0673E+09
 -1.0673E+09
 -1.0673E+09
 -1.0673E+09
 -1.0673E+09
 -1.0673E+09
 -1.0673E+09
 -1.0673E+09
 -1.0673E+09
 -1.0673E+09
 -1.0674E+09
 -1.0674E+09
 -1.0674E+09
 -1.0674E+09
 -1.0674E+09
 -1.0674E+09
 -1.0674E+09
 -1.0672E+09
 -1.0669E+09
 -1.0663E+09
 -1.0650E+09
 -1.0630E+09
 -1.0598E+09
 -1.0552E+09
 -1.0495E+09
 -1.0528E+09
 -1.0776E+09
 -1.0809E+09
 -1.0755E+09
 -1.0717E+09
 -1.0695E+09
 -1.0682E+09
 -1.0676E+09
 -1.0673E+09
 -1.0673E+09
 -1.0672E+09
 -1.0673E+09
 -1.0673E+09
 -1.0673E+09
 -1.0673E+09
 -1.0673E+09
 -1.0673E+09
 -1.0673E+09
 -1.0673E+09
 -1.0673E+09
 -1.0673E+09
 -1.0673E+09
 -1.0673E+09
 -1.0673E+09
 -1.0673E+09
 -1.0673E+09
 -1.0673E+09
 -1.0673E+09
 -1.0673E+09
 -1.0673E+09
 -1.0673E+09
 -1.0673E+09
 -1.0673E+09
 -1.0673E+09
 -1.0673E+09
 -1.0673E+09
 -1.0673E+09
 -1.0673E+09
 -1.0673E+09
 -1.0673E+09
 -1.0673E+09
 -1.0673E+09
 -1.0673E+09
 -1.0673E+09
 -1.0673E+09
 -1.0673E+09
 -1.0673E+09
 -1.0673E+09
 -1.0673E+09
 -1.0673E+09
 -1.0673E+09
 -1.0673E+09
 -1.0673E+09
 -1.0673E+09
 -1.0673E+09
 -1.0673E+09
 -1.0673E+09
 -1.0673E+09
 -1.0673E+09
 -1.0673E+09
 -1.0673E+09
 -1.0673E+09
 -1.0673E+09
 -1.0673E+09
 -1.0673E+09
 -1.0673E+09
 -1.0674E+09
 -1.0673E+09
 -1.0674E+09
 -1.0674E+09
 -1.0674E+09
 -1.0674E+09
 -1.0675E+09
 -1.0674E+09
 -1.0673E+09
 -1.0671E+09
 -1.0664E+09
 -1.0652E+09
 -1.0630E+09
 -1.0591E+09
 -1.0538E+09
 -1.0571E+09
 -1.0763E+09
 -1.0796E+09
 -1.0743E+09
 -1.0706E+09
 -1.0686E+09
 -1.0677E+09
 -1.0673E+09
 -1.0672E+09
 -1.0672E+09
 -1.0672E+09
 -1.0673E+09
 -1.0673E+09
 -1.0673E+09
 -1.0673E+09
 -1.0673E+09
 -1.0673E+09
 -1.0673E+09
 -1.0673E+09
 -1.0673E+09
 -1.0673E+09
 -1.0673E+09
 -1.0673E+09
 -1.0673E+09
 -1.0673E+09
 -1.0673E+09
 -1.0673E+09
 -1.0673E+09
 -1.0673E+09
 -1.0673E+09
 -1.0673E+09
 -1.0673E+09
 -1.0673E+09
 -1.0673E+09
 -1.0673E+09
 -1.0673E+09
 -1.0673E+09
 -1.0673E+09
 -1.0673E+09
 -1.0673E+09
 -1.0673E+09
 -1.0673E+09
 -1.0673E+09
 -1.0673E+09
 -1.0673E+09
 -1.0673E+09
 -1.0673E+09
 -1.0673E+09
 -1.0673E+09
 -1.0673E+09
 -1.0673E+09
 -1.0673E+09
 -1.0673E+09
 -1.0673E+09
 -1.0673E+09
 -1.0673E+09
 -1.0673E+09
 -1.0673E+09
 -1.0673E+09
 -1.0673E+09
 -1.0673E+09
 -1.0673E+09
 -1.0673E+09
 -1.0673E+09
 -1.0673E+09
 -1.0673E+09
 -1.0674E+09
 -1.0673E+09
 -1.0674E+09
 -1.0674E+09
 -1.0674E+09
 -1.0674E+09
 -1.0675E+09
 -1.0675E+09
 -1.0675E+09
 -1.0674E+09
 -1.0670E+09
 -1.0660E+09
 -1.0641E+09
 -1.0604E+09
 -1.0551E+09
 -1.0584E+09
 -1.0776E+09
 -1.0809E+09
 -1.0755E+09
 -1.0717E+09
 -1.0695E+09
 -1.0682E+09
 -1.0676E+09
 -1.0673E+09
 -1.0673E+09
 -1.0672E+09
 -1.0673E+09
 -1.0673E+09
 -1.0673E+09
 -1.0673E+09
 -1.0673E+09
 -1.0673E+09
 -1.0673E+09
 -1.0673E+09
 -1.0673E+09
 -1.0673E+09
 -1.0673E+09
 -1.0673E+09
 -1.0673E+09
 -1.0673E+09
 -1.0673E+09
 -1.0673E+09
 -1.0673E+09
 -1.0673E+09
 -1.0673E+09
 -1.0673E+09
 -1.0673E+09
 -1.0673E+09
 -1.0673E+09
 -1.0673E+09
 -1.0673E+09
 -1.0673E+09
 -1.0673E+09
 -1.0673E+09
 -1.0673E+09
 -1.0673E+09
 -1.0673E+09
 -1.0673E+09
 -1.0673E+09
 -1.0673E+09
 -1.0673E+09
 -1.0673E+09
 -1.0673E+09
 -1.0673E+09
 -1.0673E+09
 -1.0673E+09
 -1.0673E+09
 -1.0673E+09
 -1.0673E+09
 -1.0673E+09
 -1.0673E+09
 -1.0673E+09
 -1.0673E+09
 -1.0673E+09
 -1.0673E+09
 -1.0673E+09
 -1.0673E+09
 -1.0673E+09
 -1.0673E+09
 -1.0673E+09
 -1.0673E+09
 -1.0674E+09
 -1.0673E+09
 -1.0674E+09
 -1.0674E+09
 -1.0674E+09
 -1.0674E+09
 -1.0675E+09
 -1.0674E+09
 -1.0673E+09
 -1.0671E+09
 -1.0664E+09
 -1.0652E+09
 -1.0630E+09
 -1.0591E+09
 -1.0538E+09
 -1.0571E+09
 -1.0819E+09
 -1.0852E+09
 -1.0795E+09
 -1.0749E+09
 -1.0717E+09
 -1.0696E+09
 -1.0684E+09
 -1.0677E+09
 -1.0674E+09
 -1.0673E+09
 -1.0673E+09
 -1.0673E+09
 -1.0673E+09
 -1.0673E+09
 -1.0673E+09
 -1.0673E+09
 -1.0673E+09
 -1.0673E+09
 -1.0673E+09
 -1.0673E+09
 -1.0673E+09
 -1.0673E+09
 -1.0673E+09
 -1.0673E+09
 -1.0673E+09
 -1.0673E+09
 -1.0673E+09
 -1.0673E+09
 -1.0673E+09
 -1.0673E+09
 -1.0673E+09
 -1.0673E+09
 -1.0673E+09
 -1.0673E+09
 -1.0673E+09
 -1.0673E+09
 -1.0673E+09
 -1.0673E+09
 -1.0673E+09
 -1.0673E+09
 -1.0673E+09
 -1.0673E+09
 -1.0673E+09
 -1.0673E+09
 -1.0673E+09
 -1.0673E+09
 -1.0673E+09
 -1.0673E+09
 -1.0673E+09
 -1.0673E+09
 -1.0673E+09
 -1.0673E+09
 -1.0673E+09
 -1.0673E+09
 -1.0673E+09
 -1.0673E+09
 -1.0673E+09
 -1.0673E+09
 -1.0673E+09
 -1.0673E+09
 -1.0673E+09
 -1.0673E+09
 -1.0673E+09
 -1.0673E+09
 -1.0673E+09
 -1.0674E+09
 -1.0674E+09
 -1.0674E+09
 -1.0674E+09
 -1.0674E+09
 -1.0674E+09
 -1.0674E+09
 -1.0672E+09
 -1.0669E+09
 -1.0663E+09
 -1.0650E+09
 -1.0630E+09
 -1.0598E+09
 -1.0552E+09
 -1.0495E+09
 -1.0528E+09
 -1.0908E+09
 -1.0937E+09
 -1.0867E+09
 -1.0798E+09
 -1.0747E+09
 -1.0713E+09
 -1.0693E+09
 -1.0681E+09
 -1.0676E+09
 -1.0673E+09
 -1.0672E+09
 -1.0672E+09
 -1.0673E+09
 -1.0673E+09
 -1.0673E+09
 -1.0673E+09
 -1.0673E+09
 -1.0673E+09
 -1.0673E+09
 -1.0673E+09
 -1.0674E+09
 -1.0673E+09
 -1.0673E+09
 -1.0673E+09
 -1.0673E+09
 -1.0673E+09
 -1.0673E+09
 -1.0673E+09
 -1.0673E+09
 -1.0673E+09
 -1.0673E+09
 -1.0673E+09
 -1.0673E+09
 -1.0673E+09
 -1.0673E+09
 -1.0673E+09
 -1.0673E+09
 -1.0674E+09
 -1.0673E+09
 -1.0673E+09
 -1.0673E+09
 -1.0673E+09
 -1.0673E+09
 -1.0673E+09
 -1.0673E+09
 -1.0673E+09
 -1.0673E+09
 -1.0673E+09
 -1.0673E+09
 -1.0673E+09
 -1.0673E+09
 -1.0673E+09
 -1.0673E+09
 -1.0673E+09
 -1.0674E+09
 -1.0673E+09
 -1.0673E+09
 -1.0673E+09
 -1.0673E+09
 -1.0673E+09
 -1.0673E+09
 -1.0673E+09
 -1.0673E+09
 -1.0674E+09
 -1.0673E+09
 -1.0674E+09
 -1.0674E+09
 -1.0674E+09
 -1.0674E+09
 -1.0675E+09
 -1.0675E+09
 -1.0674E+09
 -1.0671E+09
 -1.0666E+09
 -1.0654E+09
 -1.0634E+09
 -1.0600E+09
 -1.0548E+09
 -1.0480E+09
 -1.0410E+09
 -1.0439E+09
 -1.1107E+09
 -1.1099E+09
 -1.0961E+09
 -1.0847E+09
 -1.0770E+09
 -1.0722E+09
 -1.0695E+09
 -1.0681E+09
 -1.0674E+09
 -1.0672E+09
 -1.0671E+09
 -1.0671E+09
 -1.0672E+09
 -1.0672E+09
 -1.0673E+09
 -1.0673E+09
 -1.0673E+09
 -1.0673E+09
 -1.0673E+09
 -1.0673E+09
 -1.0674E+09
 -1.0673E+09
 -1.0673E+09
 -1.0673E+09
 -1.0673E+09
 -1.0673E+09
 -1.0673E+09
 -1.0673E+09
 -1.0673E+09
 -1.0673E+09
 -1.0673E+09
 -1.0673E+09
 -1.0673E+09
 -1.0673E+09
 -1.0673E+09
 -1.0673E+09
 -1.0673E+09
 -1.0674E+09
 -1.0673E+09
 -1.0673E+09
 -1.0673E+09
 -1.0673E+09
 -1.0673E+09
 -1.0673E+09
 -1.0673E+09
 -1.0673E+09
 -1.0673E+09
 -1.0673E+09
 -1.0673E+09
 -1.0673E+09
 -1.0673E+09
 -1.0673E+09
 -1.0673E+09
 -1.0673E+09
 -1.0674E+09
 -1.0673E+09
 -1.0673E+09
 -1.0673E+09
 -1.0673E+09
 -1.0673E+09
 -1.0673E+09
 -1.0673E+09
 -1.0673E+09
 -1.0674E+09
 -1.0673E+09
 -1.0674E+09
 -1.0674E+09
 -1.0674E+09
 -1.0675E+09
 -1.0675E+09
 -1.0676E+09
 -1.0675E+09
 -1.0673E+09
 -1.0666E+09
 -1.0652E+09
 -1.0624E+09
 -1.0577E+09
 -1.0500E+09
 -1.0386E+09
 -1.0248E+09
 -1.0239E+09
