# node 1
   0.0000E+00    0.0000E+00
   1.0000E-03    9.9950E-02
   2.0000E-03    1.9980E-01
   3.0000E-03    2.9955E-01
   4.0000E-03    3.9920E-01
   5.0000E-03    4.9875E-01
   6.0000E-03    5.9820E-01
   7.0000E-03    6.9756E-01
   8.0000E-03    7.9681E-01
   9.0000E-03    8.9596E-01
   1.0000E-02    9.9502E-01
   1.1000E-02    1.0940E+00
   1.2000E-02    1.1928E+00
   1.3000E-02    1.2916E+00
   1.4000E-02    1.3902E+00
   1.5000E-02    1.4888E+00
   1.6000E-02    1.5873E+00
   1.7000E-02    1.6856E+00
   1.8000E-02    1.7839E+00
   1.9000E-02    1.8821E+00
   2.0000E-02    1.9801E+00
   2.1000E-02    2.0781E+00
   2.2000E-02    2.1760E+00
   2.3000E-02    2.2738E+00
   2.4000E-02    2.3714E+00
   2.5000E-02    2.4690E+00
   2.6000E-02    2.5665E+00
   2.7000E-02    2.6639E+00
   2.8000E-02    2.7612E+00
   2.9000E-02    2.8584E+00
   3.0000E-02    2.9554E+00
   3.1000E-02    3.0524E+00
   3.2000E-02    3.1493E+00
   3.3000E-02    3.2461E+00
   3.4000E-02    3.3428E+00
   3.5000E-02    3.4395E+00
   3.6000E-02    3.5360E+00
   3.7000E-02    3.6324E+00
   3.8000E-02    3.7287E+00
   3.9000E-02    3.8249E+00
   4.0000E-02    3.9211E+00
   4.1000E-02    4.0171E+00
   4.2000E-02    4.1130E+00
   4.3000E-02    4.2089E+00
   4.4000E-02    4.3046E+00
   4.5000E-02    4.4002E+00
   4.6000E-02    4.4958E+00
   4.7000E-02    4.5913E+00
   4.8000E-02    4.6866E+00
   4.9000E-02    4.7819E+00
   5.0000E-02    4.8771E+00
   5.1000E-02    4.9721E+00
   5.2000E-02    5.0671E+00
   5.3000E-02    5.1620E+00
   5.4000E-02    5.2568E+00
   5.5000E-02    5.3515E+00
   5.6000E-02    5.4461E+00
   5.7000E-02    5.5406E+00
   5.8000E-02    5.6350E+00
   5.9000E-02    5.7293E+00
   6.0000E-02    5.8235E+00
   6.1000E-02    5.9177E+00
   6.2000E-02    6.0117E+00
   6.3000E-02    6.1056E+00
   6.4000E-02    6.1995E+00
   6.5000E-02    6.2932E+00
   6.6000E-02    6.3869E+00
   6.7000E-02    6.4805E+00
   6.8000E-02    6.5739E+00
   6.9000E-02    6.6673E+00
   7.0000E-02    6.7606E+00
   7.1000E-02    6.8538E+00
   7.2000E-02    6.9469E+00
   7.3000E-02    7.0399E+00
   7.4000E-02    7.1328E+00
   7.5000E-02    7.2256E+00
   7.6000E-02    7.3184E+00
   7.7000E-02    7.4110E+00
   7.8000E-02    7.5035E+00
   7.9000E-02    7.5960E+00
   8.0000E-02    7.6884E+00
   8.1000E-02    7.7806E+00
   8.2000E-02    7.8728E+00
   8.3000E-02    7.9649E+00
   8.4000E-02    8.0569E+00
   8.5000E-02    8.1488E+00
   8.6000E-02    8.2406E+00
   8.7000E-02    8.3323E+00
   8.8000E-02    8.4239E+00
   8.9000E-02    8.5154E+00
   9.0000E-02    8.6069E+00
   9.1000E-02    8.6982E+00
   9.2000E-02    8.7895E+00
   9.3000E-02    8.8806E+00
   9.4000E-02    8.9717E+00
   9.5000E-02    9.0627E+00
   9.6000E-02    9.1536E+00
   9.7000E-02    9.2444E+00
   9.8000E-02    9.3351E+00
   9.9000E-02    9.4257E+00
   1.0000E-01    9.5162E+00
   1.0100E-01    9.6067E+00
   1.0200E-01    9.6970E+00
   1.0300E-01    9.7873E+00
   1.0400E-01    9.8774E+00
   1.0500E-01    9.9675E+00
   1.0600E-01    1.0058E+01
   1.0700E-01    1.0147E+01
   1.0800E-01    1.0237E+01
   1.0900E-01    1.0327E+01
   1.1000E-01    1.0417E+01
   1.1100E-01    1.0506E+01
   1.1200E-01    1.0596E+01
   1.1300E-01    1.0685E+01
   1.1400E-01    1.0774E+01
   1.1500E-01    1.0863E+01
   1.1600E-01    1.0952E+01
   1.1700E-01    1.1041E+01
   1.1800E-01    1.1130E+01
   1.1900E-01    1.1219E+01
   1.2000E-01    1.1308E+01
   1.2100E-01    1.1397E+01
   1.2200E-01    1.1485E+01
   1.2300E-01    1.1574E+01
   1.2400E-01    1.1662E+01
   1.2500E-01    1.1750E+01
   1.2600E-01    1.1838E+01
   1.2700E-01    1.1927E+01
   1.2800E-01    1.2015E+01
   1.2900E-01    1.2103E+01
   1.3000E-01    1.2190E+01
   1.3100E-01    1.2278E+01
   1.3200E-01    1.2366E+01
   1.3300E-01    1.2453E+01
   1.3400E-01    1.2541E+01
   1.3500E-01    1.2628E+01
   1.3600E-01    1.2716E+01
   1.3700E-01    1.2803E+01
   1.3800E-01    1.2890E+01
   1.3900E-01    1.2977E+01
   1.4000E-01    1.3064E+01
   1.4100E-01    1.3151E+01
   1.4200E-01    1.3238E+01
   1.4300E-01    1.3325E+01
   1.4400E-01    1.3411E+01
   1.4500E-01    1.3498E+01
   1.4600E-01    1.3584E+01
   1.4700E-01    1.3671E+01
   1.4800E-01    1.3757E+01
   1.4900E-01    1.3843E+01
   1.5000E-01    1.3929E+01
   1.5100E-01    1.4015E+01
   1.5200E-01    1.4101E+01
   1.5300E-01    1.4187E+01
   1.5400E-01    1.4273E+01
   1.5500E-01    1.4358E+01
   1.5600E-01    1.4444E+01
   1.5700E-01    1.4530E+01
   1.5800E-01    1.4615E+01
   1.5900E-01    1.4700E+01
   1.6000E-01    1.4786E+01
   1.6100E-01    1.4871E+01
   1.6200E-01    1.4956E+01
   1.6300E-01    1.5041E+01
   1.6400E-01    1.5126E+01
   1.6500E-01    1.5211E+01
   1.6600E-01    1.5295E+01
   1.6700E-01    1.5380E+01
   1.6800E-01    1.5465E+01
   1.6900E-01    1.5549E+01
   1.7000E-01    1.5633E+01
   1.7100E-01    1.5718E+01
   1.7200E-01    1.5802E+01
   1.7300E-01    1.5886E+01
   1.7400E-01    1.5970E+01
   1.7500E-01    1.6054E+01
   1.7600E-01    1.6138E+01
   1.7700E-01    1.6222E+01
   1.7800E-01    1.6306E+01
   1.7900E-01    1.6389E+01
   1.8000E-01    1.6473E+01
   1.8100E-01    1.6556E+01
   1.8200E-01    1.6640E+01
   1.8300E-01    1.6723E+01
   1.8400E-01    1.6806E+01
   1.8500E-01    1.6889E+01
   1.8600E-01    1.6973E+01
   1.8700E-01    1.7056E+01
   1.8800E-01    1.7138E+01
   1.8900E-01    1.7221E+01
   1.9000E-01    1.7304E+01
   1.9100E-01    1.7387E+01
   1.9200E-01    1.7469E+01
   1.9300E-01    1.7552E+01
   1.9400E-01    1.7634E+01
   1.9500E-01    1.7716E+01
   1.9600E-01    1.7799E+01
   1.9700E-01    1.7881E+01
   1.9800E-01    1.7963E+01
   1.9900E-01    1.8045E+01
   2.0000E-01    1.8127E+01
   2.0100E-01    1.8209E+01
   2.0200E-01    1.8290E+01
   2.0300E-01    1.8372E+01
   2.0400E-01    1.8454E+01
   2.0500E-01    1.8535E+01
   2.0600E-01    1.8617E+01
   2.0700E-01    1.8698E+01
   2.0800E-01    1.8779E+01
   2.0900E-01    1.8860E+01
   2.1000E-01    1.8941E+01
   2.1100E-01    1.9022E+01
   2.1200E-01    1.9103E+01
   2.1300E-01    1.9184E+01
   2.1400E-01    1.9265E+01
   2.1500E-01    1.9346E+01
   2.1600E-01    1.9426E+01
   2.1700E-01    1.9507E+01
   2.1800E-01    1.9587E+01
   2.1900E-01    1.9668E+01
   2.2000E-01    1.9748E+01
   2.2100E-01    1.9828E+01
   2.2200E-01    1.9908E+01
   2.2300E-01    1.9988E+01
   2.2400E-01    2.0068E+01
   2.2500E-01    2.0148E+01
   2.2600E-01    2.0228E+01
   2.2700E-01    2.0308E+01
   2.2800E-01    2.0387E+01
   2.2900E-01    2.0467E+01
   2.3000E-01    2.0547E+01
   2.3100E-01    2.0626E+01
   2.3200E-01    2.0705E+01
   2.3300E-01    2.0785E+01
   2.3400E-01    2.0864E+01
   2.3500E-01    2.0943E+01
   2.3600E-01    2.1022E+01
   2.3700E-01    2.1101E+01
   2.3800E-01    2.1180E+01
   2.3900E-01    2.1258E+01
   2.4000E-01    2.1337E+01
   2.4100E-01    2.1416E+01
   2.4200E-01    2.1494E+01
   2.4300E-01    2.1573E+01
   2.4400E-01    2.1651E+01
   2.4500E-01    2.1729E+01
   2.4600E-01    2.1808E+01
   2.4700E-01    2.1886E+01
   2.4800E-01    2.1964E+01
   2.4900E-01    2.2042E+01
   2.5000E-01    2.2120E+01
   2.5100E-01    2.2198E+01
   2.5200E-01    2.2275E+01
   2.5300E-01    2.2353E+01
   2.5400E-01    2.2431E+01
   2.5500E-01    2.2508E+01
   2.5600E-01    2.2586E+01
   2.5700E-01    2.2663E+01
   2.5800E-01    2.2740E+01
   2.5900E-01    2.2818E+01
   2.6000E-01    2.2895E+01
   2.6100E-01    2.2972E+01
   2.6200E-01    2.3049E+01
   2.6300E-01    2.3126E+01
   2.6400E-01    2.3202E+01
   2.6500E-01    2.3279E+01
   2.6600E-01    2.3356E+01
   2.6700E-01    2.3433E+01
   2.6800E-01    2.3509E+01
   2.6900E-01    2.3586E+01
   2.7000E-01    2.3662E+01
   2.7100E-01    2.3738E+01
   2.7200E-01    2.3814E+01
   2.7300E-01    2.3891E+01
   2.7400E-01    2.3967E+01
   2.7500E-01    2.4043E+01
   2.7600E-01    2.4119E+01
   2.7700E-01    2.4194E+01
   2.7800E-01    2.4270E+01
   2.7900E-01    2.4346E+01
   2.8000E-01    2.4421E+01
   2.8100E-01    2.4497E+01
   2.8200E-01    2.4572E+01
   2.8300E-01    2.4648E+01
   2.8400E-01    2.4723E+01
   2.8500E-01    2.4798E+01
   2.8600E-01    2.4874E+01
   2.8700E-01    2.4949E+01
   2.8800E-01    2.5024E+01
   2.8900E-01    2.5099E+01
   2.9000E-01    2.5173E+01
   2.9100E-01    2.5248E+01
   2.9200E-01    2.5323E+01
   2.9300E-01    2.5398E+01
   2.9400E-01    2.5472E+01
   2.9500E-01    2.5547E+01
   2.9600E-01    2.5621E+01
   2.9700E-01    2.5695E+01
   2.9800E-01    2.5770E+01
   2.9900E-01    2.5844E+01
   3.0000E-01    2.5918E+01
   3.0100E-01    2.5992E+01
   3.0200E-01    2.6066E+01
   3.0300E-01    2.6140E+01
   3.0400E-01    2.6214E+01
   3.0500E-01    2.6287E+01
   3.0600E-01    2.6361E+01
   3.0700E-01    2.6435E+01
   3.0800E-01    2.6508E+01
   3.0900E-01    2.6582E+01
   3.1000E-01    2.6655E+01
   3.1100E-01    2.6728E+01
   3.1200E-01    2.6802E+01
   3.1300E-01    2.6875E+01
   3.1400E-01    2.6948E+01
   3.1500E-01    2.7021E+01
   3.1600E-01    2.7094E+01
   3.1700E-01    2.7167E+01
   3.1800E-01    2.7240E+01
   3.1900E-01    2.7312E+01
   3.2000E-01    2.7385E+01
   3.2100E-01    2.7457E+01
   3.2200E-01    2.7530E+01
   3.2300E-01    2.7602E+01
   3.2400E-01    2.7675E+01
   3.2500E-01    2.7747E+01
   3.2600E-01    2.7819E+01
   3.2700E-01    2.7891E+01
   3.2800E-01    2.7963E+01
   3.2900E-01    2.8035E+01
   3.3000E-01    2.8107E+01
   3.3100E-01    2.8179E+01
   3.3200E-01    2.8251E+01
   3.3300E-01    2.8323E+01
   3.3400E-01    2.8394E+01
   3.3500E-01    2.8466E+01
   3.3600E-01    2.8537E+01
   3.3700E-01    2.8609E+01
   3.3800E-01    2.8680E+01
   3.3900E-01    2.8752E+01
   3.4000E-01    2.8823E+01
   3.4100E-01    2.8894E+01
   3.4200E-01    2.8965E+01
   3.4300E-01    2.9036E+01
   3.4400E-01    2.9107E+01
   3.4500E-01    2.9178E+01
   3.4600E-01    2.9249E+01
   3.4700E-01    2.9319E+01
   3.4800E-01    2.9390E+01
   3.4900E-01    2.9460E+01
   3.5000E-01    2.9531E+01
   3.5100E-01    2.9601E+01
   3.5200E-01    2.9672E+01
   3.5300E-01    2.9742E+01
   3.5400E-01    2.9812E+01
   3.5500E-01    2.9882E+01
   3.5600E-01    2.9952E+01
   3.5700E-01    3.0022E+01
   3.5800E-01    3.0092E+01
   3.5900E-01    3.0162E+01
   3.6000E-01    3.0232E+01
   3.6100E-01    3.0302E+01
   3.6200E-01    3.0372E+01
   3.6300E-01    3.0441E+01
   3.6400E-01    3.0511E+01
   3.6500E-01    3.0580E+01
   3.6600E-01    3.0649E+01
   3.6700E-01    3.0719E+01
   3.6800E-01    3.0788E+01
   3.6900E-01    3.0857E+01
   3.7000E-01    3.0926E+01
   3.7100E-01    3.0995E+01
   3.7200E-01    3.1064E+01
   3.7300E-01    3.1133E+01
   3.7400E-01    3.1202E+01
   3.7500E-01    3.1271E+01
   3.7600E-01    3.1339E+01
   3.7700E-01    3.1408E+01
   3.7800E-01    3.1477E+01
   3.7900E-01    3.1545E+01
   3.8000E-01    3.1614E+01
   3.8100E-01    3.1682E+01
   3.8200E-01    3.1750E+01
   3.8300E-01    3.1818E+01
   3.8400E-01    3.1887E+01
   3.8500E-01    3.1955E+01
   3.8600E-01    3.2023E+01
   3.8700E-01    3.2091E+01
   3.8800E-01    3.2158E+01
   3.8900E-01    3.2226E+01
   3.9000E-01    3.2294E+01
   3.9100E-01    3.2362E+01
   3.9200E-01    3.2429E+01
   3.9300E-01    3.2497E+01
   3.9400E-01    3.2564E+01
   3.9500E-01    3.2632E+01
   3.9600E-01    3.2699E+01
   3.9700E-01    3.2766E+01
   3.9800E-01    3.2833E+01
   3.9900E-01    3.2901E+01
   4.0000E-01    3.2968E+01
   4.0100E-01    3.3035E+01
   4.0200E-01    3.3102E+01
   4.0300E-01    3.3168E+01
   4.0400E-01    3.3235E+01
   4.0500E-01    3.3302E+01
   4.0600E-01    3.3369E+01
   4.0700E-01    3.3435E+01
   4.0800E-01    3.3502E+01
   4.0900E-01    3.3568E+01
   4.1000E-01    3.3635E+01
   4.1100E-01    3.3701E+01
   4.1200E-01    3.3767E+01
   4.1300E-01    3.3833E+01
   4.1400E-01    3.3900E+01
   4.1500E-01    3.3966E+01
   4.1600E-01    3.4032E+01
   4.1700E-01    3.4098E+01
   4.1800E-01    3.4163E+01
   4.1900E-01    3.4229E+01
   4.2000E-01    3.4295E+01
   4.2100E-01    3.4361E+01
   4.2200E-01    3.4426E+01
   4.2300E-01    3.4492E+01
   4.2400E-01    3.4557E+01
   4.2500E-01    3.4623E+01
   4.2600E-01    3.4688E+01
   4.2700E-01    3.4753E+01
   4.2800E-01    3.4819E+01
   4.2900E-01    3.4884E+01
   4.3000E-01    3.4949E+01
   4.3100E-01    3.5014E+01
   4.3200E-01    3.5079E+01
   4.3300E-01    3.5144E+01
   4.3400E-01    3.5208E+01
   4.3500E-01    3.5273E+01
   4.3600E-01    3.5338E+01
   4.3700E-01    3.5402E+01
   4.3800E-01    3.5467E+01
   4.3900E-01    3.5532E+01
   4.4000E-01    3.5596E+01
   4.4100E-01    3.5660E+01
   4.4200E-01    3.5725E+01
   4.4300E-01    3.5789E+01
   4.4400E-01    3.5853E+01
   4.4500E-01    3.5917E+01
   4.4600E-01    3.5981E+01
   4.4700E-01    3.6045E+01
   4.4800E-01    3.6109E+01
   4.4900E-01    3.6173E+01
   4.5000E-01    3.6237E+01
   4.5100E-01    3.6301E+01
   4.5200E-01    3.6364E+01
   4.5300E-01    3.6428E+01
   4.5400E-01    3.6491E+01
   4.5500E-01    3.6555E+01
   4.5600E-01    3.6618E+01
   4.5700E-01    3.6682E+01
   4.5800E-01    3.6745E+01
   4.5900E-01    3.6808E+01
   4.6000E-01    3.6871E+01
   4.6100E-01    3.6934E+01
   4.6200E-01    3.6997E+01
   4.6300E-01    3.7060E+01
   4.6400E-01    3.7123E+01
   4.6500E-01    3.7186E+01
   4.6600E-01    3.7249E+01
   4.6700E-01    3.7312E+01
   4.6800E-01    3.7374E+01
   4.6900E-01    3.7437E+01
   4.7000E-01    3.7499E+01
   4.7100E-01    3.7562E+01
   4.7200E-01    3.7624E+01
   4.7300E-01    3.7687E+01
   4.7400E-01    3.7749E+01
   4.7500E-01    3.7811E+01
   4.7600E-01    3.7873E+01
   4.7700E-01    3.7935E+01
   4.7800E-01    3.7997E+01
   4.7900E-01    3.8059E+01
   4.8000E-01    3.8121E+01
   4.8100E-01    3.8183E+01
   4.8200E-01    3.8245E+01
   4.8300E-01    3.8307E+01
   4.8400E-01    3.8368E+01
   4.8500E-01    3.8430E+01
   4.8600E-01    3.8491E+01
   4.8700E-01    3.8553E+01
   4.8800E-01    3.8614E+01
   4.8900E-01    3.8676E+01
   4.9000E-01    3.8737E+01
   4.9100E-01    3.8798E+01
   4.9200E-01    3.8859E+01
   4.9300E-01    3.8920E+01
   4.9400E-01    3.8981E+01
   4.9500E-01    3.9042E+01
   4.9600E-01    3.9103E+01
   4.9700E-01    3.9164E+01
   4.9800E-01    3.9225E+01
   4.9900E-01    3.9286E+01
   5.0000E-01    3.9346E+01
   5.0100E-01    3.9407E+01
   5.0200E-01    3.9468E+01
   5.0300E-01    3.9528E+01
   5.0400E-01    3.9589E+01
   5.0500E-01    3.9649E+01
   5.0600E-01    3.9709E+01
   5.0700E-01    3.9770E+01
   5.0800E-01    3.9830E+01
   5.0900E-01    3.9890E+01
   5.1000E-01    3.9950E+01
   5.1100E-01    4.0010E+01
   5.1200E-01    4.0070E+01
   5.1300E-01    4.0130E+01
   5.1400E-01    4.0190E+01
   5.1500E-01    4.0249E+01
   5.1600E-01    4.0309E+01
   5.1700E-01    4.0369E+01
   5.1800E-01    4.0428E+01
   5.1900E-01    4.0488E+01
   5.2000E-01    4.0547E+01
   5.2100E-01    4.0607E+01
   5.2200E-01    4.0666E+01
   5.2300E-01    4.0726E+01
   5.2400E-01    4.0785E+01
   5.2500E-01    4.0844E+01
   5.2600E-01    4.0903E+01
   5.2700E-01    4.0962E+01
   5.2800E-01    4.1021E+01
   5.2900E-01    4.1080E+01
   5.3000E-01    4.1139E+01
   5.3100E-01    4.1198E+01
   5.3200E-01    4.1257E+01
   5.3300E-01    4.1315E+01
   5.3400E-01    4.1374E+01
   5.3500E-01    4.1433E+01
   5.3600E-01    4.1491E+01
   5.3700E-01    4.1550E+01
   5.3800E-01    4.1608E+01
   5.3900E-01    4.1666E+01
   5.4000E-01    4.1725E+01
   5.4100E-01    4.1783E+01
   5.4200E-01    4.1841E+01
   5.4300E-01    4.1899E+01
   5.4400E-01    4.1957E+01
   5.4500E-01    4.2015E+01
   5.4600E-01    4.2073E+01
   5.4700E-01    4.2131E+01
   5.4800E-01    4.2189E+01
   5.4900E-01    4.2247E+01
   5.5000E-01    4.2304E+01
   5.5100E-01    4.2362E+01
   5.5200E-01    4.2420E+01
   5.5300E-01    4.2477E+01
   5.5400E-01    4.2535E+01
   5.5500E-01    4.2592E+01
   5.5600E-01    4.2650E+01
   5.5700E-01    4.2707E+01
   5.5800E-01    4.2764E+01
   5.5900E-01    4.2821E+01
   5.6000E-01    4.2879E+01
   5.6100E-01    4.2936E+01
   5.6200E-01    4.2993E+01
   5.6300E-01    4.3050E+01
   5.6400E-01    4.3107E+01
   5.6500E-01    4.3163E+01
   5.6600E-01    4.3220E+01
   5.6700E-01    4.3277E+01
   5.6800E-01    4.3334E+01
   5.6900E-01    4.3390E+01
   5.7000E-01    4.3447E+01
   5.7100E-01    4.3503E+01
   5.7200E-01    4.3560E+01
   5.7300E-01    4.3616E+01
   5.7400E-01    4.3673E+01
   5.7500E-01    4.3729E+01
   5.7600E-01    4.3785E+01
   5.7700E-01    4.3841E+01
   5.7800E-01    4.3897E+01
   5.7900E-01    4.3954E+01
   5.8000E-01    4.4010E+01
   5.8100E-01    4.4066E+01
   5.8200E-01    4.4121E+01
   5.8300E-01    4.4177E+01
   5.8400E-01    4.4233E+01
   5.8500E-01    4.4289E+01
   5.8600E-01    4.4345E+01
   5.8700E-01    4.4400E+01
   5.8800E-01    4.4456E+01
   5.8900E-01    4.4511E+01
   5.9000E-01    4.4567E+01
   5.9100E-01    4.4622E+01
   5.9200E-01    4.4677E+01
   5.9300E-01    4.4733E+01
   5.9400E-01    4.4788E+01
   5.9500E-01    4.4843E+01
   5.9600E-01    4.4898E+01
   5.9700E-01    4.4953E+01
   5.9800E-01    4.5008E+01
   5.9900E-01    4.5063E+01
   6.0000E-01    4.5118E+01
   6.0100E-01    4.5173E+01
   6.0200E-01    4.5228E+01
   6.0300E-01    4.5283E+01
   6.0400E-01    4.5337E+01
   6.0500E-01    4.5392E+01
   6.0600E-01    4.5447E+01
   6.0700E-01    4.5501E+01
   6.0800E-01    4.5556E+01
   6.0900E-01    4.5610E+01
   6.1000E-01    4.5664E+01
   6.1100E-01    4.5719E+01
   6.1200E-01    4.5773E+01
   6.1300E-01    4.5827E+01
   6.1400E-01    4.5881E+01
   6.1500E-01    4.5935E+01
   6.1600E-01    4.5989E+01
   6.1700E-01    4.6043E+01
   6.1800E-01    4.6097E+01
   6.1900E-01    4.6151E+01
   6.2000E-01    4.6205E+01
   6.2100E-01    4.6259E+01
   6.2200E-01    4.6312E+01
   6.2300E-01    4.6366E+01
   6.2400E-01    4.6420E+01
   6.2500E-01    4.6473E+01
   6.2600E-01    4.6527E+01
   6.2700E-01    4.6580E+01
   6.2800E-01    4.6634E+01
   6.2900E-01    4.6687E+01
   6.3000E-01    4.6740E+01
   6.3100E-01    4.6793E+01
   6.3200E-01    4.6847E+01
   6.3300E-01    4.6900E+01
   6.3400E-01    4.6953E+01
   6.3500E-01    4.7006E+01
   6.3600E-01    4.7059E+01
   6.3700E-01    4.7112E+01
   6.3800E-01    4.7165E+01
   6.3900E-01    4.7217E+01
   6.4000E-01    4.7270E+01
   6.4100E-01    4.7323E+01
   6.4200E-01    4.7375E+01
   6.4300E-01    4.7428E+01
   6.4400E-01    4.7481E+01
   6.4500E-01    4.7533E+01
   6.4600E-01    4.7585E+01
   6.4700E-01    4.7638E+01
   6.4800E-01    4.7690E+01
   6.4900E-01    4.7743E+01
   6.5000E-01    4.7795E+01
   6.5100E-01    4.7847E+01
   6.5200E-01    4.7899E+01
   6.5300E-01    4.7951E+01
   6.5400E-01    4.8003E+01
   6.5500E-01    4.8055E+01
   6.5600E-01    4.8107E+01
   6.5700E-01    4.8159E+01
   6.5800E-01    4.8211E+01
   6.5900E-01    4.8262E+01
   6.6000E-01    4.8314E+01
   6.6100E-01    4.8366E+01
   6.6200E-01    4.8417E+01
   6.6300E-01    4.8469E+01
   6.6400E-01    4.8520E+01
   6.6500E-01    4.8572E+01
   6.6600E-01    4.8623E+01
   6.6700E-01    4.8675E+01
   6.6800E-01    4.8726E+01
   6.6900E-01    4.8777E+01
   6.7000E-01    4.8828E+01
   6.7100E-01    4.8880E+01
   6.7200E-01    4.8931E+01
   6.7300E-01    4.8982E+01
   6.7400E-01    4.9033E+01
   6.7500E-01    4.9084E+01
   6.7600E-01    4.9135E+01
   6.7700E-01    4.9185E+01
   6.7800E-01    4.9236E+01
   6.7900E-01    4.9287E+01
   6.8000E-01    4.9338E+01
   6.8100E-01    4.9388E+01
   6.8200E-01    4.9439E+01
   6.8300E-01    4.9489E+01
   6.8400E-01    4.9540E+01
   6.8500E-01    4.9590E+01
   6.8600E-01    4.9641E+01
   6.8700E-01    4.9691E+01
   6.8800E-01    4.9741E+01
   6.8900E-01    4.9791E+01
   6.9000E-01    4.9842E+01
   6.9100E-01    4.9892E+01
   6.9200E-01    4.9942E+01
   6.9300E-01    4.9992E+01
   6.9400E-01    5.0042E+01
   6.9500E-01    5.0092E+01
   6.9600E-01    5.0142E+01
   6.9700E-01    5.0191E+01
   6.9800E-01    5.0241E+01
   6.9900E-01    5.0291E+01
   7.0000E-01    5.0341E+01
   7.0100E-01    5.0390E+01
   7.0200E-01    5.0440E+01
   7.0300E-01    5.0489E+01
   7.0400E-01    5.0539E+01
   7.0500E-01    5.0588E+01
   7.0600E-01    5.0638E+01
   7.0700E-01    5.0687E+01
   7.0800E-01    5.0736E+01
   7.0900E-01    5.0786E+01
   7.1000E-01    5.0835E+01
   7.1100E-01    5.0884E+01
   7.1200E-01    5.0933E+01
   7.1300E-01    5.0982E+01
   7.1400E-01    5.1031E+01
   7.1500E-01    5.1080E+01
   7.1600E-01    5.1129E+01
   7.1700E-01    5.1178E+01
   7.1800E-01    5.1227E+01
   7.1900E-01    5.1275E+01
   7.2000E-01    5.1324E+01
   7.2100E-01    5.1373E+01
   7.2200E-01    5.1421E+01
   7.2300E-01    5.1470E+01
   7.2400E-01    5.1518E+01
   7.2500E-01    5.1567E+01
   7.2600E-01    5.1615E+01
   7.2700E-01    5.1663E+01
   7.2800E-01    5.1712E+01
   7.2900E-01    5.1760E+01
   7.3000E-01    5.1808E+01
   7.3100E-01    5.1856E+01
   7.3200E-01    5.1905E+01
   7.3300E-01    5.1953E+01
   7.3400E-01    5.2001E+01
   7.3500E-01    5.2049E+01
   7.3600E-01    5.2097E+01
   7.3700E-01    5.2144E+01
   7.3800E-01    5.2192E+01
   7.3900E-01    5.2240E+01
   7.4000E-01    5.2288E+01
   7.4100E-01    5.2335E+01
   7.4200E-01    5.2383E+01
   7.4300E-01    5.2431E+01
   7.4400E-01    5.2478E+01
   7.4500E-01    5.2526E+01
   7.4600E-01    5.2573E+01
   7.4700E-01    5.2621E+01
   7.4800E-01    5.2668E+01
   7.4900E-01    5.2715E+01
   7.5000E-01    5.2762E+01
   7.5100E-01    5.2810E+01
   7.5200E-01    5.2857E+01
   7.5300E-01    5.2904E+01
   7.5400E-01    5.2951E+01
   7.5500E-01    5.2998E+01
   7.5600E-01    5.3045E+01
   7.5700E-01    5.3092E+01
   7.5800E-01    5.3139E+01
   7.5900E-01    5.3186E+01
   7.6000E-01    5.3232E+01
   7.6100E-01    5.3279E+01
   7.6200E-01    5.3326E+01
   7.6300E-01    5.3373E+01
   7.6400E-01    5.3419E+01
   7.6500E-01    5.3466E+01
   7.6600E-01    5.3512E+01
   7.6700E-01    5.3559E+01
   7.6800E-01    5.3605E+01
   7.6900E-01    5.3651E+01
   7.7000E-01    5.3698E+01
   7.7100E-01    5.3744E+01
   7.7200E-01    5.3790E+01
   7.7300E-01    5.3836E+01
   7.7400E-01    5.3883E+01
   7.7500E-01    5.3929E+01
   7.7600E-01    5.3975E+01
   7.7700E-01    5.4021E+01
   7.7800E-01    5.4067E+01
   7.7900E-01    5.4113E+01
   7.8000E-01    5.4158E+01
   7.8100E-01    5.4204E+01
   7.8200E-01    5.4250E+01
   7.8300E-01    5.4296E+01
   7.8400E-01    5.4341E+01
   7.8500E-01    5.4387E+01
   7.8600E-01    5.4433E+01
   7.8700E-01    5.4478E+01
   7.8800E-01    5.4524E+01
   7.8900E-01    5.4569E+01
   7.9000E-01    5.4615E+01
   7.9100E-01    5.4660E+01
   7.9200E-01    5.4705E+01
   7.9300E-01    5.4751E+01
   7.9400E-01    5.4796E+01
   7.9500E-01    5.4841E+01
   7.9600E-01    5.4886E+01
   7.9700E-01    5.4931E+01
   7.9800E-01    5.4976E+01
   7.9900E-01    5.5021E+01
   8.0000E-01    5.5066E+01
   8.0100E-01    5.5111E+01
   8.0200E-01    5.5156E+01
   8.0300E-01    5.5201E+01
   8.0400E-01    5.5246E+01
   8.0500E-01    5.5290E+01
   8.0600E-01    5.5335E+01
   8.0700E-01    5.5380E+01
   8.0800E-01    5.5424E+01
   8.0900E-01    5.5469E+01
   8.1000E-01    5.5513E+01
   8.1100E-01    5.5558E+01
   8.1200E-01    5.5602E+01
   8.1300E-01    5.5646E+01
   8.1400E-01    5.5691E+01
   8.1500E-01    5.5735E+01
   8.1600E-01    5.5779E+01
   8.1700E-01    5.5824E+01
   8.1800E-01    5.5868E+01
   8.1900E-01    5.5912E+01
   8.2000E-01    5.5956E+01
   8.2100E-01    5.6000E+01
   8.2200E-01    5.6044E+01
   8.2300E-01    5.6088E+01
   8.2400E-01    5.6132E+01
   8.2500E-01    5.6175E+01
   8.2600E-01    5.6219E+01
   8.2700E-01    5.6263E+01
   8.2800E-01    5.6307E+01
   8.2900E-01    5.6350E+01
   8.3000E-01    5.6394E+01
   8.3100E-01    5.6438E+01
   8.3200E-01    5.6481E+01
   8.3300E-01    5.6525E+01
   8.3400E-01    5.6568E+01
   8.3500E-01    5.6612E+01
   8.3600E-01    5.6655E+01
   8.3700E-01    5.6698E+01
   8.3800E-01    5.6741E+01
   8.3900E-01    5.6785E+01
   8.4000E-01    5.6828E+01
   8.4100E-01    5.6871E+01
   8.4200E-01    5.6914E+01
   8.4300E-01    5.6957E+01
   8.4400E-01    5.7000E+01
   8.4500E-01    5.7043E+01
   8.4600E-01    5.7086E+01
   8.4700E-01    5.7129E+01
   8.4800E-01    5.7172E+01
   8.4900E-01    5.7215E+01
   8.5000E-01    5.7257E+01
   8.5100E-01    5.7300E+01
   8.5200E-01    5.7343E+01
   8.5300E-01    5.7385E+01
   8.5400E-01    5.7428E+01
   8.5500E-01    5.7471E+01
   8.5600E-01    5.7513E+01
   8.5700E-01    5.7556E+01
   8.5800E-01    5.7598E+01
   8.5900E-01    5.7640E+01
   8.6000E-01    5.7683E+01
   8.6100E-01    5.7725E+01
   8.6200E-01    5.7767E+01
   8.6300E-01    5.7809E+01
   8.6400E-01    5.7852E+01
   8.6500E-01    5.7894E+01
   8.6600E-01    5.7936E+01
   8.6700E-01    5.7978E+01
   8.6800E-01    5.8020E+01
   8.6900E-01    5.8062E+01
   8.7000E-01    5.8104E+01
   8.7100E-01    5.8146E+01
   8.7200E-01    5.8187E+01
   8.7300E-01    5.8229E+01
   8.7400E-01    5.8271E+01
   8.7500E-01    5.8313E+01
   8.7600E-01    5.8354E+01
   8.7700E-01    5.8396E+01
   8.7800E-01    5.8438E+01
   8.7900E-01    5.8479E+01
   8.8000E-01    5.8521E+01
   8.8100E-01    5.8562E+01
   8.8200E-01    5.8603E+01
   8.8300E-01    5.8645E+01
   8.8400E-01    5.8686E+01
   8.8500E-01    5.8727E+01
   8.8600E-01    5.8769E+01
   8.8700E-01    5.8810E+01
   8.8800E-01    5.8851E+01
   8.8900E-01    5.8892E+01
   8.9000E-01    5.8933E+01
   8.9100E-01    5.8974E+01
   8.9200E-01    5.9015E+01
   8.9300E-01    5.9056E+01
   8.9400E-01    5.9097E+01
   8.9500E-01    5.9138E+01
   8.9600E-01    5.9179E+01
   8.9700E-01    5.9220E+01
   8.9800E-01    5.9261E+01
   8.9900E-01    5.9301E+01
   9.0000E-01    5.9342E+01
   9.0100E-01    5.9383E+01
   9.0200E-01    5.9423E+01
   9.0300E-01    5.9464E+01
   9.0400E-01    5.9504E+01
   9.0500E-01    5.9545E+01
   9.0600E-01    5.9585E+01
   9.0700E-01    5.9625E+01
   9.0800E-01    5.9666E+01
   9.0900E-01    5.9706E+01
   9.1000E-01    5.9746E+01
   9.1100E-01    5.9787E+01
   9.1200E-01    5.9827E+01
   9.1300E-01    5.9867E+01
   9.1400E-01    5.9907E+01
   9.1500E-01    5.9947E+01
   9.1600E-01    5.9987E+01
   9.1700E-01    6.0027E+01
   9.1800E-01    6.0067E+01
   9.1900E-01    6.0107E+01
   9.2000E-01    6.0147E+01
   9.2100E-01    6.0187E+01
   9.2200E-01    6.0227E+01
   9.2300E-01    6.0266E+01
   9.2400E-01    6.0306E+01
   9.2500E-01    6.0346E+01
   9.2600E-01    6.0385E+01
   9.2700E-01    6.0425E+01
   9.2800E-01    6.0464E+01
   9.2900E-01    6.0504E+01
   9.3000E-01    6.0543E+01
   9.3100E-01    6.0583E+01
   9.3200E-01    6.0622E+01
   9.3300E-01    6.0662E+01
   9.3400E-01    6.0701E+01
   9.3500E-01    6.0740E+01
   9.3600E-01    6.0779E+01
   9.3700E-01    6.0819E+01
   9.3800E-01    6.0858E+01
   9.3900E-01    6.0897E+01
   9.4000E-01    6.0936E+01
   9.4100E-01    6.0975E+01
   9.4200E-01    6.1014E+01
   9.4300E-01    6.1053E+01
   9.4400E-01    6.1092E+01
   9.4500E-01    6.1131E+01
   9.4600E-01    6.1170E+01
   9.4700E-01    6.1208E+01
   9.4800E-01    6.1247E+01
   9.4900E-01    6.1286E+01
   9.5000E-01    6.1325E+01
   9.5100E-01    6.1363E+01
   9.5200E-01    6.1402E+01
   9.5300E-01    6.1441E+01
   9.5400E-01    6.1479E+01
   9.5500E-01    6.1518E+01
   9.5600E-01    6.1556E+01
   9.5700E-01    6.1594E+01
   9.5800E-01    6.1633E+01
   9.5900E-01    6.1671E+01
   9.6000E-01    6.1709E+01
   9.6100E-01    6.1748E+01
   9.6200E-01    6.1786E+01
   9.6300E-01    6.1824E+01
   9.6400E-01    6.1862E+01
   9.6500E-01    6.1900E+01
   9.6600E-01    6.1939E+01
   9.6700E-01    6.1977E+01
   9.6800E-01    6.2015E+01
   9.6900E-01    6.2053E+01
   9.7000E-01    6.2090E+01
   9.7100E-01    6.2128E+01
   9.7200E-01    6.2166E+01
   9.7300E-01    6.2204E+01
   9.7400E-01    6.2242E+01
   9.7500E-01    6.2279E+01
   9.7600E-01    6.2317E+01
   9.7700E-01    6.2355E+01
   9.7800E-01    6.2392E+01
   9.7900E-01    6.2430E+01
   9.8000E-01    6.2468E+01
   9.8100E-01    6.2505E+01
   9.8200E-01    6.2543E+01
   9.8300E-01    6.2580E+01
   9.8400E-01    6.2617E+01
   9.8500E-01    6.2655E+01
   9.8600E-01    6.2692E+01
   9.8700E-01    6.2729E+01
   9.8800E-01    6.2767E+01
   9.8900E-01    6.2804E+01
   9.9000E-01    6.2841E+01
   9.9100E-01    6.2878E+01
   9.9200E-01    6.2915E+01
   9.9300E-01    6.2952E+01
   9.9400E-01    6.2989E+01
   9.9500E-01    6.3026E+01
   9.9600E-01    6.3063E+01
   9.9700E-01    6.3100E+01
   9.9800E-01    6.3137E+01
   9.9900E-01    6.3174E+01
   1.0000E+00    6.3211E+01
   1.0010E+00    6.3248E+01
   1.0020E+00    6.3284E+01
   1.0030E+00    6.3321E+01
   1.0040E+00    6.3358E+01
   1.0050E+00    6.3394E+01
   1.0060E+00    6.3431E+01
   1.0070E+00    6.3467E+01
   1.0080E+00    6.3504E+01
   1.0090E+00    6.3540E+01
   1.0100E+00    6.3577E+01
   1.0110E+00    6.3613E+01
   1.0120E+00    6.3650E+01
   1.0130E+00    6.3686E+01
   1.0140E+00    6.3722E+01
   1.0150E+00    6.3758E+01
   1.0160E+00    6.3795E+01
   1.0170E+00    6.3831E+01
   1.0180E+00    6.3867E+01
   1.0190E+00    6.3903E+01
   1.0200E+00    6.3939E+01
   1.0210E+00    6.3975E+01
   1.0220E+00    6.4011E+01
   1.0230E+00    6.4047E+01
   1.0240E+00    6.4083E+01
   1.0250E+00    6.4119E+01
   1.0260E+00    6.4155E+01
   1.0270E+00    6.4191E+01
   1.0280E+00    6.4226E+01
   1.0290E+00    6.4262E+01
   1.0300E+00    6.4298E+01
   1.0310E+00    6.4334E+01
   1.0320E+00    6.4369E+01
   1.0330E+00    6.4405E+01
   1.0340E+00    6.4440E+01
   1.0350E+00    6.4476E+01
   1.0360E+00    6.4511E+01
   1.0370E+00    6.4547E+01
   1.0380E+00    6.4582E+01
   1.0390E+00    6.4618E+01
   1.0400E+00    6.4653E+01
   1.0410E+00    6.4688E+01
   1.0420E+00    6.4724E+01
   1.0430E+00    6.4759E+01
   1.0440E+00    6.4794E+01
   1.0450E+00    6.4829E+01
   1.0460E+00    6.4865E+01
   1.0470E+00    6.4900E+01
   1.0480E+00    6.4935E+01
   1.0490E+00    6.4970E+01
   1.0500E+00    6.5005E+01
   1.0510E+00    6.5040E+01
   1.0520E+00    6.5075E+01
   1.0530E+00    6.5110E+01
   1.0540E+00    6.5145E+01
   1.0550E+00    6.5179E+01
   1.0560E+00    6.5214E+01
   1.0570E+00    6.5249E+01
   1.0580E+00    6.5284E+01
   1.0590E+00    6.5318E+01
   1.0600E+00    6.5353E+01
   1.0610E+00    6.5388E+01
   1.0620E+00    6.5422E+01
   1.0630E+00    6.5457E+01
   1.0640E+00    6.5491E+01
   1.0650E+00    6.5526E+01
   1.0660E+00    6.5560E+01
   1.0670E+00    6.5595E+01
   1.0680E+00    6.5629E+01
   1.0690E+00    6.5663E+01
   1.0700E+00    6.5698E+01
   1.0710E+00    6.5732E+01
   1.0720E+00    6.5766E+01
   1.0730E+00    6.5800E+01
   1.0740E+00    6.5835E+01
   1.0750E+00    6.5869E+01
   1.0760E+00    6.5903E+01
   1.0770E+00    6.5937E+01
   1.0780E+00    6.5971E+01
   1.0790E+00    6.6005E+01
   1.0800E+00    6.6039E+01
   1.0810E+00    6.6073E+01
   1.0820E+00    6.6107E+01
   1.0830E+00    6.6141E+01
   1.0840E+00    6.6175E+01
   1.0850E+00    6.6208E+01
   1.0860E+00    6.6242E+01
   1.0870E+00    6.6276E+01
   1.0880E+00    6.6310E+01
   1.0890E+00    6.6343E+01
   1.0900E+00    6.6377E+01
   1.0910E+00    6.6410E+01
   1.0920E+00    6.6444E+01
   1.0930E+00    6.6478E+01
   1.0940E+00    6.6511E+01
   1.0950E+00    6.6545E+01
   1.0960E+00    6.6578E+01
   1.0970E+00    6.6611E+01
   1.0980E+00    6.6645E+01
   1.0990E+00    6.6678E+01
   1.1000E+00    6.6711E+01
   1.1010E+00    6.6745E+01
   1.1020E+00    6.6778E+01
   1.1030E+00    6.6811E+01
   1.1040E+00    6.6844E+01
   1.1050E+00    6.6877E+01
   1.1060E+00    6.6911E+01
   1.1070E+00    6.6944E+01
   1.1080E+00    6.6977E+01
   1.1090E+00    6.7010E+01
   1.1100E+00    6.7043E+01
   1.1110E+00    6.7076E+01
   1.1120E+00    6.7108E+01
   1.1130E+00    6.7141E+01
   1.1140E+00    6.7174E+01
   1.1150E+00    6.7207E+01
   1.1160E+00    6.7240E+01
   1.1170E+00    6.7272E+01
   1.1180E+00    6.7305E+01
   1.1190E+00    6.7338E+01
   1.1200E+00    6.7370E+01
   1.1210E+00    6.7403E+01
   1.1220E+00    6.7436E+01
   1.1230E+00    6.7468E+01
   1.1240E+00    6.7501E+01
   1.1250E+00    6.7533E+01
   1.1260E+00    6.7566E+01
   1.1270E+00    6.7598E+01
   1.1280E+00    6.7630E+01
   1.1290E+00    6.7663E+01
   1.1300E+00    6.7695E+01
   1.1310E+00    6.7727E+01
   1.1320E+00    6.7760E+01
   1.1330E+00    6.7792E+01
   1.1340E+00    6.7824E+01
   1.1350E+00    6.7856E+01
   1.1360E+00    6.7888E+01
   1.1370E+00    6.7920E+01
   1.1380E+00    6.7952E+01
   1.1390E+00    6.7985E+01
   1.1400E+00    6.8017E+01
   1.1410E+00    6.8048E+01
   1.1420E+00    6.8080E+01
   1.1430E+00    6.8112E+01
   1.1440E+00    6.8144E+01
   1.1450E+00    6.8176E+01
   1.1460E+00    6.8208E+01
   1.1470E+00    6.8240E+01
   1.1480E+00    6.8271E+01
   1.1490E+00    6.8303E+01
   1.1500E+00    6.8335E+01
   1.1510E+00    6.8366E+01
   1.1520E+00    6.8398E+01
   1.1530E+00    6.8430E+01
   1.1540E+00    6.8461E+01
   1.1550E+00    6.8493E+01
   1.1560E+00    6.8524E+01
   1.1570E+00    6.8556E+01
   1.1580E+00    6.8587E+01
   1.1590E+00    6.8618E+01
   1.1600E+00    6.8650E+01
   1.1610E+00    6.8681E+01
   1.1620E+00    6.8712E+01
   1.1630E+00    6.8744E+01
   1.1640E+00    6.8775E+01
   1.1650E+00    6.8806E+01
   1.1660E+00    6.8837E+01
   1.1670E+00    6.8868E+01
   1.1680E+00    6.8900E+01
   1.1690E+00    6.8931E+01
   1.1700E+00    6.8962E+01
   1.1710E+00    6.8993E+01
   1.1720E+00    6.9024E+01
   1.1730E+00    6.9055E+01
   1.1740E+00    6.9086E+01
   1.1750E+00    6.9116E+01
   1.1760E+00    6.9147E+01
   1.1770E+00    6.9178E+01
   1.1780E+00    6.9209E+01
   1.1790E+00    6.9240E+01
   1.1800E+00    6.9270E+01
   1.1810E+00    6.9301E+01
   1.1820E+00    6.9332E+01
   1.1830E+00    6.9363E+01
   1.1840E+00    6.9393E+01
   1.1850E+00    6.9424E+01
   1.1860E+00    6.9454E+01
   1.1870E+00    6.9485E+01
   1.1880E+00    6.9515E+01
   1.1890E+00    6.9546E+01
   1.1900E+00    6.9576E+01
   1.1910E+00    6.9607E+01
   1.1920E+00    6.9637E+01
   1.1930E+00    6.9667E+01
   1.1940E+00    6.9698E+01
   1.1950E+00    6.9728E+01
   1.1960E+00    6.9758E+01
   1.1970E+00    6.9788E+01
   1.1980E+00    6.9819E+01
   1.1990E+00    6.9849E+01
   1.2000E+00    6.9879E+01
   1.2010E+00    6.9909E+01
   1.2020E+00    6.9939E+01
   1.2030E+00    6.9969E+01
   1.2040E+00    6.9999E+01
   1.2050E+00    7.0029E+01
   1.2060E+00    7.0059E+01
   1.2070E+00    7.0089E+01
   1.2080E+00    7.0119E+01
   1.2090E+00    7.0149E+01
   1.2100E+00    7.0179E+01
   1.2110E+00    7.0208E+01
   1.2120E+00    7.0238E+01
   1.2130E+00    7.0268E+01
   1.2140E+00    7.0298E+01
   1.2150E+00    7.0327E+01
   1.2160E+00    7.0357E+01
   1.2170E+00    7.0387E+01
   1.2180E+00    7.0416E+01
   1.2190E+00    7.0446E+01
   1.2200E+00    7.0475E+01
   1.2210E+00    7.0505E+01
   1.2220E+00    7.0534E+01
   1.2230E+00    7.0564E+01
   1.2240E+00    7.0593E+01
   1.2250E+00    7.0622E+01
   1.2260E+00    7.0652E+01
   1.2270E+00    7.0681E+01
   1.2280E+00    7.0710E+01
   1.2290E+00    7.0740E+01
   1.2300E+00    7.0769E+01
   1.2310E+00    7.0798E+01
   1.2320E+00    7.0827E+01
   1.2330E+00    7.0857E+01
   1.2340E+00    7.0886E+01
   1.2350E+00    7.0915E+01
   1.2360E+00    7.0944E+01
   1.2370E+00    7.0973E+01
   1.2380E+00    7.1002E+01
   1.2390E+00    7.1031E+01
   1.2400E+00    7.1060E+01
   1.2410E+00    7.1089E+01
   1.2420E+00    7.1118E+01
   1.2430E+00    7.1146E+01
   1.2440E+00    7.1175E+01
   1.2450E+00    7.1204E+01
   1.2460E+00    7.1233E+01
   1.2470E+00    7.1262E+01
   1.2480E+00    7.1290E+01
   1.2490E+00    7.1319E+01
   1.2500E+00    7.1348E+01
   1.2510E+00    7.1376E+01
   1.2520E+00    7.1405E+01
   1.2530E+00    7.1434E+01
   1.2540E+00    7.1462E+01
   1.2550E+00    7.1491E+01
   1.2560E+00    7.1519E+01
   1.2570E+00    7.1548E+01
   1.2580E+00    7.1576E+01
   1.2590E+00    7.1604E+01
   1.2600E+00    7.1633E+01
   1.2610E+00    7.1661E+01
   1.2620E+00    7.1689E+01
   1.2630E+00    7.1718E+01
   1.2640E+00    7.1746E+01
   1.2650E+00    7.1774E+01
   1.2660E+00    7.1802E+01
   1.2670E+00    7.1831E+01
   1.2680E+00    7.1859E+01
   1.2690E+00    7.1887E+01
   1.2700E+00    7.1915E+01
   1.2710E+00    7.1943E+01
   1.2720E+00    7.1971E+01
   1.2730E+00    7.1999E+01
   1.2740E+00    7.2027E+01
   1.2750E+00    7.2055E+01
   1.2760E+00    7.2083E+01
   1.2770E+00    7.2111E+01
   1.2780E+00    7.2139E+01
   1.2790E+00    7.2167E+01
   1.2800E+00    7.2194E+01
   1.2810E+00    7.2222E+01
   1.2820E+00    7.2250E+01
   1.2830E+00    7.2278E+01
   1.2840E+00    7.2305E+01
   1.2850E+00    7.2333E+01
   1.2860E+00    7.2361E+01
   1.2870E+00    7.2388E+01
   1.2880E+00    7.2416E+01
   1.2890E+00    7.2444E+01
   1.2900E+00    7.2471E+01
   1.2910E+00    7.2499E+01
   1.2920E+00    7.2526E+01
   1.2930E+00    7.2554E+01
   1.2940E+00    7.2581E+01
   1.2950E+00    7.2608E+01
   1.2960E+00    7.2636E+01
   1.2970E+00    7.2663E+01
   1.2980E+00    7.2690E+01
   1.2990E+00    7.2718E+01
   1.3000E+00    7.2745E+01
   1.3010E+00    7.2772E+01
   1.3020E+00    7.2799E+01
   1.3030E+00    7.2827E+01
   1.3040E+00    7.2854E+01
   1.3050E+00    7.2881E+01
   1.3060E+00    7.2908E+01
   1.3070E+00    7.2935E+01
   1.3080E+00    7.2962E+01
   1.3090E+00    7.2989E+01
   1.3100E+00    7.3016E+01
   1.3110E+00    7.3043E+01
   1.3120E+00    7.3070E+01
   1.3130E+00    7.3097E+01
   1.3140E+00    7.3124E+01
   1.3150E+00    7.3151E+01
   1.3160E+00    7.3178E+01
   1.3170E+00    7.3204E+01
   1.3180E+00    7.3231E+01
   1.3190E+00    7.3258E+01
   1.3200E+00    7.3285E+01
   1.3210E+00    7.3311E+01
   1.3220E+00    7.3338E+01
   1.3230E+00    7.3365E+01
   1.3240E+00    7.3391E+01
   1.3250E+00    7.3418E+01
   1.3260E+00    7.3444E+01
   1.3270E+00    7.3471E+01
   1.3280E+00    7.3497E+01
   1.3290E+00    7.3524E+01
   1.3300E+00    7.3550E+01
   1.3310E+00    7.3577E+01
   1.3320E+00    7.3603E+01
   1.3330E+00    7.3630E+01
   1.3340E+00    7.3656E+01
   1.3350E+00    7.3682E+01
   1.3360E+00    7.3709E+01
   1.3370E+00    7.3735E+01
   1.3380E+00    7.3761E+01
   1.3390E+00    7.3787E+01
   1.3400E+00    7.3813E+01
   1.3410E+00    7.3840E+01
   1.3420E+00    7.3866E+01
   1.3430E+00    7.3892E+01
   1.3440E+00    7.3918E+01
   1.3450E+00    7.3944E+01
   1.3460E+00    7.3970E+01
   1.3470E+00    7.3996E+01
   1.3480E+00    7.4022E+01
   1.3490E+00    7.4048E+01
   1.3500E+00    7.4074E+01
   1.3510E+00    7.4100E+01
   1.3520E+00    7.4126E+01
   1.3530E+00    7.4152E+01
   1.3540E+00    7.4178E+01
   1.3550E+00    7.4203E+01
   1.3560E+00    7.4229E+01
   1.3570E+00    7.4255E+01
   1.3580E+00    7.4281E+01
   1.3590E+00    7.4306E+01
   1.3600E+00    7.4332E+01
   1.3610E+00    7.4358E+01
   1.3620E+00    7.4383E+01
   1.3630E+00    7.4409E+01
   1.3640E+00    7.4434E+01
   1.3650E+00    7.4460E+01
   1.3660E+00    7.4485E+01
   1.3670E+00    7.4511E+01
   1.3680E+00    7.4536E+01
   1.3690E+00    7.4562E+01
   1.3700E+00    7.4587E+01
   1.3710E+00    7.4613E+01
   1.3720E+00    7.4638E+01
   1.3730E+00    7.4663E+01
   1.3740E+00    7.4689E+01
   1.3750E+00    7.4714E+01
   1.3760E+00    7.4739E+01
   1.3770E+00    7.4765E+01
   1.3780E+00    7.4790E+01
   1.3790E+00    7.4815E+01
   1.3800E+00    7.4840E+01
   1.3810E+00    7.4865E+01
   1.3820E+00    7.4890E+01
   1.3830E+00    7.4915E+01
   1.3840E+00    7.4941E+01
   1.3850E+00    7.4966E+01
   1.3860E+00    7.4991E+01
   1.3870E+00    7.5016E+01
   1.3880E+00    7.5041E+01
   1.3890E+00    7.5066E+01
   1.3900E+00    7.5090E+01
   1.3910E+00    7.5115E+01
   1.3920E+00    7.5140E+01
   1.3930E+00    7.5165E+01
   1.3940E+00    7.5190E+01
   1.3950E+00    7.5215E+01
   1.3960E+00    7.5239E+01
   1.3970E+00    7.5264E+01
   1.3980E+00    7.5289E+01
   1.3990E+00    7.5314E+01
   1.4000E+00    7.5338E+01
   1.4010E+00    7.5363E+01
   1.4020E+00    7.5388E+01
   1.4030E+00    7.5412E+01
   1.4040E+00    7.5437E+01
   1.4050E+00    7.5461E+01
   1.4060E+00    7.5486E+01
   1.4070E+00    7.5510E+01
   1.4080E+00    7.5535E+01
   1.4090E+00    7.5559E+01
   1.4100E+00    7.5584E+01
   1.4110E+00    7.5608E+01
   1.4120E+00    7.5632E+01
   1.4130E+00    7.5657E+01
   1.4140E+00    7.5681E+01
   1.4150E+00    7.5705E+01
   1.4160E+00    7.5730E+01
   1.4170E+00    7.5754E+01
   1.4180E+00    7.5778E+01
   1.4190E+00    7.5802E+01
   1.4200E+00    7.5827E+01
   1.4210E+00    7.5851E+01
   1.4220E+00    7.5875E+01
   1.4230E+00    7.5899E+01
   1.4240E+00    7.5923E+01
   1.4250E+00    7.5947E+01
   1.4260E+00    7.5971E+01
   1.4270E+00    7.5995E+01
   1.4280E+00    7.6019E+01
   1.4290E+00    7.6043E+01
   1.4300E+00    7.6067E+01
   1.4310E+00    7.6091E+01
   1.4320E+00    7.6115E+01
   1.4330E+00    7.6139E+01
   1.4340E+00    7.6163E+01
   1.4350E+00    7.6186E+01
   1.4360E+00    7.6210E+01
   1.4370E+00    7.6234E+01
   1.4380E+00    7.6258E+01
   1.4390E+00    7.6281E+01
   1.4400E+00    7.6305E+01
   1.4410E+00    7.6329E+01
   1.4420E+00    7.6352E+01
   1.4430E+00    7.6376E+01
   1.4440E+00    7.6400E+01
   1.4450E+00    7.6423E+01
   1.4460E+00    7.6447E+01
   1.4470E+00    7.6470E+01
   1.4480E+00    7.6494E+01
   1.4490E+00    7.6517E+01
   1.4500E+00    7.6541E+01
   1.4510E+00    7.6564E+01
   1.4520E+00    7.6588E+01
   1.4530E+00    7.6611E+01
   1.4540E+00    7.6634E+01
   1.4550E+00    7.6658E+01
   1.4560E+00    7.6681E+01
   1.4570E+00    7.6704E+01
   1.4580E+00    7.6728E+01
   1.4590E+00    7.6751E+01
   1.4600E+00    7.6774E+01
   1.4610E+00    7.6797E+01
   1.4620E+00    7.6821E+01
   1.4630E+00    7.6844E+01
   1.4640E+00    7.6867E+01
   1.4650E+00    7.6890E+01
   1.4660E+00    7.6913E+01
   1.4670E+00    7.6936E+01
   1.4680E+00    7.6959E+01
   1.4690E+00    7.6982E+01
   1.4700E+00    7.7005E+01
   1.4710E+00    7.7028E+01
   1.4720E+00    7.7051E+01
   1.4730E+00    7.7074E+01
   1.4740E+00    7.7097E+01
   1.4750E+00    7.7120E+01
   1.4760E+00    7.7143E+01
   1.4770E+00    7.7166E+01
   1.4780E+00    7.7188E+01
   1.4790E+00    7.7211E+01
   1.4800E+00    7.7234E+01
   1.4810E+00    7.7257E+01
   1.4820E+00    7.7280E+01
   1.4830E+00    7.7302E+01
   1.4840E+00    7.7325E+01
   1.4850E+00    7.7348E+01
   1.4860E+00    7.7370E+01
   1.4870E+00    7.7393E+01
   1.4880E+00    7.7415E+01
   1.4890E+00    7.7438E+01
   1.4900E+00    7.7461E+01
   1.4910E+00    7.7483E+01
   1.4920E+00    7.7506E+01
   1.4930E+00    7.7528E+01
   1.4940E+00    7.7551E+01
   1.4950E+00    7.7573E+01
   1.4960E+00    7.7595E+01
   1.4970E+00    7.7618E+01
   1.4980E+00    7.7640E+01
   1.4990E+00    7.7662E+01
   1.5000E+00    7.7685E+01
   1.5010E+00    7.7707E+01
   1.5020E+00    7.7729E+01
   1.5030E+00    7.7752E+01
   1.5040E+00    7.7774E+01
   1.5050E+00    7.7796E+01
   1.5060E+00    7.7818E+01
   1.5070E+00    7.7840E+01
   1.5080E+00    7.7863E+01
   1.5090E+00    7.7885E+01
   1.5100E+00    7.7907E+01
   1.5110E+00    7.7929E+01
   1.5120E+00    7.7951E+01
   1.5130E+00    7.7973E+01
   1.5140E+00    7.7995E+01
   1.5150E+00    7.8017E+01
   1.5160E+00    7.8039E+01
   1.5170E+00    7.8061E+01
   1.5180E+00    7.8083E+01
   1.5190E+00    7.8105E+01
   1.5200E+00    7.8127E+01
   1.5210E+00    7.8148E+01
   1.5220E+00    7.8170E+01
   1.5230E+00    7.8192E+01
   1.5240E+00    7.8214E+01
   1.5250E+00    7.8236E+01
   1.5260E+00    7.8257E+01
   1.5270E+00    7.8279E+01
   1.5280E+00    7.8301E+01
   1.5290E+00    7.8323E+01
   1.5300E+00    7.8344E+01
   1.5310E+00    7.8366E+01
   1.5320E+00    7.8387E+01
   1.5330E+00    7.8409E+01
   1.5340E+00    7.8431E+01
   1.5350E+00    7.8452E+01
   1.5360E+00    7.8474E+01
   1.5370E+00    7.8495E+01
   1.5380E+00    7.8517E+01
   1.5390E+00    7.8538E+01
   1.5400E+00    7.8560E+01
   1.5410E+00    7.8581E+01
   1.5420E+00    7.8602E+01
   1.5430E+00    7.8624E+01
   1.5440E+00    7.8645E+01
   1.5450E+00    7.8667E+01
   1.5460E+00    7.8688E+01
   1.5470E+00    7.8709E+01
   1.5480E+00    7.8730E+01
   1.5490E+00    7.8752E+01
   1.5500E+00    7.8773E+01
   1.5510E+00    7.8794E+01
   1.5520E+00    7.8815E+01
   1.5530E+00    7.8836E+01
   1.5540E+00    7.8858E+01
   1.5550E+00    7.8879E+01
   1.5560E+00    7.8900E+01
   1.5570E+00    7.8921E+01
   1.5580E+00    7.8942E+01
   1.5590E+00    7.8963E+01
   1.5600E+00    7.8984E+01
   1.5610E+00    7.9005E+01
   1.5620E+00    7.9026E+01
   1.5630E+00    7.9047E+01
   1.5640E+00    7.9068E+01
   1.5650E+00    7.9089E+01
   1.5660E+00    7.9110E+01
   1.5670E+00    7.9131E+01
   1.5680E+00    7.9152E+01
   1.5690E+00    7.9172E+01
   1.5700E+00    7.9193E+01
   1.5710E+00    7.9214E+01
   1.5720E+00    7.9235E+01
   1.5730E+00    7.9255E+01
   1.5740E+00    7.9276E+01
   1.5750E+00    7.9297E+01
   1.5760E+00    7.9318E+01
   1.5770E+00    7.9338E+01
   1.5780E+00    7.9359E+01
   1.5790E+00    7.9380E+01
   1.5800E+00    7.9400E+01
   1.5810E+00    7.9421E+01
   1.5820E+00    7.9441E+01
   1.5830E+00    7.9462E+01
   1.5840E+00    7.9482E+01
   1.5850E+00    7.9503E+01
   1.5860E+00    7.9523E+01
   1.5870E+00    7.9544E+01
   1.5880E+00    7.9564E+01
   1.5890E+00    7.9585E+01
   1.5900E+00    7.9605E+01
   1.5910E+00    7.9625E+01
   1.5920E+00    7.9646E+01
   1.5930E+00    7.9666E+01
   1.5940E+00    7.9686E+01
   1.5950E+00    7.9707E+01
   1.5960E+00    7.9727E+01
   1.5970E+00    7.9747E+01
   1.5980E+00    7.9768E+01
   1.5990E+00    7.9788E+01
   1.6000E+00    7.9808E+01
   1.6010E+00    7.9828E+01
   1.6020E+00    7.9848E+01
   1.6030E+00    7.9868E+01
   1.6040E+00    7.9889E+01
   1.6050E+00    7.9909E+01
   1.6060E+00    7.9929E+01
   1.6070E+00    7.9949E+01
   1.6080E+00    7.9969E+01
   1.6090E+00    7.9989E+01
   1.6100E+00    8.0009E+01
   1.6110E+00    8.0029E+01
   1.6120E+00    8.0049E+01
   1.6130E+00    8.0069E+01
   1.6140E+00    8.0089E+01
   1.6150E+00    8.0109E+01
   1.6160E+00    8.0128E+01
   1.6170E+00    8.0148E+01
   1.6180E+00    8.0168E+01
   1.6190E+00    8.0188E+01
   1.6200E+00    8.0208E+01
   1.6210E+00    8.0228E+01
   1.6220E+00    8.0247E+01
   1.6230E+00    8.0267E+01
   1.6240E+00    8.0287E+01
   1.6250E+00    8.0306E+01
   1.6260E+00    8.0326E+01
   1.6270E+00    8.0346E+01
   1.6280E+00    8.0365E+01
   1.6290E+00    8.0385E+01
   1.6300E+00    8.0405E+01
   1.6310E+00    8.0424E+01
   1.6320E+00    8.0444E+01
   1.6330E+00    8.0463E+01
   1.6340E+00    8.0483E+01
   1.6350E+00    8.0502E+01
   1.6360E+00    8.0522E+01
   1.6370E+00    8.0541E+01
   1.6380E+00    8.0561E+01
   1.6390E+00    8.0580E+01
   1.6400E+00    8.0600E+01
   1.6410E+00    8.0619E+01
   1.6420E+00    8.0638E+01
   1.6430E+00    8.0658E+01
   1.6440E+00    8.0677E+01
   1.6450E+00    8.0696E+01
   1.6460E+00    8.0716E+01
   1.6470E+00    8.0735E+01
   1.6480E+00    8.0754E+01
   1.6490E+00    8.0773E+01
   1.6500E+00    8.0793E+01
   1.6510E+00    8.0812E+01
   1.6520E+00    8.0831E+01
   1.6530E+00    8.0850E+01
   1.6540E+00    8.0869E+01
   1.6550E+00    8.0888E+01
   1.6560E+00    8.0907E+01
   1.6570E+00    8.0927E+01
   1.6580E+00    8.0946E+01
   1.6590E+00    8.0965E+01
   1.6600E+00    8.0984E+01
   1.6610E+00    8.1003E+01
   1.6620E+00    8.1022E+01
   1.6630E+00    8.1041E+01
   1.6640E+00    8.1060E+01
   1.6650E+00    8.1078E+01
   1.6660E+00    8.1097E+01
   1.6670E+00    8.1116E+01
   1.6680E+00    8.1135E+01
   1.6690E+00    8.1154E+01
   1.6700E+00    8.1173E+01
   1.6710E+00    8.1192E+01
   1.6720E+00    8.1210E+01
   1.6730E+00    8.1229E+01
   1.6740E+00    8.1248E+01
   1.6750E+00    8.1267E+01
   1.6760E+00    8.1285E+01
   1.6770E+00    8.1304E+01
   1.6780E+00    8.1323E+01
   1.6790E+00    8.1341E+01
   1.6800E+00    8.1360E+01
   1.6810E+00    8.1379E+01
   1.6820E+00    8.1397E+01
   1.6830E+00    8.1416E+01
   1.6840E+00    8.1434E+01
   1.6850E+00    8.1453E+01
   1.6860E+00    8.1472E+01
   1.6870E+00    8.1490E+01
   1.6880E+00    8.1509E+01
   1.6890E+00    8.1527E+01
   1.6900E+00    8.1546E+01
   1.6910E+00    8.1564E+01
   1.6920E+00    8.1582E+01
   1.6930E+00    8.1601E+01
   1.6940E+00    8.1619E+01
   1.6950E+00    8.1638E+01
   1.6960E+00    8.1656E+01
   1.6970E+00    8.1674E+01
   1.6980E+00    8.1693E+01
   1.6990E+00    8.1711E+01
   1.7000E+00    8.1729E+01
   1.7010E+00    8.1747E+01
   1.7020E+00    8.1766E+01
   1.7030E+00    8.1784E+01
   1.7040E+00    8.1802E+01
   1.7050E+00    8.1820E+01
   1.7060E+00    8.1838E+01
   1.7070E+00    8.1857E+01
   1.7080E+00    8.1875E+01
   1.7090E+00    8.1893E+01
   1.7100E+00    8.1911E+01
   1.7110E+00    8.1929E+01
   1.7120E+00    8.1947E+01
   1.7130E+00    8.1965E+01
   1.7140E+00    8.1983E+01
   1.7150E+00    8.2001E+01
   1.7160E+00    8.2019E+01
   1.7170E+00    8.2037E+01
   1.7180E+00    8.2055E+01
   1.7190E+00    8.2073E+01
   1.7200E+00    8.2091E+01
   1.7210E+00    8.2109E+01
   1.7220E+00    8.2127E+01
   1.7230E+00    8.2144E+01
   1.7240E+00    8.2162E+01
   1.7250E+00    8.2180E+01
   1.7260E+00    8.2198E+01
   1.7270E+00    8.2216E+01
   1.7280E+00    8.2233E+01
   1.7290E+00    8.2251E+01
   1.7300E+00    8.2269E+01
   1.7310E+00    8.2287E+01
   1.7320E+00    8.2304E+01
   1.7330E+00    8.2322E+01
   1.7340E+00    8.2340E+01
   1.7350E+00    8.2357E+01
   1.7360E+00    8.2375E+01
   1.7370E+00    8.2393E+01
   1.7380E+00    8.2410E+01
   1.7390E+00    8.2428E+01
   1.7400E+00    8.2445E+01
   1.7410E+00    8.2463E+01
   1.7420E+00    8.2480E+01
   1.7430E+00    8.2498E+01
   1.7440E+00    8.2515E+01
   1.7450E+00    8.2533E+01
   1.7460E+00    8.2550E+01
   1.7470E+00    8.2568E+01
   1.7480E+00    8.2585E+01
   1.7490E+00    8.2603E+01
   1.7500E+00    8.2620E+01
   1.7510E+00    8.2637E+01
   1.7520E+00    8.2655E+01
   1.7530E+00    8.2672E+01
   1.7540E+00    8.2689E+01
   1.7550E+00    8.2707E+01
   1.7560E+00    8.2724E+01
   1.7570E+00    8.2741E+01
   1.7580E+00    8.2758E+01
   1.7590E+00    8.2776E+01
   1.7600E+00    8.2793E+01
   1.7610E+00    8.2810E+01
   1.7620E+00    8.2827E+01
   1.7630E+00    8.2844E+01
   1.7640E+00    8.2862E+01
   1.7650E+00    8.2879E+01
   1.7660E+00    8.2896E+01
   1.7670E+00    8.2913E+01
   1.7680E+00    8.2930E+01
   1.7690E+00    8.2947E+01
   1.7700E+00    8.2964E+01
   1.7710E+00    8.2981E+01
   1.7720E+00    8.2998E+01
   1.7730E+00    8.3015E+01
   1.7740E+00    8.3032E+01
   1.7750E+00    8.3049E+01
   1.7760E+00    8.3066E+01
   1.7770E+00    8.3083E+01
   1.7780E+00    8.3100E+01
   1.7790E+00    8.3117E+01
   1.7800E+00    8.3134E+01
   1.7810E+00    8.3150E+01
   1.7820E+00    8.3167E+01
   1.7830E+00    8.3184E+01
   1.7840E+00    8.3201E+01
   1.7850E+00    8.3218E+01
   1.7860E+00    8.3234E+01
   1.7870E+00    8.3251E+01
   1.7880E+00    8.3268E+01
   1.7890E+00    8.3285E+01
   1.7900E+00    8.3301E+01
   1.7910E+00    8.3318E+01
   1.7920E+00    8.3335E+01
   1.7930E+00    8.3351E+01
   1.7940E+00    8.3368E+01
   1.7950E+00    8.3385E+01
   1.7960E+00    8.3401E+01
   1.7970E+00    8.3418E+01
   1.7980E+00    8.3434E+01
   1.7990E+00    8.3451E+01
   1.8000E+00    8.3467E+01
   1.8010E+00    8.3484E+01
   1.8020E+00    8.3500E+01
   1.8030E+00    8.3517E+01
   1.8040E+00    8.3533E+01
   1.8050E+00    8.3550E+01
   1.8060E+00    8.3566E+01
   1.8070E+00    8.3583E+01
   1.8080E+00    8.3599E+01
   1.8090E+00    8.3616E+01
   1.8100E+00    8.3632E+01
   1.8110E+00    8.3648E+01
   1.8120E+00    8.3665E+01
   1.8130E+00    8.3681E+01
   1.8140E+00    8.3697E+01
   1.8150E+00    8.3714E+01
   1.8160E+00    8.3730E+01
   1.8170E+00    8.3746E+01
   1.8180E+00    8.3762E+01
   1.8190E+00    8.3779E+01
   1.8200E+00    8.3795E+01
   1.8210E+00    8.3811E+01
   1.8220E+00    8.3827E+01
   1.8230E+00    8.3843E+01
   1.8240E+00    8.3859E+01
   1.8250E+00    8.3876E+01
   1.8260E+00    8.3892E+01
   1.8270E+00    8.3908E+01
   1.8280E+00    8.3924E+01
   1.8290E+00    8.3940E+01
   1.8300E+00    8.3956E+01
   1.8310E+00    8.3972E+01
   1.8320E+00    8.3988E+01
   1.8330E+00    8.4004E+01
   1.8340E+00    8.4020E+01
   1.8350E+00    8.4036E+01
   1.8360E+00    8.4052E+01
   1.8370E+00    8.4068E+01
   1.8380E+00    8.4084E+01
   1.8390E+00    8.4100E+01
   1.8400E+00    8.4116E+01
   1.8410E+00    8.4131E+01
   1.8420E+00    8.4147E+01
   1.8430E+00    8.4163E+01
   1.8440E+00    8.4179E+01
   1.8450E+00    8.4195E+01
   1.8460E+00    8.4211E+01
   1.8470E+00    8.4226E+01
   1.8480E+00    8.4242E+01
   1.8490E+00    8.4258E+01
   1.8500E+00    8.4274E+01
   1.8510E+00    8.4289E+01
   1.8520E+00    8.4305E+01
   1.8530E+00    8.4321E+01
   1.8540E+00    8.4336E+01
   1.8550E+00    8.4352E+01
   1.8560E+00    8.4368E+01
   1.8570E+00    8.4383E+01
   1.8580E+00    8.4399E+01
   1.8590E+00    8.4414E+01
   1.8600E+00    8.4430E+01
   1.8610E+00    8.4446E+01
   1.8620E+00    8.4461E+01
   1.8630E+00    8.4477E+01
   1.8640E+00    8.4492E+01
   1.8650E+00    8.4508E+01
   1.8660E+00    8.4523E+01
   1.8670E+00    8.4539E+01
   1.8680E+00    8.4554E+01
   1.8690E+00    8.4569E+01
   1.8700E+00    8.4585E+01
   1.8710E+00    8.4600E+01
   1.8720E+00    8.4616E+01
   1.8730E+00    8.4631E+01
   1.8740E+00    8.4646E+01
   1.8750E+00    8.4662E+01
   1.8760E+00    8.4677E+01
   1.8770E+00    8.4692E+01
   1.8780E+00    8.4708E+01
   1.8790E+00    8.4723E+01
   1.8800E+00    8.4738E+01
   1.8810E+00    8.4753E+01
   1.8820E+00    8.4769E+01
   1.8830E+00    8.4784E+01
   1.8840E+00    8.4799E+01
   1.8850E+00    8.4814E+01
   1.8860E+00    8.4829E+01
   1.8870E+00    8.4845E+01
   1.8880E+00    8.4860E+01
   1.8890E+00    8.4875E+01
   1.8900E+00    8.4890E+01
   1.8910E+00    8.4905E+01
   1.8920E+00    8.4920E+01
   1.8930E+00    8.4935E+01
   1.8940E+00    8.4950E+01
   1.8950E+00    8.4965E+01
   1.8960E+00    8.4980E+01
   1.8970E+00    8.4995E+01
   1.8980E+00    8.5010E+01
   1.8990E+00    8.5025E+01
   1.9000E+00    8.5040E+01
   1.9010E+00    8.5055E+01
   1.9020E+00    8.5070E+01
   1.9030E+00    8.5085E+01
   1.9040E+00    8.5100E+01
   1.9050E+00    8.5115E+01
   1.9060E+00    8.5130E+01
   1.9070E+00    8.5145E+01
   1.9080E+00    8.5159E+01
   1.9090E+00    8.5174E+01
   1.9100E+00    8.5189E+01
   1.9110E+00    8.5204E+01
   1.9120E+00    8.5219E+01
   1.9130E+00    8.5233E+01
   1.9140E+00    8.5248E+01
   1.9150E+00    8.5263E+01
   1.9160E+00    8.5278E+01
   1.9170E+00    8.5292E+01
   1.9180E+00    8.5307E+01
   1.9190E+00    8.5322E+01
   1.9200E+00    8.5336E+01
   1.9210E+00    8.5351E+01
   1.9220E+00    8.5366E+01
   1.9230E+00    8.5380E+01
   1.9240E+00    8.5395E+01
   1.9250E+00    8.5410E+01
   1.9260E+00    8.5424E+01
   1.9270E+00    8.5439E+01
   1.9280E+00    8.5453E+01
   1.9290E+00    8.5468E+01
   1.9300E+00    8.5482E+01
   1.9310E+00    8.5497E+01
   1.9320E+00    8.5511E+01
   1.9330E+00    8.5526E+01
   1.9340E+00    8.5540E+01
   1.9350E+00    8.5555E+01
   1.9360E+00    8.5569E+01
   1.9370E+00    8.5584E+01
   1.9380E+00    8.5598E+01
   1.9390E+00    8.5612E+01
   1.9400E+00    8.5627E+01
   1.9410E+00    8.5641E+01
   1.9420E+00    8.5655E+01
   1.9430E+00    8.5670E+01
   1.9440E+00    8.5684E+01
   1.9450E+00    8.5698E+01
   1.9460E+00    8.5713E+01
   1.9470E+00    8.5727E+01
   1.9480E+00    8.5741E+01
   1.9490E+00    8.5755E+01
   1.9500E+00    8.5770E+01
   1.9510E+00    8.5784E+01
   1.9520E+00    8.5798E+01
   1.9530E+00    8.5812E+01
   1.9540E+00    8.5826E+01
   1.9550E+00    8.5841E+01
   1.9560E+00    8.5855E+01
   1.9570E+00    8.5869E+01
   1.9580E+00    8.5883E+01
   1.9590E+00    8.5897E+01
   1.9600E+00    8.5911E+01
   1.9610E+00    8.5925E+01
   1.9620E+00    8.5939E+01
   1.9630E+00    8.5953E+01
   1.9640E+00    8.5967E+01
   1.9650E+00    8.5981E+01
   1.9660E+00    8.5995E+01
   1.9670E+00    8.6009E+01
   1.9680E+00    8.6023E+01
   1.9690E+00    8.6037E+01
   1.9700E+00    8.6051E+01
   1.9710E+00    8.6065E+01
   1.9720E+00    8.6079E+01
   1.9730E+00    8.6093E+01
   1.9740E+00    8.6107E+01
   1.9750E+00    8.6121E+01
   1.9760E+00    8.6135E+01
   1.9770E+00    8.6149E+01
   1.9780E+00    8.6162E+01
   1.9790E+00    8.6176E+01
   1.9800E+00    8.6190E+01
   1.9810E+00    8.6204E+01
   1.9820E+00    8.6218E+01
   1.9830E+00    8.6231E+01
   1.9840E+00    8.6245E+01
   1.9850E+00    8.6259E+01
   1.9860E+00    8.6273E+01
   1.9870E+00    8.6286E+01
   1.9880E+00    8.6300E+01
   1.9890E+00    8.6314E+01
   1.9900E+00    8.6328E+01
   1.9910E+00    8.6341E+01
   1.9920E+00    8.6355E+01
   1.9930E+00    8.6368E+01
   1.9940E+00    8.6382E+01
   1.9950E+00    8.6396E+01
   1.9960E+00    8.6409E+01
   1.9970E+00    8.6423E+01
   1.9980E+00    8.6436E+01
   1.9990E+00    8.6450E+01
   2.0000E+00    8.6464E+01
