# node 1
   0.0000E+00    0.0000E+00
   1.0000E-03    4.9956E-01
   2.0000E-03    9.9823E-01
   3.0000E-03    1.4960E+00
   4.0000E-03    1.9929E+00
   5.0000E-03    2.4889E+00
   6.0000E-03    2.9841E+00
   7.0000E-03    3.4783E+00
   8.0000E-03    3.9717E+00
   9.0000E-03    4.4642E+00
   1.0000E-02    4.9558E+00
   1.1000E-02    5.4466E+00
   1.2000E-02    5.9364E+00
   1.3000E-02    6.4254E+00
   1.4000E-02    6.9135E+00
   1.5000E-02    7.4008E+00
   1.6000E-02    7.8871E+00
   1.7000E-02    8.3726E+00
   1.8000E-02    8.8573E+00
   1.9000E-02    9.3410E+00
   2.0000E-02    9.8239E+00
   2.1000E-02    1.0306E+01
   2.2000E-02    1.0787E+01
   2.3000E-02    1.1267E+01
   2.4000E-02    1.1747E+01
   2.5000E-02    1.2225E+01
   2.6000E-02    1.2703E+01
   2.7000E-02    1.3180E+01
   2.8000E-02    1.3656E+01
   2.9000E-02    1.4131E+01
   3.0000E-02    1.4605E+01
   3.1000E-02    1.5078E+01
   3.2000E-02    1.5551E+01
   3.3000E-02    1.6023E+01
   3.4000E-02    1.6493E+01
   3.5000E-02    1.6963E+01
   3.6000E-02    1.7432E+01
   3.7000E-02    1.7901E+01
   3.8000E-02    1.8368E+01
   3.9000E-02    1.8835E+01
   4.0000E-02    1.9300E+01
   4.1000E-02    1.9765E+01
   4.2000E-02    2.0229E+01
   4.3000E-02    2.0692E+01
   4.4000E-02    2.1154E+01
   4.5000E-02    2.1616E+01
   4.6000E-02    2.2076E+01
   4.7000E-02    2.2536E+01
   4.8000E-02    2.2995E+01
   4.9000E-02    2.3453E+01
   5.0000E-02    2.3910E+01
   5.1000E-02    2.4367E+01
   5.2000E-02    2.4822E+01
   5.3000E-02    2.5277E+01
   5.4000E-02    2.5731E+01
   5.5000E-02    2.6184E+01
   5.6000E-02    2.6636E+01
   5.7000E-02    2.7087E+01
   5.8000E-02    2.7537E+01
   5.9000E-02    2.7987E+01
   6.0000E-02    2.8436E+01
   6.1000E-02    2.8884E+01
   6.2000E-02    2.9331E+01
   6.3000E-02    2.9777E+01
   6.4000E-02    3.0223E+01
   6.5000E-02    3.0667E+01
   6.6000E-02    3.1111E+01
   6.7000E-02    3.1554E+01
   6.8000E-02    3.1996E+01
   6.9000E-02    3.2438E+01
   7.0000E-02    3.2878E+01
   7.1000E-02    3.3318E+01
   7.2000E-02    3.3757E+01
   7.3000E-02    3.4195E+01
   7.4000E-02    3.4632E+01
   7.5000E-02    3.5068E+01
   7.6000E-02    3.5504E+01
   7.7000E-02    3.5938E+01
   7.8000E-02    3.6372E+01
   7.9000E-02    3.6805E+01
   8.0000E-02    3.7238E+01
   8.1000E-02    3.7669E+01
   8.2000E-02    3.8100E+01
   8.3000E-02    3.8529E+01
   8.4000E-02    3.8958E+01
   8.5000E-02    3.9387E+01
   8.6000E-02    3.9814E+01
   8.7000E-02    4.0240E+01
   8.8000E-02    4.0666E+01
   8.9000E-02    4.1091E+01
   9.0000E-02    4.1515E+01
   9.1000E-02    4.1939E+01
   9.2000E-02    4.2361E+01
   9.3000E-02    4.2783E+01
   9.4000E-02    4.3204E+01
   9.5000E-02    4.3624E+01
   9.6000E-02    4.4043E+01
   9.7000E-02    4.4461E+01
   9.8000E-02    4.4879E+01
   9.9000E-02    4.5296E+01
   1.0000E-01    4.5712E+01
   1.0100E-01    4.6127E+01
   1.0200E-01    4.6542E+01
   1.0300E-01    4.6955E+01
   1.0400E-01    4.7368E+01
   1.0500E-01    4.7780E+01
   1.0600E-01    4.8191E+01
   1.0700E-01    4.8602E+01
   1.0800E-01    4.9011E+01
   1.0900E-01    4.9420E+01
   1.1000E-01    4.9828E+01
   1.1100E-01    5.0236E+01
   1.1200E-01    5.0642E+01
   1.1300E-01    5.1048E+01
   1.1400E-01    5.1453E+01
   1.1500E-01    5.1857E+01
   1.1600E-01    5.2260E+01
   1.1700E-01    5.2663E+01
   1.1800E-01    5.3064E+01
   1.1900E-01    5.3465E+01
   1.2000E-01    5.3865E+01
   1.2100E-01    5.4265E+01
   1.2200E-01    5.4663E+01
   1.2300E-01    5.5061E+01
   1.2400E-01    5.5458E+01
   1.2500E-01    5.5854E+01
   1.2600E-01    5.6250E+01
   1.2700E-01    5.6645E+01
   1.2800E-01    5.7038E+01
   1.2900E-01    5.7432E+01
   1.3000E-01    5.7824E+01
   1.3100E-01    5.8215E+01
   1.3200E-01    5.8606E+01
   1.3300E-01    5.8996E+01
   1.3400E-01    5.9385E+01
   1.3500E-01    5.9774E+01
   1.3600E-01    6.0162E+01
   1.3700E-01    6.0548E+01
   1.3800E-01    6.0935E+01
   1.3900E-01    6.1320E+01
   1.4000E-01    6.1704E+01
   1.4100E-01    6.2088E+01
   1.4200E-01    6.2471E+01
   1.4300E-01    6.2854E+01
   1.4400E-01    6.3235E+01
   1.4500E-01    6.3616E+01
   1.4600E-01    6.3996E+01
   1.4700E-01    6.4375E+01
   1.4800E-01    6.4753E+01
   1.4900E-01    6.5131E+01
   1.5000E-01    6.5508E+01
   1.5100E-01    6.5884E+01
   1.5200E-01    6.6260E+01
   1.5300E-01    6.6634E+01
   1.5400E-01    6.7008E+01
   1.5500E-01    6.7381E+01
   1.5600E-01    6.7753E+01
   1.5700E-01    6.8125E+01
   1.5800E-01    6.8496E+01
   1.5900E-01    6.8866E+01
   1.6000E-01    6.9235E+01
   1.6100E-01    6.9604E+01
   1.6200E-01    6.9972E+01
   1.6300E-01    7.0339E+01
   1.6400E-01    7.0705E+01
   1.6500E-01    7.1070E+01
   1.6600E-01    7.1435E+01
   1.6700E-01    7.1799E+01
   1.6800E-01    7.2163E+01
   1.6900E-01    7.2525E+01
   1.7000E-01    7.2887E+01
   1.7100E-01    7.3248E+01
   1.7200E-01    7.3608E+01
   1.7300E-01    7.3968E+01
   1.7400E-01    7.4327E+01
   1.7500E-01    7.4685E+01
   1.7600E-01    7.5042E+01
   1.7700E-01    7.5399E+01
   1.7800E-01    7.5754E+01
   1.7900E-01    7.6110E+01
   1.8000E-01    7.6464E+01
   1.8100E-01    7.6817E+01
   1.8200E-01    7.7170E+01
   1.8300E-01    7.7522E+01
   1.8400E-01    7.7874E+01
   1.8500E-01    7.8224E+01
   1.8600E-01    7.8574E+01
   1.8700E-01    7.8924E+01
   1.8800E-01    7.9272E+01
   1.8900E-01    7.9620E+01
   1.9000E-01    7.9967E+01
   1.9100E-01    8.0313E+01
   1.9200E-01    8.0658E+01
   1.9300E-01    8.1003E+01
   1.9400E-01    8.1347E+01
   1.9500E-01    8.1691E+01
   1.9600E-01    8.2033E+01
   1.9700E-01    8.2375E+01
   1.9800E-01    8.2716E+01
   1.9900E-01    8.3057E+01
   2.0000E-01    8.3396E+01
   2.0100E-01    8.3735E+01
   2.0200E-01    8.4073E+01
   2.0300E-01    8.4411E+01
   2.0400E-01    8.4748E+01
   2.0500E-01    8.5084E+01
   2.0600E-01    8.5419E+01
   2.0700E-01    8.5754E+01
   2.0800E-01    8.6088E+01
   2.0900E-01    8.6421E+01
   2.1000E-01    8.6753E+01
   2.1100E-01    8.7085E+01
   2.1200E-01    8.7416E+01
   2.1300E-01    8.7746E+01
   2.1400E-01    8.8076E+01
   2.1500E-01    8.8405E+01
   2.1600E-01    8.8733E+01
   2.1700E-01    8.9060E+01
   2.1800E-01    8.9387E+01
   2.1900E-01    8.9713E+01
   2.2000E-01    9.0038E+01
   2.2100E-01    9.0363E+01
   2.2200E-01    9.0687E+01
   2.2300E-01    9.1010E+01
   2.2400E-01    9.1333E+01
   2.2500E-01    9.1654E+01
   2.2600E-01    9.1975E+01
   2.2700E-01    9.2296E+01
   2.2800E-01    9.2615E+01
   2.2900E-01    9.2934E+01
   2.3000E-01    9.3252E+01
   2.3100E-01    9.3570E+01
   2.3200E-01    9.3887E+01
   2.3300E-01    9.4203E+01
   2.3400E-01    9.4518E+01
   2.3500E-01    9.4833E+01
   2.3600E-01    9.5147E+01
   2.3700E-01    9.5460E+01
   2.3800E-01    9.5773E+01
   2.3900E-01    9.6085E+01
   2.4000E-01    9.6396E+01
   2.4100E-01    9.6706E+01
   2.4200E-01    9.7016E+01
   2.4300E-01    9.7325E+01
   2.4400E-01    9.7634E+01
   2.4500E-01    9.7942E+01
   2.4600E-01    9.8249E+01
   2.4700E-01    9.8555E+01
   2.4800E-01    9.8861E+01
   2.4900E-01    9.9166E+01
   2.5000E-01    9.9470E+01
   2.5100E-01    9.9773E+01
   2.5200E-01    1.0008E+02
   2.5300E-01    1.0038E+02
   2.5400E-01    1.0068E+02
   2.5500E-01    1.0098E+02
   2.5600E-01    1.0128E+02
   2.5700E-01    1.0158E+02
   2.5800E-01    1.0188E+02
   2.5900E-01    1.0218E+02
   2.6000E-01    1.0247E+02
   2.6100E-01    1.0277E+02
   2.6200E-01    1.0307E+02
   2.6300E-01    1.0336E+02
   2.6400E-01    1.0366E+02
   2.6500E-01    1.0395E+02
   2.6600E-01    1.0424E+02
   2.6700E-01    1.0454E+02
   2.6800E-01    1.0483E+02
   2.6900E-01    1.0512E+02
   2.7000E-01    1.0541E+02
   2.7100E-01    1.0570E+02
   2.7200E-01    1.0599E+02
   2.7300E-01    1.0628E+02
   2.7400E-01    1.0657E+02
   2.7500E-01    1.0685E+02
   2.7600E-01    1.0714E+02
   2.7700E-01    1.0743E+02
   2.7800E-01    1.0771E+02
   2.7900E-01    1.0800E+02
   2.8000E-01    1.0828E+02
   2.8100E-01    1.0856E+02
   2.8200E-01    1.0885E+02
   2.8300E-01    1.0913E+02
   2.8400E-01    1.0941E+02
   2.8500E-01    1.0969E+02
   2.8600E-01    1.0997E+02
   2.8700E-01    1.1025E+02
   2.8800E-01    1.1053E+02
   2.8900E-01    1.1080E+02
   2.9000E-01    1.1108E+02
   2.9100E-01    1.1136E+02
   2.9200E-01    1.1163E+02
   2.9300E-01    1.1191E+02
   2.9400E-01    1.1218E+02
   2.9500E-01    1.1246E+02
   2.9600E-01    1.1273E+02
   2.9700E-01    1.1300E+02
   2.9800E-01    1.1328E+02
   2.9900E-01    1.1355E+02
   3.0000E-01    1.1382E+02
   3.0100E-01    1.1409E+02
   3.0200E-01    1.1436E+02
   3.0300E-01    1.1462E+02
   3.0400E-01    1.1489E+02
   3.0500E-01    1.1516E+02
   3.0600E-01    1.1543E+02
   3.0700E-01    1.1569E+02
   3.0800E-01    1.1596E+02
   3.0900E-01    1.1622E+02
   3.1000E-01    1.1649E+02
   3.1100E-01    1.1675E+02
   3.1200E-01    1.1701E+02
   3.1300E-01    1.1728E+02
   3.1400E-01    1.1754E+02
   3.1500E-01    1.1780E+02
   3.1600E-01    1.1806E+02
   3.1700E-01    1.1832E+02
   3.1800E-01    1.1858E+02
   3.1900E-01    1.1883E+02
   3.2000E-01    1.1909E+02
   3.2100E-01    1.1935E+02
   3.2200E-01    1.1960E+02
   3.2300E-01    1.1986E+02
   3.2400E-01    1.2012E+02
   3.2500E-01    1.2037E+02
   3.2600E-01    1.2062E+02
   3.2700E-01    1.2088E+02
   3.2800E-01    1.2113E+02
   3.2900E-01    1.2138E+02
   3.3000E-01    1.2163E+02
   3.3100E-01    1.2188E+02
   3.3200E-01    1.2213E+02
   3.3300E-01    1.2238E+02
   3.3400E-01    1.2263E+02
   3.3500E-01    1.2288E+02
   3.3600E-01    1.2313E+02
   3.3700E-01    1.2337E+02
   3.3800E-01    1.2362E+02
   3.3900E-01    1.2386E+02
   3.4000E-01    1.2411E+02
   3.4100E-01    1.2435E+02
   3.4200E-01    1.2460E+02
   3.4300E-01    1.2484E+02
   3.4400E-01    1.2508E+02
   3.4500E-01    1.2532E+02
   3.4600E-01    1.2556E+02
   3.4700E-01    1.2580E+02
   3.4800E-01    1.2604E+02
   3.4900E-01    1.2628E+02
   3.5000E-01    1.2652E+02
   3.5100E-01    1.2676E+02
   3.5200E-01    1.2700E+02
   3.5300E-01    1.2723E+02
   3.5400E-01    1.2747E+02
   3.5500E-01    1.2771E+02
   3.5600E-01    1.2794E+02
   3.5700E-01    1.2817E+02
   3.5800E-01    1.2841E+02
   3.5900E-01    1.2864E+02
   3.6000E-01    1.2887E+02
   3.6100E-01    1.2911E+02
   3.6200E-01    1.2934E+02
   3.6300E-01    1.2957E+02
   3.6400E-01    1.2980E+02
   3.6500E-01    1.3003E+02
   3.6600E-01    1.3025E+02
   3.6700E-01    1.3048E+02
   3.6800E-01    1.3071E+02
   3.6900E-01    1.3094E+02
   3.7000E-01    1.3116E+02
   3.7100E-01    1.3139E+02
   3.7200E-01    1.3161E+02
   3.7300E-01    1.3184E+02
   3.7400E-01    1.3206E+02
   3.7500E-01    1.3228E+02
   3.7600E-01    1.3251E+02
   3.7700E-01    1.3273E+02
   3.7800E-01    1.3295E+02
   3.7900E-01    1.3317E+02
   3.8000E-01    1.3339E+02
   3.8100E-01    1.3361E+02
   3.8200E-01    1.3383E+02
   3.8300E-01    1.3405E+02
   3.8400E-01    1.3426E+02
   3.8500E-01    1.3448E+02
   3.8600E-01    1.3470E+02
   3.8700E-01    1.3491E+02
   3.8800E-01    1.3513E+02
   3.8900E-01    1.3534E+02
   3.9000E-01    1.3556E+02
   3.9100E-01    1.3577E+02
   3.9200E-01    1.3598E+02
   3.9300E-01    1.3620E+02
   3.9400E-01    1.3641E+02
   3.9500E-01    1.3662E+02
   3.9600E-01    1.3683E+02
   3.9700E-01    1.3704E+02
   3.9800E-01    1.3725E+02
   3.9900E-01    1.3746E+02
   4.0000E-01    1.3767E+02
   4.0100E-01    1.3787E+02
   4.0200E-01    1.3808E+02
   4.0300E-01    1.3829E+02
   4.0400E-01    1.3849E+02
   4.0500E-01    1.3870E+02
   4.0600E-01    1.3890E+02
   4.0700E-01    1.3911E+02
   4.0800E-01    1.3931E+02
   4.0900E-01    1.3951E+02
   4.1000E-01    1.3971E+02
   4.1100E-01    1.3992E+02
   4.1200E-01    1.4012E+02
   4.1300E-01    1.4032E+02
   4.1400E-01    1.4052E+02
   4.1500E-01    1.4072E+02
   4.1600E-01    1.4091E+02
   4.1700E-01    1.4111E+02
   4.1800E-01    1.4131E+02
   4.1900E-01    1.4151E+02
   4.2000E-01    1.4170E+02
   4.2100E-01    1.4190E+02
   4.2200E-01    1.4209E+02
   4.2300E-01    1.4229E+02
   4.2400E-01    1.4248E+02
   4.2500E-01    1.4268E+02
   4.2600E-01    1.4287E+02
   4.2700E-01    1.4306E+02
   4.2800E-01    1.4325E+02
   4.2900E-01    1.4344E+02
   4.3000E-01    1.4363E+02
   4.3100E-01    1.4382E+02
   4.3200E-01    1.4401E+02
   4.3300E-01    1.4420E+02
   4.3400E-01    1.4439E+02
   4.3500E-01    1.4458E+02
   4.3600E-01    1.4476E+02
   4.3700E-01    1.4495E+02
   4.3800E-01    1.4514E+02
   4.3900E-01    1.4532E+02
   4.4000E-01    1.4551E+02
   4.4100E-01    1.4569E+02
   4.4200E-01    1.4587E+02
   4.4300E-01    1.4606E+02
   4.4400E-01    1.4624E+02
   4.4500E-01    1.4642E+02
   4.4600E-01    1.4660E+02
   4.4700E-01    1.4678E+02
   4.4800E-01    1.4696E+02
   4.4900E-01    1.4714E+02
   4.5000E-01    1.4732E+02
   4.5100E-01    1.4750E+02
   4.5200E-01    1.4768E+02
   4.5300E-01    1.4786E+02
   4.5400E-01    1.4803E+02
   4.5500E-01    1.4821E+02
   4.5600E-01    1.4839E+02
   4.5700E-01    1.4856E+02
   4.5800E-01    1.4874E+02
   4.5900E-01    1.4891E+02
   4.6000E-01    1.4908E+02
   4.6100E-01    1.4926E+02
   4.6200E-01    1.4943E+02
   4.6300E-01    1.4960E+02
   4.6400E-01    1.4977E+02
   4.6500E-01    1.4994E+02
   4.6600E-01    1.5011E+02
   4.6700E-01    1.5028E+02
   4.6800E-01    1.5045E+02
   4.6900E-01    1.5062E+02
   4.7000E-01    1.5079E+02
   4.7100E-01    1.5095E+02
   4.7200E-01    1.5112E+02
   4.7300E-01    1.5129E+02
   4.7400E-01    1.5145E+02
   4.7500E-01    1.5162E+02
   4.7600E-01    1.5178E+02
   4.7700E-01    1.5195E+02
   4.7800E-01    1.5211E+02
   4.7900E-01    1.5227E+02
   4.8000E-01    1.5243E+02
   4.8100E-01    1.5260E+02
   4.8200E-01    1.5276E+02
   4.8300E-01    1.5292E+02
   4.8400E-01    1.5308E+02
   4.8500E-01    1.5324E+02
   4.8600E-01    1.5340E+02
   4.8700E-01    1.5356E+02
   4.8800E-01    1.5371E+02
   4.8900E-01    1.5387E+02
   4.9000E-01    1.5403E+02
   4.9100E-01    1.5418E+02
   4.9200E-01    1.5434E+02
   4.9300E-01    1.5450E+02
   4.9400E-01    1.5465E+02
   4.9500E-01    1.5480E+02
   4.9600E-01    1.5496E+02
   4.9700E-01    1.5511E+02
   4.9800E-01    1.5526E+02
   4.9900E-01    1.5542E+02
   5.0000E-01    1.5557E+02
   5.0100E-01    1.5572E+02
   5.0200E-01    1.5587E+02
   5.0300E-01    1.5602E+02
   5.0400E-01    1.5617E+02
   5.0500E-01    1.5632E+02
   5.0600E-01    1.5646E+02
   5.0700E-01    1.5661E+02
   5.0800E-01    1.5676E+02
   5.0900E-01    1.5691E+02
   5.1000E-01    1.5705E+02
   5.1100E-01    1.5720E+02
   5.1200E-01    1.5734E+02
   5.1300E-01    1.5749E+02
   5.1400E-01    1.5763E+02
   5.1500E-01    1.5778E+02
   5.1600E-01    1.5792E+02
   5.1700E-01    1.5806E+02
   5.1800E-01    1.5820E+02
   5.1900E-01    1.5834E+02
   5.2000E-01    1.5848E+02
   5.2100E-01    1.5863E+02
   5.2200E-01    1.5876E+02
   5.2300E-01    1.5890E+02
   5.2400E-01    1.5904E+02
   5.2500E-01    1.5918E+02
   5.2600E-01    1.5932E+02
   5.2700E-01    1.5946E+02
   5.2800E-01    1.5959E+02
   5.2900E-01    1.5973E+02
   5.3000E-01    1.5986E+02
   5.3100E-01    1.6000E+02
   5.3200E-01    1.6013E+02
   5.3300E-01    1.6027E+02
   5.3400E-01    1.6040E+02
   5.3500E-01    1.6053E+02
   5.3600E-01    1.6067E+02
   5.3700E-01    1.6080E+02
   5.3800E-01    1.6093E+02
   5.3900E-01    1.6106E+02
   5.4000E-01    1.6119E+02
   5.4100E-01    1.6132E+02
   5.4200E-01    1.6145E+02
   5.4300E-01    1.6158E+02
   5.4400E-01    1.6171E+02
   5.4500E-01    1.6184E+02
   5.4600E-01    1.6196E+02
   5.4700E-01    1.6209E+02
   5.4800E-01    1.6222E+02
   5.4900E-01    1.6234E+02
   5.5000E-01    1.6247E+02
   5.5100E-01    1.6259E+02
   5.5200E-01    1.6272E+02
   5.5300E-01    1.6284E+02
   5.5400E-01    1.6296E+02
   5.5500E-01    1.6309E+02
   5.5600E-01    1.6321E+02
   5.5700E-01    1.6333E+02
   5.5800E-01    1.6345E+02
   5.5900E-01    1.6357E+02
   5.6000E-01    1.6369E+02
   5.6100E-01    1.6381E+02
   5.6200E-01    1.6393E+02
   5.6300E-01    1.6405E+02
   5.6400E-01    1.6417E+02
   5.6500E-01    1.6428E+02
   5.6600E-01    1.6440E+02
   5.6700E-01    1.6452E+02
   5.6800E-01    1.6463E+02
   5.6900E-01    1.6475E+02
   5.7000E-01    1.6487E+02
   5.7100E-01    1.6498E+02
   5.7200E-01    1.6509E+02
   5.7300E-01    1.6521E+02
   5.7400E-01    1.6532E+02
   5.7500E-01    1.6543E+02
   5.7600E-01    1.6555E+02
   5.7700E-01    1.6566E+02
   5.7800E-01    1.6577E+02
   5.7900E-01    1.6588E+02
   5.8000E-01    1.6599E+02
   5.8100E-01    1.6610E+02
   5.8200E-01    1.6621E+02
   5.8300E-01    1.6632E+02
   5.8400E-01    1.6642E+02
   5.8500E-01    1.6653E+02
   5.8600E-01    1.6664E+02
   5.8700E-01    1.6675E+02
   5.8800E-01    1.6685E+02
   5.8900E-01    1.6696E+02
   5.9000E-01    1.6706E+02
   5.9100E-01    1.6717E+02
   5.9200E-01    1.6727E+02
   5.9300E-01    1.6738E+02
   5.9400E-01    1.6748E+02
   5.9500E-01    1.6758E+02
   5.9600E-01    1.6768E+02
   5.9700E-01    1.6779E+02
   5.9800E-01    1.6789E+02
   5.9900E-01    1.6799E+02
   6.0000E-01    1.6809E+02
   6.0100E-01    1.6819E+02
   6.0200E-01    1.6829E+02
   6.0300E-01    1.6839E+02
   6.0400E-01    1.6848E+02
   6.0500E-01    1.6858E+02
   6.0600E-01    1.6868E+02
   6.0700E-01    1.6878E+02
   6.0800E-01    1.6887E+02
   6.0900E-01    1.6897E+02
   6.1000E-01    1.6906E+02
   6.1100E-01    1.6916E+02
   6.1200E-01    1.6925E+02
   6.1300E-01    1.6935E+02
   6.1400E-01    1.6944E+02
   6.1500E-01    1.6953E+02
   6.1600E-01    1.6963E+02
   6.1700E-01    1.6972E+02
   6.1800E-01    1.6981E+02
   6.1900E-01    1.6990E+02
   6.2000E-01    1.6999E+02
   6.2100E-01    1.7008E+02
   6.2200E-01    1.7017E+02
   6.2300E-01    1.7026E+02
   6.2400E-01    1.7035E+02
   6.2500E-01    1.7044E+02
   6.2600E-01    1.7053E+02
   6.2700E-01    1.7061E+02
   6.2800E-01    1.7070E+02
   6.2900E-01    1.7079E+02
   6.3000E-01    1.7087E+02
   6.3100E-01    1.7096E+02
   6.3200E-01    1.7104E+02
   6.3300E-01    1.7113E+02
   6.3400E-01    1.7121E+02
   6.3500E-01    1.7130E+02
   6.3600E-01    1.7138E+02
   6.3700E-01    1.7146E+02
   6.3800E-01    1.7154E+02
   6.3900E-01    1.7162E+02
   6.4000E-01    1.7171E+02
   6.4100E-01    1.7179E+02
   6.4200E-01    1.7187E+02
   6.4300E-01    1.7195E+02
   6.4400E-01    1.7203E+02
   6.4500E-01    1.7211E+02
   6.4600E-01    1.7218E+02
   6.4700E-01    1.7226E+02
   6.4800E-01    1.7234E+02
   6.4900E-01    1.7242E+02
   6.5000E-01    1.7249E+02
   6.5100E-01    1.7257E+02
   6.5200E-01    1.7264E+02
   6.5300E-01    1.7272E+02
   6.5400E-01    1.7279E+02
   6.5500E-01    1.7287E+02
   6.5600E-01    1.7294E+02
   6.5700E-01    1.7302E+02
   6.5800E-01    1.7309E+02
   6.5900E-01    1.7316E+02
   6.6000E-01    1.7323E+02
   6.6100E-01    1.7330E+02
   6.6200E-01    1.7338E+02
   6.6300E-01    1.7345E+02
   6.6400E-01    1.7352E+02
   6.6500E-01    1.7359E+02
   6.6600E-01    1.7365E+02
   6.6700E-01    1.7372E+02
   6.6800E-01    1.7379E+02
   6.6900E-01    1.7386E+02
   6.7000E-01    1.7393E+02
   6.7100E-01    1.7399E+02
   6.7200E-01    1.7406E+02
   6.7300E-01    1.7413E+02
   6.7400E-01    1.7419E+02
   6.7500E-01    1.7426E+02
   6.7600E-01    1.7432E+02
   6.7700E-01    1.7439E+02
   6.7800E-01    1.7445E+02
   6.7900E-01    1.7451E+02
   6.8000E-01    1.7458E+02
   6.8100E-01    1.7464E+02
   6.8200E-01    1.7470E+02
   6.8300E-01    1.7476E+02
   6.8400E-01    1.7482E+02
   6.8500E-01    1.7488E+02
   6.8600E-01    1.7494E+02
   6.8700E-01    1.7500E+02
   6.8800E-01    1.7506E+02
   6.8900E-01    1.7512E+02
   6.9000E-01    1.7518E+02
   6.9100E-01    1.7524E+02
   6.9200E-01    1.7530E+02
   6.9300E-01    1.7535E+02
   6.9400E-01    1.7541E+02
   6.9500E-01    1.7547E+02
   6.9600E-01    1.7552E+02
   6.9700E-01    1.7558E+02
   6.9800E-01    1.7563E+02
   6.9900E-01    1.7569E+02
   7.0000E-01    1.7574E+02
   7.0100E-01    1.7579E+02
   7.0200E-01    1.7585E+02
   7.0300E-01    1.7590E+02
   7.0400E-01    1.7595E+02
   7.0500E-01    1.7600E+02
   7.0600E-01    1.7605E+02
   7.0700E-01    1.7611E+02
   7.0800E-01    1.7616E+02
   7.0900E-01    1.7621E+02
   7.1000E-01    1.7626E+02
   7.1100E-01    1.7630E+02
   7.1200E-01    1.7635E+02
   7.1300E-01    1.7640E+02
   7.1400E-01    1.7645E+02
   7.1500E-01    1.7650E+02
   7.1600E-01    1.7654E+02
   7.1700E-01    1.7659E+02
   7.1800E-01    1.7664E+02
   7.1900E-01    1.7668E+02
   7.2000E-01    1.7673E+02
   7.2100E-01    1.7677E+02
   7.2200E-01    1.7682E+02
   7.2300E-01    1.7686E+02
   7.2400E-01    1.7690E+02
   7.2500E-01    1.7695E+02
   7.2600E-01    1.7699E+02
   7.2700E-01    1.7703E+02
   7.2800E-01    1.7707E+02
   7.2900E-01    1.7712E+02
   7.3000E-01    1.7716E+02
   7.3100E-01    1.7720E+02
   7.3200E-01    1.7724E+02
   7.3300E-01    1.7728E+02
   7.3400E-01    1.7732E+02
   7.3500E-01    1.7735E+02
   7.3600E-01    1.7739E+02
   7.3700E-01    1.7743E+02
   7.3800E-01    1.7747E+02
   7.3900E-01    1.7751E+02
   7.4000E-01    1.7754E+02
   7.4100E-01    1.7758E+02
   7.4200E-01    1.7761E+02
   7.4300E-01    1.7765E+02
   7.4400E-01    1.7769E+02
   7.4500E-01    1.7772E+02
   7.4600E-01    1.7775E+02
   7.4700E-01    1.7779E+02
   7.4800E-01    1.7782E+02
   7.4900E-01    1.7785E+02
   7.5000E-01    1.7789E+02
   7.5100E-01    1.7792E+02
   7.5200E-01    1.7795E+02
   7.5300E-01    1.7798E+02
   7.5400E-01    1.7801E+02
   7.5500E-01    1.7804E+02
   7.5600E-01    1.7807E+02
   7.5700E-01    1.7810E+02
   7.5800E-01    1.7813E+02
   7.5900E-01    1.7816E+02
   7.6000E-01    1.7819E+02
   7.6100E-01    1.7822E+02
   7.6200E-01    1.7824E+02
   7.6300E-01    1.7827E+02
   7.6400E-01    1.7830E+02
   7.6500E-01    1.7832E+02
   7.6600E-01    1.7835E+02
   7.6700E-01    1.7838E+02
   7.6800E-01    1.7840E+02
   7.6900E-01    1.7843E+02
   7.7000E-01    1.7845E+02
   7.7100E-01    1.7847E+02
   7.7200E-01    1.7850E+02
   7.7300E-01    1.7852E+02
   7.7400E-01    1.7854E+02
   7.7500E-01    1.7856E+02
   7.7600E-01    1.7859E+02
   7.7700E-01    1.7861E+02
   7.7800E-01    1.7863E+02
   7.7900E-01    1.7865E+02
   7.8000E-01    1.7867E+02
   7.8100E-01    1.7869E+02
   7.8200E-01    1.7871E+02
   7.8300E-01    1.7873E+02
   7.8400E-01    1.7875E+02
   7.8500E-01    1.7876E+02
   7.8600E-01    1.7878E+02
   7.8700E-01    1.7880E+02
   7.8800E-01    1.7882E+02
   7.8900E-01    1.7883E+02
   7.9000E-01    1.7885E+02
   7.9100E-01    1.7886E+02
   7.9200E-01    1.7888E+02
   7.9300E-01    1.7889E+02
   7.9400E-01    1.7891E+02
   7.9500E-01    1.7892E+02
   7.9600E-01    1.7894E+02
   7.9700E-01    1.7895E+02
   7.9800E-01    1.7896E+02
   7.9900E-01    1.7897E+02
   8.0000E-01    1.7899E+02
   8.0100E-01    1.7900E+02
   8.0200E-01    1.7901E+02
   8.0300E-01    1.7902E+02
   8.0400E-01    1.7903E+02
   8.0500E-01    1.7904E+02
   8.0600E-01    1.7905E+02
   8.0700E-01    1.7906E+02
   8.0800E-01    1.7907E+02
   8.0900E-01    1.7908E+02
   8.1000E-01    1.7909E+02
   8.1100E-01    1.7909E+02
   8.1200E-01    1.7910E+02
   8.1300E-01    1.7911E+02
   8.1400E-01    1.7911E+02
   8.1500E-01    1.7912E+02
   8.1600E-01    1.7913E+02
   8.1700E-01    1.7913E+02
   8.1800E-01    1.7914E+02
   8.1900E-01    1.7914E+02
   8.2000E-01    1.7914E+02
   8.2100E-01    1.7915E+02
   8.2200E-01    1.7915E+02
   8.2300E-01    1.7915E+02
   8.2400E-01    1.7916E+02
   8.2500E-01    1.7916E+02
   8.2600E-01    1.7916E+02
   8.2700E-01    1.7916E+02
   8.2800E-01    1.7916E+02
   8.2900E-01    1.7916E+02
   8.3000E-01    1.7916E+02
   8.3100E-01    1.7916E+02
   8.3200E-01    1.7916E+02
   8.3300E-01    1.7916E+02
   8.3400E-01    1.7916E+02
   8.3500E-01    1.7916E+02
   8.3600E-01    1.7916E+02
   8.3700E-01    1.7916E+02
   8.3800E-01    1.7915E+02
   8.3900E-01    1.7915E+02
   8.4000E-01    1.7915E+02
   8.4100E-01    1.7914E+02
   8.4200E-01    1.7914E+02
   8.4300E-01    1.7913E+02
   8.4400E-01    1.7913E+02
   8.4500E-01    1.7912E+02
   8.4600E-01    1.7912E+02
   8.4700E-01    1.7911E+02
   8.4800E-01    1.7910E+02
   8.4900E-01    1.7910E+02
   8.5000E-01    1.7909E+02
   8.5100E-01    1.7908E+02
   8.5200E-01    1.7907E+02
   8.5300E-01    1.7907E+02
   8.5400E-01    1.7906E+02
   8.5500E-01    1.7905E+02
   8.5600E-01    1.7904E+02
   8.5700E-01    1.7903E+02
   8.5800E-01    1.7902E+02
   8.5900E-01    1.7901E+02
   8.6000E-01    1.7900E+02
   8.6100E-01    1.7898E+02
   8.6200E-01    1.7897E+02
   8.6300E-01    1.7896E+02
   8.6400E-01    1.7895E+02
   8.6500E-01    1.7893E+02
   8.6600E-01    1.7892E+02
   8.6700E-01    1.7891E+02
   8.6800E-01    1.7889E+02
   8.6900E-01    1.7888E+02
   8.7000E-01    1.7886E+02
   8.7100E-01    1.7885E+02
   8.7200E-01    1.7883E+02
   8.7300E-01    1.7882E+02
   8.7400E-01    1.7880E+02
   8.7500E-01    1.7878E+02
   8.7600E-01    1.7877E+02
   8.7700E-01    1.7875E+02
   8.7800E-01    1.7873E+02
   8.7900E-01    1.7871E+02
   8.8000E-01    1.7869E+02
   8.8100E-01    1.7868E+02
   8.8200E-01    1.7866E+02
   8.8300E-01    1.7864E+02
   8.8400E-01    1.7862E+02
   8.8500E-01    1.7860E+02
   8.8600E-01    1.7858E+02
   8.8700E-01    1.7855E+02
   8.8800E-01    1.7853E+02
   8.8900E-01    1.7851E+02
   8.9000E-01    1.7849E+02
   8.9100E-01    1.7847E+02
   8.9200E-01    1.7844E+02
   8.9300E-01    1.7842E+02
   8.9400E-01    1.7840E+02
   8.9500E-01    1.7837E+02
   8.9600E-01    1.7835E+02
   8.9700E-01    1.7832E+02
   8.9800E-01    1.7830E+02
   8.9900E-01    1.7827E+02
   9.0000E-01    1.7825E+02
   9.0100E-01    1.7822E+02
   9.0200E-01    1.7819E+02
   9.0300E-01    1.7817E+02
   9.0400E-01    1.7814E+02
   9.0500E-01    1.7811E+02
   9.0600E-01    1.7808E+02
   9.0700E-01    1.7806E+02
   9.0800E-01    1.7803E+02
   9.0900E-01    1.7800E+02
   9.1000E-01    1.7797E+02
   9.1100E-01    1.7794E+02
   9.1200E-01    1.7791E+02
   9.1300E-01    1.7788E+02
   9.1400E-01    1.7785E+02
   9.1500E-01    1.7782E+02
   9.1600E-01    1.7778E+02
   9.1700E-01    1.7775E+02
   9.1800E-01    1.7772E+02
   9.1900E-01    1.7769E+02
   9.2000E-01    1.7765E+02
   9.2100E-01    1.7762E+02
   9.2200E-01    1.7759E+02
   9.2300E-01    1.7755E+02
   9.2400E-01    1.7752E+02
   9.2500E-01    1.7748E+02
   9.2600E-01    1.7745E+02
   9.2700E-01    1.7741E+02
   9.2800E-01    1.7738E+02
   9.2900E-01    1.7734E+02
   9.3000E-01    1.7731E+02
   9.3100E-01    1.7727E+02
   9.3200E-01    1.7723E+02
   9.3300E-01    1.7719E+02
   9.3400E-01    1.7716E+02
   9.3500E-01    1.7712E+02
   9.3600E-01    1.7708E+02
   9.3700E-01    1.7704E+02
   9.3800E-01    1.7700E+02
   9.3900E-01    1.7696E+02
   9.4000E-01    1.7692E+02
   9.4100E-01    1.7688E+02
   9.4200E-01    1.7684E+02
   9.4300E-01    1.7680E+02
   9.4400E-01    1.7676E+02
   9.4500E-01    1.7672E+02
   9.4600E-01    1.7667E+02
   9.4700E-01    1.7663E+02
   9.4800E-01    1.7659E+02
   9.4900E-01    1.7655E+02
   9.5000E-01    1.7650E+02
   9.5100E-01    1.7646E+02
   9.5200E-01    1.7641E+02
   9.5300E-01    1.7637E+02
   9.5400E-01    1.7632E+02
   9.5500E-01    1.7628E+02
   9.5600E-01    1.7623E+02
   9.5700E-01    1.7619E+02
   9.5800E-01    1.7614E+02
   9.5900E-01    1.7610E+02
   9.6000E-01    1.7605E+02
   9.6100E-01    1.7600E+02
   9.6200E-01    1.7595E+02
   9.6300E-01    1.7591E+02
   9.6400E-01    1.7586E+02
   9.6500E-01    1.7581E+02
   9.6600E-01    1.7576E+02
   9.6700E-01    1.7571E+02
   9.6800E-01    1.7566E+02
   9.6900E-01    1.7561E+02
   9.7000E-01    1.7556E+02
   9.7100E-01    1.7551E+02
   9.7200E-01    1.7546E+02
   9.7300E-01    1.7541E+02
   9.7400E-01    1.7536E+02
   9.7500E-01    1.7531E+02
   9.7600E-01    1.7525E+02
   9.7700E-01    1.7520E+02
   9.7800E-01    1.7515E+02
   9.7900E-01    1.7509E+02
   9.8000E-01    1.7504E+02
   9.8100E-01    1.7499E+02
   9.8200E-01    1.7493E+02
   9.8300E-01    1.7488E+02
   9.8400E-01    1.7482E+02
   9.8500E-01    1.7477E+02
   9.8600E-01    1.7471E+02
   9.8700E-01    1.7466E+02
   9.8800E-01    1.7460E+02
   9.8900E-01    1.7454E+02
   9.9000E-01    1.7449E+02
   9.9100E-01    1.7443E+02
   9.9200E-01    1.7437E+02
   9.9300E-01    1.7431E+02
   9.9400E-01    1.7426E+02
   9.9500E-01    1.7420E+02
   9.9600E-01    1.7414E+02
   9.9700E-01    1.7408E+02
   9.9800E-01    1.7402E+02
   9.9900E-01    1.7396E+02
   1.0000E+00    1.7390E+02
   1.0010E+00    1.7384E+02
   1.0020E+00    1.7378E+02
   1.0030E+00    1.7372E+02
   1.0040E+00    1.7366E+02
   1.0050E+00    1.7359E+02
   1.0060E+00    1.7353E+02
   1.0070E+00    1.7347E+02
   1.0080E+00    1.7341E+02
   1.0090E+00    1.7334E+02
   1.0100E+00    1.7328E+02
   1.0110E+00    1.7322E+02
   1.0120E+00    1.7315E+02
   1.0130E+00    1.7309E+02
   1.0140E+00    1.7302E+02
   1.0150E+00    1.7296E+02
   1.0160E+00    1.7289E+02
   1.0170E+00    1.7283E+02
   1.0180E+00    1.7276E+02
   1.0190E+00    1.7270E+02
   1.0200E+00    1.7263E+02
   1.0210E+00    1.7256E+02
   1.0220E+00    1.7249E+02
   1.0230E+00    1.7243E+02
   1.0240E+00    1.7236E+02
   1.0250E+00    1.7229E+02
   1.0260E+00    1.7222E+02
   1.0270E+00    1.7215E+02
   1.0280E+00    1.7208E+02
   1.0290E+00    1.7201E+02
   1.0300E+00    1.7194E+02
   1.0310E+00    1.7187E+02
   1.0320E+00    1.7180E+02
   1.0330E+00    1.7173E+02
   1.0340E+00    1.7166E+02
   1.0350E+00    1.7159E+02
   1.0360E+00    1.7152E+02
   1.0370E+00    1.7145E+02
   1.0380E+00    1.7138E+02
   1.0390E+00    1.7130E+02
   1.0400E+00    1.7123E+02
   1.0410E+00    1.7116E+02
   1.0420E+00    1.7108E+02
   1.0430E+00    1.7101E+02
   1.0440E+00    1.7093E+02
   1.0450E+00    1.7086E+02
   1.0460E+00    1.7079E+02
   1.0470E+00    1.7071E+02
   1.0480E+00    1.7063E+02
   1.0490E+00    1.7056E+02
   1.0500E+00    1.7048E+02
   1.0510E+00    1.7041E+02
   1.0520E+00    1.7033E+02
   1.0530E+00    1.7025E+02
   1.0540E+00    1.7018E+02
   1.0550E+00    1.7010E+02
   1.0560E+00    1.7002E+02
   1.0570E+00    1.6994E+02
   1.0580E+00    1.6986E+02
   1.0590E+00    1.6978E+02
   1.0600E+00    1.6970E+02
   1.0610E+00    1.6963E+02
   1.0620E+00    1.6955E+02
   1.0630E+00    1.6947E+02
   1.0640E+00    1.6939E+02
   1.0650E+00    1.6930E+02
   1.0660E+00    1.6922E+02
   1.0670E+00    1.6914E+02
   1.0680E+00    1.6906E+02
   1.0690E+00    1.6898E+02
   1.0700E+00    1.6890E+02
   1.0710E+00    1.6881E+02
   1.0720E+00    1.6873E+02
   1.0730E+00    1.6865E+02
   1.0740E+00    1.6856E+02
   1.0750E+00    1.6848E+02
   1.0760E+00    1.6840E+02
   1.0770E+00    1.6831E+02
   1.0780E+00    1.6823E+02
   1.0790E+00    1.6814E+02
   1.0800E+00    1.6806E+02
   1.0810E+00    1.6797E+02
   1.0820E+00    1.6789E+02
   1.0830E+00    1.6780E+02
   1.0840E+00    1.6771E+02
   1.0850E+00    1.6763E+02
   1.0860E+00    1.6754E+02
   1.0870E+00    1.6745E+02
   1.0880E+00    1.6736E+02
   1.0890E+00    1.6728E+02
   1.0900E+00    1.6719E+02
   1.0910E+00    1.6710E+02
   1.0920E+00    1.6701E+02
   1.0930E+00    1.6692E+02
   1.0940E+00    1.6683E+02
   1.0950E+00    1.6674E+02
   1.0960E+00    1.6665E+02
   1.0970E+00    1.6656E+02
   1.0980E+00    1.6647E+02
   1.0990E+00    1.6638E+02
   1.1000E+00    1.6629E+02
   1.1010E+00    1.6620E+02
   1.1020E+00    1.6611E+02
   1.1030E+00    1.6601E+02
   1.1040E+00    1.6592E+02
   1.1050E+00    1.6583E+02
   1.1060E+00    1.6574E+02
   1.1070E+00    1.6564E+02
   1.1080E+00    1.6555E+02
   1.1090E+00    1.6546E+02
   1.1100E+00    1.6536E+02
   1.1110E+00    1.6527E+02
   1.1120E+00    1.6517E+02
   1.1130E+00    1.6508E+02
   1.1140E+00    1.6498E+02
   1.1150E+00    1.6489E+02
   1.1160E+00    1.6479E+02
   1.1170E+00    1.6469E+02
   1.1180E+00    1.6460E+02
   1.1190E+00    1.6450E+02
   1.1200E+00    1.6440E+02
   1.1210E+00    1.6431E+02
   1.1220E+00    1.6421E+02
   1.1230E+00    1.6411E+02
   1.1240E+00    1.6401E+02
   1.1250E+00    1.6391E+02
   1.1260E+00    1.6382E+02
   1.1270E+00    1.6372E+02
   1.1280E+00    1.6362E+02
   1.1290E+00    1.6352E+02
   1.1300E+00    1.6342E+02
   1.1310E+00    1.6332E+02
   1.1320E+00    1.6322E+02
   1.1330E+00    1.6312E+02
   1.1340E+00    1.6301E+02
   1.1350E+00    1.6291E+02
   1.1360E+00    1.6281E+02
   1.1370E+00    1.6271E+02
   1.1380E+00    1.6261E+02
   1.1390E+00    1.6251E+02
   1.1400E+00    1.6240E+02
   1.1410E+00    1.6230E+02
   1.1420E+00    1.6220E+02
   1.1430E+00    1.6209E+02
   1.1440E+00    1.6199E+02
   1.1450E+00    1.6188E+02
   1.1460E+00    1.6178E+02
   1.1470E+00    1.6168E+02
   1.1480E+00    1.6157E+02
   1.1490E+00    1.6146E+02
   1.1500E+00    1.6136E+02
   1.1510E+00    1.6125E+02
   1.1520E+00    1.6115E+02
   1.1530E+00    1.6104E+02
   1.1540E+00    1.6093E+02
   1.1550E+00    1.6083E+02
   1.1560E+00    1.6072E+02
   1.1570E+00    1.6061E+02
   1.1580E+00    1.6050E+02
   1.1590E+00    1.6040E+02
   1.1600E+00    1.6029E+02
   1.1610E+00    1.6018E+02
   1.1620E+00    1.6007E+02
   1.1630E+00    1.5996E+02
   1.1640E+00    1.5985E+02
   1.1650E+00    1.5974E+02
   1.1660E+00    1.5963E+02
   1.1670E+00    1.5952E+02
   1.1680E+00    1.5941E+02
   1.1690E+00    1.5930E+02
   1.1700E+00    1.5919E+02
   1.1710E+00    1.5908E+02
   1.1720E+00    1.5897E+02
   1.1730E+00    1.5885E+02
   1.1740E+00    1.5874E+02
   1.1750E+00    1.5863E+02
   1.1760E+00    1.5852E+02
   1.1770E+00    1.5840E+02
   1.1780E+00    1.5829E+02
   1.1790E+00    1.5818E+02
   1.1800E+00    1.5806E+02
   1.1810E+00    1.5795E+02
   1.1820E+00    1.5783E+02
   1.1830E+00    1.5772E+02
   1.1840E+00    1.5760E+02
   1.1850E+00    1.5749E+02
   1.1860E+00    1.5737E+02
   1.1870E+00    1.5726E+02
   1.1880E+00    1.5714E+02
   1.1890E+00    1.5702E+02
   1.1900E+00    1.5691E+02
   1.1910E+00    1.5679E+02
   1.1920E+00    1.5667E+02
   1.1930E+00    1.5656E+02
   1.1940E+00    1.5644E+02
   1.1950E+00    1.5632E+02
   1.1960E+00    1.5620E+02
   1.1970E+00    1.5608E+02
   1.1980E+00    1.5596E+02
   1.1990E+00    1.5585E+02
   1.2000E+00    1.5573E+02
   1.2010E+00    1.5561E+02
   1.2020E+00    1.5549E+02
   1.2030E+00    1.5537E+02
   1.2040E+00    1.5525E+02
   1.2050E+00    1.5513E+02
   1.2060E+00    1.5501E+02
   1.2070E+00    1.5488E+02
   1.2080E+00    1.5476E+02
   1.2090E+00    1.5464E+02
   1.2100E+00    1.5452E+02
   1.2110E+00    1.5440E+02
   1.2120E+00    1.5427E+02
   1.2130E+00    1.5415E+02
   1.2140E+00    1.5403E+02
   1.2150E+00    1.5391E+02
   1.2160E+00    1.5378E+02
   1.2170E+00    1.5366E+02
   1.2180E+00    1.5353E+02
   1.2190E+00    1.5341E+02
   1.2200E+00    1.5328E+02
   1.2210E+00    1.5316E+02
   1.2220E+00    1.5303E+02
   1.2230E+00    1.5291E+02
   1.2240E+00    1.5278E+02
   1.2250E+00    1.5266E+02
   1.2260E+00    1.5253E+02
   1.2270E+00    1.5241E+02
   1.2280E+00    1.5228E+02
   1.2290E+00    1.5215E+02
   1.2300E+00    1.5202E+02
   1.2310E+00    1.5190E+02
   1.2320E+00    1.5177E+02
   1.2330E+00    1.5164E+02
   1.2340E+00    1.5151E+02
   1.2350E+00    1.5138E+02
   1.2360E+00    1.5126E+02
   1.2370E+00    1.5113E+02
   1.2380E+00    1.5100E+02
   1.2390E+00    1.5087E+02
   1.2400E+00    1.5074E+02
   1.2410E+00    1.5061E+02
   1.2420E+00    1.5048E+02
   1.2430E+00    1.5035E+02
   1.2440E+00    1.5022E+02
   1.2450E+00    1.5009E+02
   1.2460E+00    1.4995E+02
   1.2470E+00    1.4982E+02
   1.2480E+00    1.4969E+02
   1.2490E+00    1.4956E+02
   1.2500E+00    1.4943E+02
   1.2510E+00    1.4929E+02
   1.2520E+00    1.4916E+02
   1.2530E+00    1.4903E+02
   1.2540E+00    1.4889E+02
   1.2550E+00    1.4876E+02
   1.2560E+00    1.4863E+02
   1.2570E+00    1.4849E+02
   1.2580E+00    1.4836E+02
   1.2590E+00    1.4822E+02
   1.2600E+00    1.4809E+02
   1.2610E+00    1.4795E+02
   1.2620E+00    1.4782E+02
   1.2630E+00    1.4768E+02
   1.2640E+00    1.4755E+02
   1.2650E+00    1.4741E+02
   1.2660E+00    1.4727E+02
   1.2670E+00    1.4714E+02
   1.2680E+00    1.4700E+02
   1.2690E+00    1.4686E+02
   1.2700E+00    1.4673E+02
   1.2710E+00    1.4659E+02
   1.2720E+00    1.4645E+02
   1.2730E+00    1.4631E+02
   1.2740E+00    1.4617E+02
   1.2750E+00    1.4604E+02
   1.2760E+00    1.4590E+02
   1.2770E+00    1.4576E+02
   1.2780E+00    1.4562E+02
   1.2790E+00    1.4548E+02
   1.2800E+00    1.4534E+02
   1.2810E+00    1.4520E+02
   1.2820E+00    1.4506E+02
   1.2830E+00    1.4492E+02
   1.2840E+00    1.4478E+02
   1.2850E+00    1.4464E+02
   1.2860E+00    1.4450E+02
   1.2870E+00    1.4435E+02
   1.2880E+00    1.4421E+02
   1.2890E+00    1.4407E+02
   1.2900E+00    1.4393E+02
   1.2910E+00    1.4379E+02
   1.2920E+00    1.4364E+02
   1.2930E+00    1.4350E+02
   1.2940E+00    1.4336E+02
   1.2950E+00    1.4321E+02
   1.2960E+00    1.4307E+02
   1.2970E+00    1.4292E+02
   1.2980E+00    1.4278E+02
   1.2990E+00    1.4264E+02
   1.3000E+00    1.4249E+02
   1.3010E+00    1.4235E+02
   1.3020E+00    1.4220E+02
   1.3030E+00    1.4206E+02
   1.3040E+00    1.4191E+02
   1.3050E+00    1.4176E+02
   1.3060E+00    1.4162E+02
   1.3070E+00    1.4147E+02
   1.3080E+00    1.4132E+02
   1.3090E+00    1.4118E+02
   1.3100E+00    1.4103E+02
   1.3110E+00    1.4088E+02
   1.3120E+00    1.4074E+02
   1.3130E+00    1.4059E+02
   1.3140E+00    1.4044E+02
   1.3150E+00    1.4029E+02
   1.3160E+00    1.4014E+02
   1.3170E+00    1.3999E+02
   1.3180E+00    1.3985E+02
   1.3190E+00    1.3970E+02
   1.3200E+00    1.3955E+02
   1.3210E+00    1.3940E+02
   1.3220E+00    1.3925E+02
   1.3230E+00    1.3910E+02
   1.3240E+00    1.3895E+02
   1.3250E+00    1.3880E+02
   1.3260E+00    1.3864E+02
   1.3270E+00    1.3849E+02
   1.3280E+00    1.3834E+02
   1.3290E+00    1.3819E+02
   1.3300E+00    1.3804E+02
   1.3310E+00    1.3789E+02
   1.3320E+00    1.3773E+02
   1.3330E+00    1.3758E+02
   1.3340E+00    1.3743E+02
   1.3350E+00    1.3728E+02
   1.3360E+00    1.3712E+02
   1.3370E+00    1.3697E+02
   1.3380E+00    1.3682E+02
   1.3390E+00    1.3666E+02
   1.3400E+00    1.3651E+02
   1.3410E+00    1.3635E+02
   1.3420E+00    1.3620E+02
   1.3430E+00    1.3604E+02
   1.3440E+00    1.3589E+02
   1.3450E+00    1.3573E+02
   1.3460E+00    1.3558E+02
   1.3470E+00    1.3542E+02
   1.3480E+00    1.3526E+02
   1.3490E+00    1.3511E+02
   1.3500E+00    1.3495E+02
   1.3510E+00    1.3480E+02
   1.3520E+00    1.3464E+02
   1.3530E+00    1.3448E+02
   1.3540E+00    1.3432E+02
   1.3550E+00    1.3417E+02
   1.3560E+00    1.3401E+02
   1.3570E+00    1.3385E+02
   1.3580E+00    1.3369E+02
   1.3590E+00    1.3353E+02
   1.3600E+00    1.3337E+02
   1.3610E+00    1.3322E+02
   1.3620E+00    1.3306E+02
   1.3630E+00    1.3290E+02
   1.3640E+00    1.3274E+02
   1.3650E+00    1.3258E+02
   1.3660E+00    1.3242E+02
   1.3670E+00    1.3226E+02
   1.3680E+00    1.3210E+02
   1.3690E+00    1.3194E+02
   1.3700E+00    1.3177E+02
   1.3710E+00    1.3161E+02
   1.3720E+00    1.3145E+02
   1.3730E+00    1.3129E+02
   1.3740E+00    1.3113E+02
   1.3750E+00    1.3097E+02
   1.3760E+00    1.3080E+02
   1.3770E+00    1.3064E+02
   1.3780E+00    1.3048E+02
   1.3790E+00    1.3031E+02
   1.3800E+00    1.3015E+02
   1.3810E+00    1.2999E+02
   1.3820E+00    1.2982E+02
   1.3830E+00    1.2966E+02
   1.3840E+00    1.2950E+02
   1.3850E+00    1.2933E+02
   1.3860E+00    1.2917E+02
   1.3870E+00    1.2900E+02
   1.3880E+00    1.2884E+02
   1.3890E+00    1.2867E+02
   1.3900E+00    1.2851E+02
   1.3910E+00    1.2834E+02
   1.3920E+00    1.2817E+02
   1.3930E+00    1.2801E+02
   1.3940E+00    1.2784E+02
   1.3950E+00    1.2767E+02
   1.3960E+00    1.2751E+02
   1.3970E+00    1.2734E+02
   1.3980E+00    1.2717E+02
   1.3990E+00    1.2701E+02
   1.4000E+00    1.2684E+02
   1.4010E+00    1.2667E+02
   1.4020E+00    1.2650E+02
   1.4030E+00    1.2633E+02
   1.4040E+00    1.2617E+02
   1.4050E+00    1.2600E+02
   1.4060E+00    1.2583E+02
   1.4070E+00    1.2566E+02
   1.4080E+00    1.2549E+02
   1.4090E+00    1.2532E+02
   1.4100E+00    1.2515E+02
   1.4110E+00    1.2498E+02
   1.4120E+00    1.2481E+02
   1.4130E+00    1.2464E+02
   1.4140E+00    1.2447E+02
   1.4150E+00    1.2430E+02
   1.4160E+00    1.2413E+02
   1.4170E+00    1.2395E+02
   1.4180E+00    1.2378E+02
   1.4190E+00    1.2361E+02
   1.4200E+00    1.2344E+02
   1.4210E+00    1.2327E+02
   1.4220E+00    1.2309E+02
   1.4230E+00    1.2292E+02
   1.4240E+00    1.2275E+02
   1.4250E+00    1.2257E+02
   1.4260E+00    1.2240E+02
   1.4270E+00    1.2223E+02
   1.4280E+00    1.2205E+02
   1.4290E+00    1.2188E+02
   1.4300E+00    1.2171E+02
   1.4310E+00    1.2153E+02
   1.4320E+00    1.2136E+02
   1.4330E+00    1.2118E+02
   1.4340E+00    1.2101E+02
   1.4350E+00    1.2083E+02
   1.4360E+00    1.2066E+02
   1.4370E+00    1.2048E+02
   1.4380E+00    1.2030E+02
   1.4390E+00    1.2013E+02
   1.4400E+00    1.1995E+02
   1.4410E+00    1.1978E+02
   1.4420E+00    1.1960E+02
   1.4430E+00    1.1942E+02
   1.4440E+00    1.1925E+02
   1.4450E+00    1.1907E+02
   1.4460E+00    1.1889E+02
   1.4470E+00    1.1871E+02
   1.4480E+00    1.1853E+02
   1.4490E+00    1.1836E+02
   1.4500E+00    1.1818E+02
   1.4510E+00    1.1800E+02
   1.4520E+00    1.1782E+02
   1.4530E+00    1.1764E+02
   1.4540E+00    1.1746E+02
   1.4550E+00    1.1728E+02
   1.4560E+00    1.1710E+02
   1.4570E+00    1.1692E+02
   1.4580E+00    1.1674E+02
   1.4590E+00    1.1656E+02
   1.4600E+00    1.1638E+02
   1.4610E+00    1.1620E+02
   1.4620E+00    1.1602E+02
   1.4630E+00    1.1584E+02
   1.4640E+00    1.1566E+02
   1.4650E+00    1.1548E+02
   1.4660E+00    1.1530E+02
   1.4670E+00    1.1511E+02
   1.4680E+00    1.1493E+02
   1.4690E+00    1.1475E+02
   1.4700E+00    1.1457E+02
   1.4710E+00    1.1438E+02
   1.4720E+00    1.1420E+02
   1.4730E+00    1.1402E+02
   1.4740E+00    1.1383E+02
   1.4750E+00    1.1365E+02
   1.4760E+00    1.1347E+02
   1.4770E+00    1.1328E+02
   1.4780E+00    1.1310E+02
   1.4790E+00    1.1292E+02
   1.4800E+00    1.1273E+02
   1.4810E+00    1.1255E+02
   1.4820E+00    1.1236E+02
   1.4830E+00    1.1218E+02
   1.4840E+00    1.1199E+02
   1.4850E+00    1.1180E+02
   1.4860E+00    1.1162E+02
   1.4870E+00    1.1143E+02
   1.4880E+00    1.1125E+02
   1.4890E+00    1.1106E+02
   1.4900E+00    1.1087E+02
   1.4910E+00    1.1069E+02
   1.4920E+00    1.1050E+02
   1.4930E+00    1.1031E+02
   1.4940E+00    1.1013E+02
   1.4950E+00    1.0994E+02
   1.4960E+00    1.0975E+02
   1.4970E+00    1.0956E+02
   1.4980E+00    1.0937E+02
   1.4990E+00    1.0919E+02
   1.5000E+00    1.0900E+02
   1.5010E+00    1.0881E+02
   1.5020E+00    1.0862E+02
   1.5030E+00    1.0843E+02
   1.5040E+00    1.0824E+02
   1.5050E+00    1.0805E+02
   1.5060E+00    1.0786E+02
   1.5070E+00    1.0767E+02
   1.5080E+00    1.0748E+02
   1.5090E+00    1.0729E+02
   1.5100E+00    1.0710E+02
   1.5110E+00    1.0691E+02
   1.5120E+00    1.0672E+02
   1.5130E+00    1.0653E+02
   1.5140E+00    1.0634E+02
   1.5150E+00    1.0615E+02
   1.5160E+00    1.0595E+02
   1.5170E+00    1.0576E+02
   1.5180E+00    1.0557E+02
   1.5190E+00    1.0538E+02
   1.5200E+00    1.0519E+02
   1.5210E+00    1.0499E+02
   1.5220E+00    1.0480E+02
   1.5230E+00    1.0461E+02
   1.5240E+00    1.0441E+02
   1.5250E+00    1.0422E+02
   1.5260E+00    1.0403E+02
   1.5270E+00    1.0383E+02
   1.5280E+00    1.0364E+02
   1.5290E+00    1.0345E+02
   1.5300E+00    1.0325E+02
   1.5310E+00    1.0306E+02
   1.5320E+00    1.0286E+02
   1.5330E+00    1.0267E+02
   1.5340E+00    1.0247E+02
   1.5350E+00    1.0228E+02
   1.5360E+00    1.0208E+02
   1.5370E+00    1.0188E+02
   1.5380E+00    1.0169E+02
   1.5390E+00    1.0149E+02
   1.5400E+00    1.0130E+02
   1.5410E+00    1.0110E+02
   1.5420E+00    1.0090E+02
   1.5430E+00    1.0071E+02
   1.5440E+00    1.0051E+02
   1.5450E+00    1.0031E+02
   1.5460E+00    1.0011E+02
   1.5470E+00    9.9917E+01
   1.5480E+00    9.9719E+01
   1.5490E+00    9.9521E+01
   1.5500E+00    9.9323E+01
   1.5510E+00    9.9125E+01
   1.5520E+00    9.8926E+01
   1.5530E+00    9.8727E+01
   1.5540E+00    9.8528E+01
   1.5550E+00    9.8329E+01
   1.5560E+00    9.8130E+01
   1.5570E+00    9.7931E+01
   1.5580E+00    9.7731E+01
   1.5590E+00    9.7531E+01
   1.5600E+00    9.7331E+01
   1.5610E+00    9.7131E+01
   1.5620E+00    9.6930E+01
   1.5630E+00    9.6730E+01
   1.5640E+00    9.6529E+01
   1.5650E+00    9.6328E+01
   1.5660E+00    9.6127E+01
   1.5670E+00    9.5925E+01
   1.5680E+00    9.5724E+01
   1.5690E+00    9.5522E+01
   1.5700E+00    9.5320E+01
   1.5710E+00    9.5118E+01
   1.5720E+00    9.4916E+01
   1.5730E+00    9.4713E+01
   1.5740E+00    9.4511E+01
   1.5750E+00    9.4308E+01
   1.5760E+00    9.4105E+01
   1.5770E+00    9.3902E+01
   1.5780E+00    9.3698E+01
   1.5790E+00    9.3495E+01
   1.5800E+00    9.3291E+01
   1.5810E+00    9.3087E+01
   1.5820E+00    9.2883E+01
   1.5830E+00    9.2679E+01
   1.5840E+00    9.2474E+01
   1.5850E+00    9.2269E+01
   1.5860E+00    9.2065E+01
   1.5870E+00    9.1860E+01
   1.5880E+00    9.1654E+01
   1.5890E+00    9.1449E+01
   1.5900E+00    9.1243E+01
   1.5910E+00    9.1038E+01
   1.5920E+00    9.0832E+01
   1.5930E+00    9.0626E+01
   1.5940E+00    9.0419E+01
   1.5950E+00    9.0213E+01
   1.5960E+00    9.0006E+01
   1.5970E+00    8.9799E+01
   1.5980E+00    8.9592E+01
   1.5990E+00    8.9385E+01
   1.6000E+00    8.9178E+01
   1.6010E+00    8.8970E+01
   1.6020E+00    8.8763E+01
   1.6030E+00    8.8555E+01
   1.6040E+00    8.8347E+01
   1.6050E+00    8.8138E+01
   1.6060E+00    8.7930E+01
   1.6070E+00    8.7721E+01
   1.6080E+00    8.7513E+01
   1.6090E+00    8.7304E+01
   1.6100E+00    8.7094E+01
   1.6110E+00    8.6885E+01
   1.6120E+00    8.6676E+01
   1.6130E+00    8.6466E+01
   1.6140E+00    8.6256E+01
   1.6150E+00    8.6046E+01
   1.6160E+00    8.5836E+01
   1.6170E+00    8.5625E+01
   1.6180E+00    8.5415E+01
   1.6190E+00    8.5204E+01
   1.6200E+00    8.4993E+01
   1.6210E+00    8.4782E+01
   1.6220E+00    8.4571E+01
   1.6230E+00    8.4359E+01
   1.6240E+00    8.4148E+01
   1.6250E+00    8.3936E+01
   1.6260E+00    8.3724E+01
   1.6270E+00    8.3512E+01
   1.6280E+00    8.3300E+01
   1.6290E+00    8.3087E+01
   1.6300E+00    8.2875E+01
   1.6310E+00    8.2662E+01
   1.6320E+00    8.2449E+01
   1.6330E+00    8.2236E+01
   1.6340E+00    8.2022E+01
   1.6350E+00    8.1809E+01
   1.6360E+00    8.1595E+01
   1.6370E+00    8.1381E+01
   1.6380E+00    8.1167E+01
   1.6390E+00    8.0953E+01
   1.6400E+00    8.0738E+01
   1.6410E+00    8.0524E+01
   1.6420E+00    8.0309E+01
   1.6430E+00    8.0094E+01
   1.6440E+00    7.9879E+01
   1.6450E+00    7.9664E+01
   1.6460E+00    7.9449E+01
   1.6470E+00    7.9233E+01
   1.6480E+00    7.9017E+01
   1.6490E+00    7.8801E+01
   1.6500E+00    7.8585E+01
   1.6510E+00    7.8369E+01
   1.6520E+00    7.8152E+01
   1.6530E+00    7.7936E+01
   1.6540E+00    7.7719E+01
   1.6550E+00    7.7502E+01
   1.6560E+00    7.7285E+01
   1.6570E+00    7.7068E+01
   1.6580E+00    7.6850E+01
   1.6590E+00    7.6633E+01
   1.6600E+00    7.6415E+01
   1.6610E+00    7.6197E+01
   1.6620E+00    7.5979E+01
   1.6630E+00    7.5761E+01
   1.6640E+00    7.5542E+01
   1.6650E+00    7.5323E+01
   1.6660E+00    7.5105E+01
   1.6670E+00    7.4886E+01
   1.6680E+00    7.4667E+01
   1.6690E+00    7.4447E+01
   1.6700E+00    7.4228E+01
   1.6710E+00    7.4008E+01
   1.6720E+00    7.3788E+01
   1.6730E+00    7.3568E+01
   1.6740E+00    7.3348E+01
   1.6750E+00    7.3128E+01
   1.6760E+00    7.2907E+01
   1.6770E+00    7.2687E+01
   1.6780E+00    7.2466E+01
   1.6790E+00    7.2245E+01
   1.6800E+00    7.2024E+01
   1.6810E+00    7.1803E+01
   1.6820E+00    7.1581E+01
   1.6830E+00    7.1360E+01
   1.6840E+00    7.1138E+01
   1.6850E+00    7.0916E+01
   1.6860E+00    7.0694E+01
   1.6870E+00    7.0471E+01
   1.6880E+00    7.0249E+01
   1.6890E+00    7.0026E+01
   1.6900E+00    6.9804E+01
   1.6910E+00    6.9581E+01
   1.6920E+00    6.9358E+01
   1.6930E+00    6.9134E+01
   1.6940E+00    6.8911E+01
   1.6950E+00    6.8687E+01
   1.6960E+00    6.8463E+01
   1.6970E+00    6.8240E+01
   1.6980E+00    6.8016E+01
   1.6990E+00    6.7791E+01
   1.7000E+00    6.7567E+01
   1.7010E+00    6.7342E+01
   1.7020E+00    6.7118E+01
   1.7030E+00    6.6893E+01
   1.7040E+00    6.6668E+01
   1.7050E+00    6.6442E+01
   1.7060E+00    6.6217E+01
   1.7070E+00    6.5992E+01
   1.7080E+00    6.5766E+01
   1.7090E+00    6.5540E+01
   1.7100E+00    6.5314E+01
   1.7110E+00    6.5088E+01
   1.7120E+00    6.4861E+01
   1.7130E+00    6.4635E+01
   1.7140E+00    6.4408E+01
   1.7150E+00    6.4181E+01
   1.7160E+00    6.3955E+01
   1.7170E+00    6.3727E+01
   1.7180E+00    6.3500E+01
   1.7190E+00    6.3273E+01
   1.7200E+00    6.3045E+01
   1.7210E+00    6.2817E+01
   1.7220E+00    6.2589E+01
   1.7230E+00    6.2361E+01
   1.7240E+00    6.2133E+01
   1.7250E+00    6.1905E+01
   1.7260E+00    6.1676E+01
   1.7270E+00    6.1447E+01
   1.7280E+00    6.1218E+01
   1.7290E+00    6.0989E+01
   1.7300E+00    6.0760E+01
   1.7310E+00    6.0531E+01
   1.7320E+00    6.0301E+01
   1.7330E+00    6.0072E+01
   1.7340E+00    5.9842E+01
   1.7350E+00    5.9612E+01
   1.7360E+00    5.9382E+01
   1.7370E+00    5.9152E+01
   1.7380E+00    5.8921E+01
   1.7390E+00    5.8690E+01
   1.7400E+00    5.8460E+01
   1.7410E+00    5.8229E+01
   1.7420E+00    5.7998E+01
   1.7430E+00    5.7767E+01
   1.7440E+00    5.7535E+01
   1.7450E+00    5.7304E+01
   1.7460E+00    5.7072E+01
   1.7470E+00    5.6840E+01
   1.7480E+00    5.6608E+01
   1.7490E+00    5.6376E+01
   1.7500E+00    5.6144E+01
   1.7510E+00    5.5911E+01
   1.7520E+00    5.5679E+01
   1.7530E+00    5.5446E+01
   1.7540E+00    5.5213E+01
   1.7550E+00    5.4980E+01
   1.7560E+00    5.4747E+01
   1.7570E+00    5.4513E+01
   1.7580E+00    5.4280E+01
   1.7590E+00    5.4046E+01
   1.7600E+00    5.3812E+01
   1.7610E+00    5.3578E+01
   1.7620E+00    5.3344E+01
   1.7630E+00    5.3110E+01
   1.7640E+00    5.2875E+01
   1.7650E+00    5.2641E+01
   1.7660E+00    5.2406E+01
   1.7670E+00    5.2171E+01
   1.7680E+00    5.1936E+01
   1.7690E+00    5.1701E+01
   1.7700E+00    5.1465E+01
   1.7710E+00    5.1230E+01
   1.7720E+00    5.0994E+01
   1.7730E+00    5.0758E+01
   1.7740E+00    5.0523E+01
   1.7750E+00    5.0286E+01
   1.7760E+00    5.0050E+01
   1.7770E+00    4.9814E+01
   1.7780E+00    4.9577E+01
   1.7790E+00    4.9340E+01
   1.7800E+00    4.9104E+01
   1.7810E+00    4.8867E+01
   1.7820E+00    4.8629E+01
   1.7830E+00    4.8392E+01
   1.7840E+00    4.8155E+01
   1.7850E+00    4.7917E+01
   1.7860E+00    4.7679E+01
   1.7870E+00    4.7441E+01
   1.7880E+00    4.7203E+01
   1.7890E+00    4.6965E+01
   1.7900E+00    4.6727E+01
   1.7910E+00    4.6488E+01
   1.7920E+00    4.6250E+01
   1.7930E+00    4.6011E+01
   1.7940E+00    4.5772E+01
   1.7950E+00    4.5533E+01
   1.7960E+00    4.5294E+01
   1.7970E+00    4.5054E+01
   1.7980E+00    4.4815E+01
   1.7990E+00    4.4575E+01
   1.8000E+00    4.4335E+01
   1.8010E+00    4.4095E+01
   1.8020E+00    4.3855E+01
   1.8030E+00    4.3615E+01
   1.8040E+00    4.3375E+01
   1.8050E+00    4.3134E+01
   1.8060E+00    4.2893E+01
   1.8070E+00    4.2652E+01
   1.8080E+00    4.2411E+01
   1.8090E+00    4.2170E+01
   1.8100E+00    4.1929E+01
   1.8110E+00    4.1688E+01
   1.8120E+00    4.1446E+01
   1.8130E+00    4.1204E+01
   1.8140E+00    4.0962E+01
   1.8150E+00    4.0720E+01
   1.8160E+00    4.0478E+01
   1.8170E+00    4.0236E+01
   1.8180E+00    3.9994E+01
   1.8190E+00    3.9751E+01
   1.8200E+00    3.9508E+01
   1.8210E+00    3.9265E+01
   1.8220E+00    3.9022E+01
   1.8230E+00    3.8779E+01
   1.8240E+00    3.8536E+01
   1.8250E+00    3.8293E+01
   1.8260E+00    3.8049E+01
   1.8270E+00    3.7805E+01
   1.8280E+00    3.7561E+01
   1.8290E+00    3.7317E+01
   1.8300E+00    3.7073E+01
   1.8310E+00    3.6829E+01
   1.8320E+00    3.6584E+01
   1.8330E+00    3.6340E+01
   1.8340E+00    3.6095E+01
   1.8350E+00    3.5850E+01
   1.8360E+00    3.5605E+01
   1.8370E+00    3.5360E+01
   1.8380E+00    3.5115E+01
   1.8390E+00    3.4869E+01
   1.8400E+00    3.4624E+01
   1.8410E+00    3.4378E+01
   1.8420E+00    3.4132E+01
   1.8430E+00    3.3886E+01
   1.8440E+00    3.3640E+01
   1.8450E+00    3.3394E+01
   1.8460E+00    3.3148E+01
   1.8470E+00    3.2901E+01
   1.8480E+00    3.2654E+01
   1.8490E+00    3.2407E+01
   1.8500E+00    3.2161E+01
   1.8510E+00    3.1913E+01
   1.8520E+00    3.1666E+01
   1.8530E+00    3.1419E+01
   1.8540E+00    3.1171E+01
   1.8550E+00    3.0924E+01
   1.8560E+00    3.0676E+01
   1.8570E+00    3.0428E+01
   1.8580E+00    3.0180E+01
   1.8590E+00    2.9932E+01
   1.8600E+00    2.9683E+01
   1.8610E+00    2.9435E+01
   1.8620E+00    2.9186E+01
   1.8630E+00    2.8937E+01
   1.8640E+00    2.8688E+01
   1.8650E+00    2.8439E+01
   1.8660E+00    2.8190E+01
   1.8670E+00    2.7941E+01
   1.8680E+00    2.7691E+01
   1.8690E+00    2.7442E+01
   1.8700E+00    2.7192E+01
   1.8710E+00    2.6942E+01
   1.8720E+00    2.6692E+01
   1.8730E+00    2.6442E+01
   1.8740E+00    2.6192E+01
   1.8750E+00    2.5941E+01
   1.8760E+00    2.5691E+01
   1.8770E+00    2.5440E+01
   1.8780E+00    2.5189E+01
   1.8790E+00    2.4938E+01
   1.8800E+00    2.4687E+01
   1.8810E+00    2.4436E+01
   1.8820E+00    2.4185E+01
   1.8830E+00    2.3933E+01
   1.8840E+00    2.3682E+01
   1.8850E+00    2.3430E+01
   1.8860E+00    2.3178E+01
   1.8870E+00    2.2926E+01
   1.8880E+00    2.2674E+01
   1.8890E+00    2.2421E+01
   1.8900E+00    2.2169E+01
   1.8910E+00    2.1916E+01
   1.8920E+00    2.1664E+01
   1.8930E+00    2.1411E+01
   1.8940E+00    2.1158E+01
   1.8950E+00    2.0905E+01
   1.8960E+00    2.0652E+01
   1.8970E+00    2.0398E+01
   1.8980E+00    2.0145E+01
   1.8990E+00    1.9891E+01
   1.9000E+00    1.9637E+01
   1.9010E+00    1.9383E+01
   1.9020E+00    1.9129E+01
   1.9030E+00    1.8875E+01
   1.9040E+00    1.8621E+01
   1.9050E+00    1.8366E+01
   1.9060E+00    1.8112E+01
   1.9070E+00    1.7857E+01
   1.9080E+00    1.7602E+01
   1.9090E+00    1.7347E+01
   1.9100E+00    1.7092E+01
   1.9110E+00    1.6837E+01
   1.9120E+00    1.6582E+01
   1.9130E+00    1.6326E+01
   1.9140E+00    1.6071E+01
   1.9150E+00    1.5815E+01
   1.9160E+00    1.5559E+01
   1.9170E+00    1.5303E+01
   1.9180E+00    1.5047E+01
   1.9190E+00    1.4791E+01
   1.9200E+00    1.4534E+01
   1.9210E+00    1.4278E+01
   1.9220E+00    1.4021E+01
   1.9230E+00    1.3764E+01
   1.9240E+00    1.3507E+01
   1.9250E+00    1.3250E+01
   1.9260E+00    1.2993E+01
   1.9270E+00    1.2736E+01
   1.9280E+00    1.2478E+01
   1.9290E+00    1.2221E+01
   1.9300E+00    1.1963E+01
   1.9310E+00    1.1705E+01
   1.9320E+00    1.1447E+01
   1.9330E+00    1.1189E+01
   1.9340E+00    1.0931E+01
   1.9350E+00    1.0673E+01
   1.9360E+00    1.0414E+01
   1.9370E+00    1.0156E+01
   1.9380E+00    9.8970E+00
   1.9390E+00    9.6382E+00
   1.9400E+00    9.3792E+00
   1.9410E+00    9.1201E+00
   1.9420E+00    8.8609E+00
   1.9430E+00    8.6016E+00
   1.9440E+00    8.3421E+00
   1.9450E+00    8.0825E+00
   1.9460E+00    7.8227E+00
   1.9470E+00    7.5629E+00
   1.9480E+00    7.3029E+00
   1.9490E+00    7.0428E+00
   1.9500E+00    6.7825E+00
   1.9510E+00    6.5222E+00
   1.9520E+00    6.2617E+00
   1.9530E+00    6.0011E+00
   1.9540E+00    5.7403E+00
   1.9550E+00    5.4795E+00
   1.9560E+00    5.2185E+00
   1.9570E+00    4.9574E+00
   1.9580E+00    4.6961E+00
   1.9590E+00    4.4347E+00
   1.9600E+00    4.1733E+00
   1.9610E+00    3.9116E+00
   1.9620E+00    3.6499E+00
   1.9630E+00    3.3880E+00
   1.9640E+00    3.1260E+00
   1.9650E+00    2.8639E+00
   1.9660E+00    2.6017E+00
   1.9670E+00    2.3393E+00
   1.9680E+00    2.0768E+00
   1.9690E+00    1.8142E+00
   1.9700E+00    1.5515E+00
   1.9710E+00    1.2886E+00
   1.9720E+00    1.0256E+00
   1.9730E+00    7.6253E-01
   1.9740E+00    4.9930E-01
   1.9750E+00    2.3595E-01
   1.9760E+00   -2.7527E-02
   1.9770E+00   -2.9113E-01
   1.9780E+00   -5.5485E-01
   1.9790E+00   -8.1869E-01
   1.9800E+00   -1.0827E+00
   1.9810E+00   -1.3467E+00
   1.9820E+00   -1.6110E+00
   1.9830E+00   -1.8753E+00
   1.9840E+00   -2.1397E+00
   1.9850E+00   -2.4043E+00
   1.9860E+00   -2.6690E+00
   1.9870E+00   -2.9338E+00
   1.9880E+00   -3.1988E+00
   1.9890E+00   -3.4638E+00
   1.9900E+00   -3.7290E+00
   1.9910E+00   -3.9943E+00
   1.9920E+00   -4.2598E+00
   1.9930E+00   -4.5253E+00
   1.9940E+00   -4.7910E+00
   1.9950E+00   -5.0568E+00
   1.9960E+00   -5.3227E+00
   1.9970E+00   -5.5887E+00
   1.9980E+00   -5.8549E+00
   1.9990E+00   -6.1211E+00
   2.0000E+00   -6.3875E+00
