Scalar DY under Buckling for nodeset
41
   1.0023E+01
 -1.0141E-05
 -4.0474E-05
 -9.1138E-05
 -1.6197E-04
 -2.5258E-04
 -3.6280E-04
 -4.9226E-04
 -6.4062E-04
 -8.0749E-04
 -1.1944E-03
 -1.4135E-03
 -1.6495E-03
 -1.9019E-03
 -2.1702E-03
 -2.4542E-03
 -2.7534E-03
 -3.0673E-03
 -3.3955E-03
 -3.7375E-03
 -4.0928E-03
 -4.4608E-03
 -4.8410E-03
 -5.2329E-03
 -5.6356E-03
 -6.0487E-03
 -6.4716E-03
 -6.9037E-03
 -7.3442E-03
 -7.7926E-03
 -8.2481E-03
 -8.7100E-03
 -9.1777E-03
 -9.6505E-03
 -1.0128E-02
 -1.0609E-02
 -1.1092E-02
 -1.1578E-02
 -1.2066E-02
  0.0000E+00
 -9.9222E-04
 -1.2553E-02
