Scalar STRAINXZ under NLStatic for nodeset
189
   0.0000E+00
  0.0000E+00
  0.0000E+00
  0.0000E+00
  0.0000E+00
  0.0000E+00
  0.0000E+00
  0.0000E+00
  0.0000E+00
  0.0000E+00
  0.0000E+00
  0.0000E+00
  0.0000E+00
  0.0000E+00
  0.0000E+00
  0.0000E+00
  0.0000E+00
  0.0000E+00
  0.0000E+00
  0.0000E+00
  0.0000E+00
  0.0000E+00
  0.0000E+00
  0.0000E+00
  0.0000E+00
  0.0000E+00
  0.0000E+00
  0.0000E+00
  0.0000E+00
  0.0000E+00
  0.0000E+00
  0.0000E+00
  0.0000E+00
  0.0000E+00
  0.0000E+00
  0.0000E+00
  0.0000E+00
  0.0000E+00
  0.0000E+00
  0.0000E+00
  0.0000E+00
  0.0000E+00
  0.0000E+00
  0.0000E+00
  0.0000E+00
  0.0000E+00
  0.0000E+00
  0.0000E+00
  0.0000E+00
  0.0000E+00
  0.0000E+00
  0.0000E+00
  0.0000E+00
  0.0000E+00
  0.0000E+00
  0.0000E+00
  0.0000E+00
  0.0000E+00
  0.0000E+00
  0.0000E+00
  0.0000E+00
  0.0000E+00
  0.0000E+00
  0.0000E+00
  0.0000E+00
  0.0000E+00
  0.0000E+00
  0.0000E+00
  0.0000E+00
  0.0000E+00
  0.0000E+00
  0.0000E+00
  0.0000E+00
  0.0000E+00
  0.0000E+00
  0.0000E+00
  0.0000E+00
  0.0000E+00
  0.0000E+00
  0.0000E+00
  0.0000E+00
  0.0000E+00
  0.0000E+00
  0.0000E+00
  0.0000E+00
  0.0000E+00
  0.0000E+00
  0.0000E+00
  0.0000E+00
  0.0000E+00
  0.0000E+00
  0.0000E+00
  0.0000E+00
  0.0000E+00
  0.0000E+00
  0.0000E+00
  0.0000E+00
  0.0000E+00
  0.0000E+00
  0.0000E+00
  0.0000E+00
  0.0000E+00
  0.0000E+00
  0.0000E+00
  0.0000E+00
  0.0000E+00
  0.0000E+00
  0.0000E+00
  0.0000E+00
  0.0000E+00
  0.0000E+00
  0.0000E+00
  0.0000E+00
  0.0000E+00
  0.0000E+00
  0.0000E+00
  0.0000E+00
  0.0000E+00
  0.0000E+00
  0.0000E+00
  0.0000E+00
  0.0000E+00
  0.0000E+00
  0.0000E+00
  0.0000E+00
  0.0000E+00
  0.0000E+00
  0.0000E+00
  0.0000E+00
  0.0000E+00
  0.0000E+00
  0.0000E+00
  0.0000E+00
  0.0000E+00
  0.0000E+00
  0.0000E+00
  0.0000E+00
  0.0000E+00
  0.0000E+00
  0.0000E+00
  0.0000E+00
  0.0000E+00
  0.0000E+00
  0.0000E+00
  0.0000E+00
  0.0000E+00
  0.0000E+00
  0.0000E+00
  0.0000E+00
  0.0000E+00
  0.0000E+00
  0.0000E+00
  0.0000E+00
  0.0000E+00
  0.0000E+00
  0.0000E+00
  0.0000E+00
  0.0000E+00
  0.0000E+00
  0.0000E+00
  0.0000E+00
  0.0000E+00
  0.0000E+00
  0.0000E+00
  0.0000E+00
  0.0000E+00
  0.0000E+00
  0.0000E+00
  0.0000E+00
  0.0000E+00
  0.0000E+00
  0.0000E+00
  0.0000E+00
  0.0000E+00
  0.0000E+00
  0.0000E+00
  0.0000E+00
  0.0000E+00
  0.0000E+00
  0.0000E+00
  0.0000E+00
  0.0000E+00
  0.0000E+00
  0.0000E+00
  0.0000E+00
  0.0000E+00
  0.0000E+00
  0.0000E+00
  0.0000E+00
  0.0000E+00
   1.0000E-01
 -1.6304E-02
 -1.6264E-02
 -1.6304E-02
  8.2157E-15
  1.0880E-14
  8.2157E-15
  1.6304E-02
  1.6264E-02
  1.6304E-02
 -4.5842E-03
 -4.6517E-03
 -4.5842E-03
  1.3647E-15
  3.1847E-15
  1.4231E-15
  4.5842E-03
  4.6517E-03
  4.5842E-03
  5.7652E-04
  5.8303E-04
  5.7652E-04
  5.1871E-15
  3.9613E-15
  5.0744E-15
 -5.7652E-04
 -5.8303E-04
 -5.7652E-04
  8.4729E-06
  9.0558E-05
  8.4729E-06
  6.7506E-15
  4.7819E-15
  6.7507E-15
 -8.4729E-06
 -9.0558E-05
 -8.4729E-06
  2.7608E-06
 -8.6768E-06
  2.7608E-06
  7.7572E-15
  5.1400E-15
  7.5469E-15
 -2.7608E-06
  8.6768E-06
 -2.7608E-06
 -1.4419E-06
 -1.1272E-06
 -1.4419E-06
  7.1611E-15
  5.0802E-15
  6.5151E-15
  1.4419E-06
  1.1272E-06
  1.4419E-06
  1.0556E-07
  1.1627E-07
  1.0556E-07
  4.6825E-15
  4.1189E-15
  5.5540E-15
 -1.0556E-07
 -1.1627E-07
 -1.0556E-07
  5.6069E-09
  1.0457E-08
  5.6069E-09
  3.0412E-15
  2.1697E-15
  3.6873E-15
 -5.6069E-09
 -1.0457E-08
 -5.6069E-09
 -5.9364E-10
 -7.0677E-10
 -5.9364E-10
  3.1636E-16
 -2.1696E-16
  2.0364E-16
  5.9364E-10
  7.0677E-10
  5.9364E-10
 -3.8218E-11
 -2.1355E-10
 -3.8217E-11
 -2.2958E-15
 -1.7322E-15
 -2.9115E-15
  3.8214E-11
  2.1354E-10
  3.8212E-11
 -9.3803E-12
  1.5079E-11
 -9.3774E-12
 -4.5831E-15
 -3.6813E-15
 -4.6958E-15
  9.3725E-12
 -1.5086E-11
  9.3700E-12
  3.3701E-12
  2.1755E-12
  3.3734E-12
 -6.5588E-15
 -5.6571E-15
 -6.8970E-15
 -3.3812E-12
 -2.1848E-12
 -3.3853E-12
 -2.6724E-13
 -1.6437E-13
 -2.6742E-13
 -6.5843E-15
 -5.7953E-15
 -8.1019E-15
  2.5630E-13
  1.5542E-13
  2.5324E-13
 -7.2723E-15
 -2.6786E-14
 -2.2100E-15
 -7.5213E-15
 -5.4401E-15
 -5.6134E-15
 -5.0401E-15
  1.8627E-14
 -6.9650E-15
 -7.1602E-15
 -4.2220E-15
 -3.3140E-15
 -6.4473E-15
 -3.9758E-15
 -5.7188E-15
 -3.4473E-15
 -2.3541E-15
 -6.3782E-15
  1.2156E-15
 -7.5152E-16
 -7.4711E-16
 -9.6008E-16
 -8.4735E-16
 -3.4315E-15
 -2.5818E-15
 -1.1889E-16
 -4.6109E-15
  2.1671E-15
  2.5114E-15
 -1.0815E-15
  1.5090E-15
 -6.0608E-17
  5.5513E-16
  7.8058E-16
 -2.1333E-15
  2.2375E-15
  2.2525E-15
  4.3006E-15
  1.2040E-16
  3.8133E-15
  3.0243E-15
  3.0243E-15
  3.9176E-15
  5.5280E-16
  4.8194E-15
  5.9869E-15
  3.1256E-15
  5.4838E-15
  5.3722E-15
  4.0195E-15
  5.9273E-15
  3.1177E-15
  2.8922E-15
  4.9213E-15
  5.2816E-15
  3.2332E-15
  5.9947E-15
  8.3540E-15
  5.7698E-15
  6.6716E-15
  9.6897E-15
  6.5504E-15
  5.4401E-15
  6.0013E-15
  5.5011E-15
  5.5733E-15
  6.5843E-15
  6.1334E-15
  7.7116E-15
  4.3298E-15
  5.2316E-15
  7.4861E-15
   2.0000E-01
 -3.4967E-02
 -3.4977E-02
 -3.4967E-02
  4.4409E-16
  4.4409E-16
  4.4409E-16
  3.4967E-02
  3.4977E-02
  3.4967E-02
 -9.6983E-03
 -9.7893E-03
 -9.6983E-03
  1.7217E-16
  2.1077E-16
  1.0126E-16
  9.6983E-03
  9.7893E-03
  9.6983E-03
  1.2350E-03
  1.2843E-03
  1.2350E-03
  1.2179E-16
  3.4651E-16
  4.3287E-16
 -1.2350E-03
 -1.2843E-03
 -1.2350E-03
 -1.0499E-06
  1.7796E-04
 -1.0499E-06
  3.8554E-16
  4.9982E-16
  6.1495E-16
  1.0499E-06
 -1.7796E-04
  1.0499E-06
  4.1489E-06
 -2.4624E-05
  4.1489E-06
  1.3690E-15
  6.3262E-16
  8.2910E-16
 -4.1489E-06
  2.4624E-05
 -4.1489E-06
 -3.2169E-06
 -2.3470E-06
 -3.2169E-06
  1.2396E-15
  8.9577E-16
  8.9570E-16
  3.2169E-06
  2.3470E-06
  3.2169E-06
  3.6398E-07
  4.9366E-07
  3.6398E-07
  1.0104E-15
  8.9573E-16
  8.9574E-16
 -3.6398E-07
 -4.9366E-07
 -3.6398E-07
  6.2058E-09
  4.8945E-09
  6.2058E-09
  5.3315E-16
  5.3315E-16
  1.3170E-15
 -6.2058E-09
 -4.8945E-09
 -6.2058E-09
 -3.6490E-09
 -4.2943E-09
 -3.6490E-09
  1.9993E-16
  5.9187E-16
  3.1458E-16
  3.6490E-09
  4.2943E-09
  3.6490E-09
  1.3800E-10
 -3.1326E-10
  1.3800E-10
  7.6523E-16
  4.8794E-16
  9.6002E-17
 -1.3800E-10
  3.1326E-10
 -1.3800E-10
 -1.3545E-11
  9.5267E-11
 -1.3546E-11
  4.0071E-17
  4.0071E-17
 -7.4574E-17
  1.3545E-11
 -9.5267E-11
  1.3546E-11
  1.0062E-11
  1.2536E-12
  1.0063E-11
 -6.8509E-16
 -1.8129E-15
 -1.1437E-15
 -1.0063E-11
 -1.2568E-12
 -1.0066E-11
 -1.6785E-12
 -1.5023E-12
 -1.6791E-12
 -1.2770E-15
 -1.2770E-15
 -1.3916E-15
  1.6758E-12
  1.5001E-12
  1.6767E-12
  8.2622E-14
  6.1313E-14
  8.3994E-14
 -1.6209E-15
 -1.8315E-15
 -1.2770E-15
 -8.5481E-14
 -6.4743E-14
 -8.5481E-14
  1.4780E-15
  1.0018E-14
  2.6732E-15
 -1.5263E-15
 -5.1312E-16
 -1.5836E-15
 -3.6314E-15
 -1.1069E-14
 -5.8870E-15
  8.0822E-16
 -2.7732E-16
 -3.0599E-16
  1.1865E-15
  5.8715E-17
 -8.9712E-16
  1.7225E-15
  6.1330E-16
 -1.6423E-15
  2.1875E-15
 -1.6838E-16
  3.1886E-16
  1.2998E-15
  2.2929E-16
  8.4119E-16
  2.2929E-16
  1.1465E-15
  1.5677E-15
 -2.6220E-16
 -4.8074E-16
 -1.2044E-15
  7.4380E-16
 -4.9865E-16
 -7.2794E-16
  1.1837E-15
 -6.1330E-16
 -6.1330E-16
  4.7013E-16
  1.2783E-15
  7.7677E-16
  2.0235E-15
  1.6223E-15
  3.7983E-16
  3.2473E-15
  1.2210E-15
 -1.1743E-16
 -1.1084E-15
  1.9196E-15
  2.0020E-15
  6.8509E-16
  2.2528E-15
  2.0809E-15
  2.3675E-15
  1.6796E-15
  2.1382E-15
 -9.5431E-16
  2.0952E-15
  2.5896E-15
  7.9973E-16
  2.5968E-15
  2.8261E-15
  2.3675E-15
  2.3675E-15
  2.8261E-15
   3.0000E-01
 -5.7933E-02
 -5.8151E-02
 -5.7933E-02
 -2.2204E-16
 -3.3307E-16
 -3.3307E-16
  5.7933E-02
  5.8151E-02
  5.7933E-02
 -1.5652E-02
 -1.5620E-02
 -1.5652E-02
 -2.1424E-16
 -2.1380E-16
 -6.8088E-17
  1.5652E-02
  1.5620E-02
  1.5652E-02
  1.8217E-03
  1.9739E-03
  1.8217E-03
 -3.2096E-16
 -2.3759E-16
 -3.2090E-16
 -1.8217E-03
 -1.9739E-03
 -1.8217E-03
 -1.5386E-05
  2.9103E-04
 -1.5386E-05
 -1.1640E-16
  1.0706E-18
 -2.9244E-16
  1.5386E-05
 -2.9103E-04
  1.5386E-05
  2.8638E-06
 -5.2881E-05
  2.8638E-06
  4.6802E-16
 -2.1210E-18
  1.1499E-16
 -2.8638E-06
  5.2881E-05
 -2.8638E-06
 -5.2566E-06
 -4.9637E-06
 -5.2566E-06
  2.9048E-16
  5.6515E-17
 -6.2511E-17
  5.2566E-06
  4.9637E-06
  5.2566E-06
  7.9423E-07
  1.7551E-06
  7.9423E-07
  5.2940E-23
 -6.0495E-17
 -1.1899E-16
 -7.9423E-07
 -1.7551E-06
 -7.9423E-07
  2.2039E-08
 -8.1926E-08
  2.2039E-08
 -3.5098E-16
  2.3599E-16
 -2.3399E-16
 -2.2039E-08
  8.1926E-08
 -2.2039E-08
 -1.8923E-08
 -1.7310E-08
 -1.8923E-08
 -2.9248E-16
 -1.1500E-16
 -2.3199E-16
  1.8923E-08
  1.7310E-08
  1.8923E-08
  2.0616E-09
  1.2362E-09
  2.0616E-09
  2.3399E-16
  1.1699E-16
 -5.8497E-17
 -2.0616E-09
 -1.2362E-09
 -2.0616E-09
 -8.1977E-11
  3.2669E-10
 -8.1977E-11
  6.4546E-16
  2.9248E-16
  9.3995E-16
  8.1978E-11
 -3.2669E-10
  8.1979E-11
  2.0001E-11
 -3.1207E-11
  2.0000E-11
  8.2295E-16
 -5.8497E-17
 -6.4623E-27
 -2.0000E-11
  3.1207E-11
 -2.0000E-11
 -6.6215E-12
 -8.1857E-12
 -6.6194E-12
 -2.9648E-16
 -5.8897E-16
  5.8497E-17
  6.6202E-12
  8.1846E-12
  6.6190E-12
  6.5911E-13
  1.7606E-12
  6.5901E-13
 -6.4746E-16
  1.7549E-16
 -5.8897E-16
 -6.6029E-13
 -1.7602E-12
 -6.6005E-13
  6.0560E-14
 -5.5311E-14
  6.0337E-14
  1.1699E-16
  5.8497E-17
  5.8497E-17
 -6.0443E-14
  5.5227E-14
 -6.0443E-14
 -2.1747E-14
 -1.3814E-14
 -2.3408E-14
  7.0196E-16
  4.0948E-16
 -2.9648E-16
  2.3093E-14
  1.4709E-14
  2.2625E-14
  2.9358E-15
  1.7204E-15
  3.2758E-15
  1.1779E-15
  3.5498E-16
  8.8545E-16
 -6.8598E-16
 -9.5194E-16
 -1.3879E-15
 -8.7064E-17
 -8.4089E-17
 -1.6379E-15
 -2.2999E-16
 -4.6398E-16
 -7.5646E-16
 -2.3399E-16
 -6.9397E-16
  2.4198E-16
  3.2905E-16
 -3.6195E-16
 -1.0968E-16
  8.2295E-16
 -3.5098E-16
  1.2099E-16
  1.4119E-15
  0.0000E+00
  9.4394E-16
 -9.5126E-16
  5.4841E-16
  5.3378E-16
  9.9845E-16
  8.7745E-16
 -3.9966E-18
  2.8238E-15
  4.6798E-16
 -4.7597E-16
  1.7483E-15
  3.7817E-15
 -3.2973E-16
  5.8897E-16
  2.2269E-15
  1.5209E-15
 -4.6798E-16
 -4.7597E-16
  3.2838E-15
