Scalar STRAINXY under NLStatic for nodeset
189
   0.0000E+00
  0.0000E+00
  0.0000E+00
  0.0000E+00
  0.0000E+00
  0.0000E+00
  0.0000E+00
  0.0000E+00
  0.0000E+00
  0.0000E+00
  0.0000E+00
  0.0000E+00
  0.0000E+00
  0.0000E+00
  0.0000E+00
  0.0000E+00
  0.0000E+00
  0.0000E+00
  0.0000E+00
  0.0000E+00
  0.0000E+00
  0.0000E+00
  0.0000E+00
  0.0000E+00
  0.0000E+00
  0.0000E+00
  0.0000E+00
  0.0000E+00
  0.0000E+00
  0.0000E+00
  0.0000E+00
  0.0000E+00
  0.0000E+00
  0.0000E+00
  0.0000E+00
  0.0000E+00
  0.0000E+00
  0.0000E+00
  0.0000E+00
  0.0000E+00
  0.0000E+00
  0.0000E+00
  0.0000E+00
  0.0000E+00
  0.0000E+00
  0.0000E+00
  0.0000E+00
  0.0000E+00
  0.0000E+00
  0.0000E+00
  0.0000E+00
  0.0000E+00
  0.0000E+00
  0.0000E+00
  0.0000E+00
  0.0000E+00
  0.0000E+00
  0.0000E+00
  0.0000E+00
  0.0000E+00
  0.0000E+00
  0.0000E+00
  0.0000E+00
  0.0000E+00
  0.0000E+00
  0.0000E+00
  0.0000E+00
  0.0000E+00
  0.0000E+00
  0.0000E+00
  0.0000E+00
  0.0000E+00
  0.0000E+00
  0.0000E+00
  0.0000E+00
  0.0000E+00
  0.0000E+00
  0.0000E+00
  0.0000E+00
  0.0000E+00
  0.0000E+00
  0.0000E+00
  0.0000E+00
  0.0000E+00
  0.0000E+00
  0.0000E+00
  0.0000E+00
  0.0000E+00
  0.0000E+00
  0.0000E+00
  0.0000E+00
  0.0000E+00
  0.0000E+00
  0.0000E+00
  0.0000E+00
  0.0000E+00
  0.0000E+00
  0.0000E+00
  0.0000E+00
  0.0000E+00
  0.0000E+00
  0.0000E+00
  0.0000E+00
  0.0000E+00
  0.0000E+00
  0.0000E+00
  0.0000E+00
  0.0000E+00
  0.0000E+00
  0.0000E+00
  0.0000E+00
  0.0000E+00
  0.0000E+00
  0.0000E+00
  0.0000E+00
  0.0000E+00
  0.0000E+00
  0.0000E+00
  0.0000E+00
  0.0000E+00
  0.0000E+00
  0.0000E+00
  0.0000E+00
  0.0000E+00
  0.0000E+00
  0.0000E+00
  0.0000E+00
  0.0000E+00
  0.0000E+00
  0.0000E+00
  0.0000E+00
  0.0000E+00
  0.0000E+00
  0.0000E+00
  0.0000E+00
  0.0000E+00
  0.0000E+00
  0.0000E+00
  0.0000E+00
  0.0000E+00
  0.0000E+00
  0.0000E+00
  0.0000E+00
  0.0000E+00
  0.0000E+00
  0.0000E+00
  0.0000E+00
  0.0000E+00
  0.0000E+00
  0.0000E+00
  0.0000E+00
  0.0000E+00
  0.0000E+00
  0.0000E+00
  0.0000E+00
  0.0000E+00
  0.0000E+00
  0.0000E+00
  0.0000E+00
  0.0000E+00
  0.0000E+00
  0.0000E+00
  0.0000E+00
  0.0000E+00
  0.0000E+00
  0.0000E+00
  0.0000E+00
  0.0000E+00
  0.0000E+00
  0.0000E+00
  0.0000E+00
  0.0000E+00
  0.0000E+00
  0.0000E+00
  0.0000E+00
  0.0000E+00
  0.0000E+00
  0.0000E+00
  0.0000E+00
  0.0000E+00
  0.0000E+00
  0.0000E+00
  0.0000E+00
  0.0000E+00
  0.0000E+00
  0.0000E+00
  0.0000E+00
  0.0000E+00
  0.0000E+00
  0.0000E+00
   1.0000E-01
  0.0000E+00
  0.0000E+00
  0.0000E+00
  0.0000E+00
  0.0000E+00
  0.0000E+00
  0.0000E+00
  0.0000E+00
  0.0000E+00
 -9.3577E-05
 -9.4199E-15
  9.3577E-05
  6.9268E-16
  0.0000E+00
 -6.8053E-16
  9.3577E-05
  9.4356E-15
 -9.3577E-05
  7.0753E-04
 -6.3392E-15
 -7.0753E-04
  4.5209E-16
  1.1277E-16
 -8.6574E-17
 -7.0753E-04
  6.1013E-15
  7.0753E-04
 -1.2025E-04
 -3.6206E-15
  1.2025E-04
  4.4970E-16
  1.1272E-16
 -3.1582E-16
  1.2025E-04
  3.8188E-15
 -1.2025E-04
  7.2517E-06
 -2.5588E-16
 -7.2517E-06
  2.2556E-16
  2.2545E-16
 -8.9237E-18
 -7.2517E-06
  4.5227E-16
  7.2517E-06
 -2.7480E-07
  2.7098E-15
  2.7480E-07
 -2.2545E-16
 -1.1272E-16
  1.8582E-16
  2.7480E-07
 -2.9309E-15
 -2.7480E-07
  5.9081E-08
  6.1928E-15
 -5.9081E-08
 -6.7635E-16
  9.5856E-28
  6.0589E-16
 -5.9081E-08
 -6.0871E-15
  5.9081E-08
 -3.1636E-09
  7.9119E-15
  3.1636E-09
 -2.2545E-16
  1.1272E-16
  5.3720E-16
  3.1636E-09
 -8.1162E-15
 -3.1636E-09
 -1.3367E-09
  8.7485E-15
  1.3367E-09
 -4.5090E-16
  2.2545E-16
  9.9955E-16
  1.3367E-09
 -8.5671E-15
 -1.3367E-09
  2.4752E-10
  8.0281E-15
 -2.4751E-10
 -4.5090E-16
 -1.1272E-16
  2.9766E-16
 -2.4752E-10
 -8.1162E-15
  2.4751E-10
 -1.9482E-11
  6.3408E-15
  1.9495E-11
 -2.2545E-16
  1.1272E-16
  6.6050E-16
  1.9481E-11
 -6.3126E-15
 -1.9493E-11
  1.7533E-12
  3.3791E-15
 -1.7469E-12
 -6.7635E-16
 -3.3817E-16
  9.8634E-17
 -1.7544E-12
 -4.0581E-15
  1.7469E-12
 -2.7031E-13
 -3.5050E-16
  2.7076E-13
 -2.2545E-16
  1.8554E-27
  3.1880E-16
  2.7054E-13
  3.5934E-26
 -2.7151E-13
  1.6593E-14
 -2.7441E-15
 -2.1580E-14
  6.7635E-16
  3.3817E-16
  1.5500E-16
 -1.6232E-14
  3.1563E-15
  2.2353E-14
 -3.6882E-15
 -6.2862E-15
 -8.3504E-15
  6.7635E-16
  1.0413E-27
 -6.0501E-16
  4.5090E-15
  6.0871E-15
  7.2743E-15
 -7.9559E-15
 -8.0898E-15
 -8.0440E-15
  4.5090E-16
  2.5993E-28
 -5.5570E-16
  8.5671E-15
  7.6653E-15
  6.3742E-15
 -7.9982E-15
 -8.3592E-15
 -8.8841E-15
  6.7635E-16
 -2.2545E-16
 -7.6882E-16
  1.0371E-14
  8.3416E-15
  7.1932E-15
 -7.8203E-15
 -7.6565E-15
 -8.1778E-15
  9.0180E-16
  2.2545E-16
 -4.5266E-16
  9.0180E-15
  7.8907E-15
  7.4451E-15
 -5.4583E-15
 -5.8168E-15
 -6.3091E-15
  4.5090E-16
 -2.2545E-16
 -6.0237E-16
  6.3126E-15
  5.8617E-15
  6.1435E-15
 -1.7983E-15
 -3.8837E-15
 -3.9859E-15
  1.1272E-15
 -2.2545E-16
 -6.4905E-16
  4.0581E-15
  3.3817E-15
  2.5803E-15
 -1.2875E-15
 -1.0920E-16
 -3.4346E-16
 -4.5090E-16
  1.8332E-27
  7.2038E-16
  4.5090E-16
  1.5718E-27
  1.5006E-15
   2.0000E-01
  0.0000E+00
  0.0000E+00
  0.0000E+00
  0.0000E+00
  0.0000E+00
  0.0000E+00
  0.0000E+00
  0.0000E+00
  0.0000E+00
 -4.4902E-05
 -7.1833E-16
  4.4902E-05
  5.7640E-16
  0.0000E+00
 -3.6548E-16
  4.4902E-05
  7.2457E-16
 -4.4902E-05
  1.5831E-03
 -4.7380E-16
 -1.5831E-03
  1.6263E-19
 -1.1473E-16
  1.9348E-16
 -1.5831E-03
  2.3007E-16
  1.5831E-03
 -3.2347E-04
 -3.0512E-16
  3.2347E-04
 -1.7618E-19
 -3.3087E-24
  2.4395E-19
  3.2347E-04
  2.2638E-16
 -3.2347E-04
  2.5325E-05
 -1.5807E-16
 -2.5325E-05
 -2.2925E-16
 -5.1699E-26
  1.1819E-16
 -2.5325E-05
  2.2972E-16
  2.5325E-05
 -7.3835E-07
 -6.4471E-17
  7.3835E-07
 -2.2929E-16
  0.0000E+00
  1.3614E-16
  7.3835E-07
 -1.6570E-20
 -7.3835E-07
  9.1807E-08
  6.7712E-16
 -9.1807E-08
  4.5858E-16
  4.3387E-30
  6.8070E-17
 -9.1807E-08
 -9.1716E-16
  9.1807E-08
 -1.2919E-08
  2.6870E-16
  1.2919E-08
 -1.5716E-23
  2.7610E-30
  1.0031E-16
  1.2919E-08
 -4.5858E-16
 -1.2919E-08
 -3.1332E-09
  6.3413E-16
  3.1332E-09
 -4.1359E-25
 -1.1465E-16
  3.1527E-16
  3.1332E-09
 -9.1716E-16
 -3.1332E-09
  1.0633E-09
  7.5594E-16
 -1.0633E-09
 -2.5849E-25
  1.9598E-30
 -2.1496E-17
 -1.0633E-09
 -9.1716E-16
  1.0633E-09
 -1.3050E-10
  7.7027E-16
  1.3050E-10
 -2.2929E-16
  0.0000E+00
  2.0779E-16
  1.3050E-10
 -6.8787E-16
 -1.3050E-10
  9.7011E-12
  5.7323E-17
 -9.7004E-12
 -9.2896E-27
  1.1845E-29
  3.0811E-16
 -9.7013E-12
 -2.2929E-16
  9.7009E-12
 -9.4797E-13
 -7.1653E-18
  9.4847E-13
  4.5858E-16
  1.1465E-16
  8.9566E-17
  9.4789E-13
 -2.2929E-16
 -9.4822E-13
  1.1849E-13
 -8.1326E-16
 -1.1892E-13
  4.5858E-16
  2.1977E-29
  2.0779E-16
 -1.1923E-13
 -2.1520E-27
  1.1937E-13
 -1.4689E-15
 -5.8756E-16
  4.3708E-16
  1.1465E-16
 -1.1465E-16
 -1.5764E-16
  1.8343E-15
  6.8787E-16
 -2.2929E-16
 -2.2212E-15
 -9.0999E-16
  2.4075E-15
  3.4394E-16
  2.2929E-16
  2.9736E-16
  2.7515E-15
  1.1465E-15
 -2.0994E-15
 -6.7354E-16
 -1.2647E-15
 -1.6767E-15
 -1.1465E-16
 -1.7197E-16
  3.2244E-17
  7.8886E-31
  5.7323E-16
  1.4904E-15
 -6.4488E-16
 -1.0640E-15
 -1.0748E-15
  4.5858E-16
  5.7323E-17
 -1.1823E-16
  1.3757E-15
  9.1716E-16
  5.0157E-16
  6.3055E-16
 -2.4720E-16
 -3.2244E-16
  1.9031E-29
  1.5925E-29
  4.8008E-16
  9.1716E-16
  4.5858E-16
  1.5764E-16
 -1.3614E-16
 -1.0031E-16
 -5.3740E-16
  7.8886E-31
  4.9304E-31
 -1.7913E-17
  4.5858E-16
 -1.9722E-31
 -2.1496E-17
  4.4425E-16
 -5.6964E-16
 -2.7228E-16
 -2.5441E-29
 -1.1465E-16
  2.6870E-16
 -4.5858E-16
 -3.9443E-31
  1.4331E-16
   3.0000E-01
  0.0000E+00
  0.0000E+00
  0.0000E+00
  0.0000E+00
  0.0000E+00
  0.0000E+00
  0.0000E+00
  0.0000E+00
  0.0000E+00
  2.0912E-04
 -3.0573E-16
 -2.0912E-04
 -1.3245E-16
 -5.8750E-17
  3.1599E-16
 -2.0912E-04
  8.4026E-18
  2.0912E-04
  2.8256E-03
  1.6144E-16
 -2.8256E-03
 -1.1655E-16
  5.8578E-17
  3.3220E-16
 -2.8256E-03
  2.3408E-16
  2.8256E-03
 -7.1684E-04
 -3.5237E-18
  7.1684E-04
  3.5117E-16
  5.8482E-17
 -2.0131E-16
  7.1684E-04
 -2.3405E-16
 -7.1684E-04
  6.8228E-05
 -6.5774E-17
 -6.8228E-05
  1.1705E-16
  0.0000E+00
 -1.0611E-16
 -6.8228E-05
 -6.0986E-20
  6.8228E-05
 -2.2488E-07
  1.2430E-16
  2.2488E-07
 -1.1700E-16
  1.6156E-27
  2.9615E-16
  2.2488E-07
 -2.3399E-16
 -2.2488E-07
 -4.1071E-07
 -2.6689E-16
  4.1071E-07
  2.3399E-16
 -5.8497E-17
 -5.8497E-17
  4.1071E-07
  4.6798E-16
 -4.1071E-07
  1.7970E-08
 -6.9465E-17
 -1.7970E-08
  1.0753E-23
  1.1699E-16
  2.5227E-16
 -1.7970E-08
 -1.1699E-16
  1.7970E-08
 -9.6375E-09
  5.4841E-17
  9.6375E-09
  1.1699E-16
 -7.6421E-31
  8.7745E-17
  9.6375E-09
 -2.3399E-16
 -9.6375E-09
  4.5882E-09
 -4.3873E-17
 -4.5882E-09
  3.5098E-16
  5.8497E-17
  1.2431E-16
 -4.5882E-09
 -2.3399E-16
  4.5882E-09
 -8.5697E-10
 -3.6561E-17
  8.5697E-10
 -1.1699E-16
 -1.7549E-16
  5.4841E-17
  8.5697E-10
 -2.3399E-16
 -8.5697E-10
  7.2466E-11
  2.1205E-16
 -7.2465E-11
  3.5098E-16
 -5.8497E-17
 -3.7292E-16
 -7.2466E-11
  6.4623E-27
  7.2466E-11
 -4.5246E-13
 -3.6561E-17
  4.5271E-13
  3.5098E-16
 -5.8497E-17
  1.4624E-16
  4.5253E-13
 -4.6798E-16
 -4.5256E-13
 -4.2971E-13
 -1.6087E-16
  4.3025E-13
 -1.1699E-16
 -1.7549E-16
  3.6926E-16
  4.3054E-13
  1.1699E-16
 -4.2995E-13
  6.6460E-14
 -3.7657E-16
 -6.6921E-14
 -5.8497E-16
 -1.1699E-16
  4.1679E-16
 -6.7389E-14
 -4.1021E-29
  6.7228E-14
 -2.3889E-14
  4.0217E-16
  2.4576E-14
 -2.3666E-30
  5.8497E-17
  1.3162E-16
  2.3867E-14
 -2.3399E-16
 -2.4188E-14
  6.8880E-15
 -6.5809E-17
 -7.0635E-15
 -1.0058E-29
  1.1699E-16
  3.7657E-16
 -6.5517E-15
 -2.3399E-16
  6.4127E-15
 -7.8240E-16
  1.8280E-16
  6.7272E-16
  4.0429E-30
 -5.8497E-17
 -6.5809E-17
  1.8719E-15
  2.3399E-16
 -8.2627E-16
  7.6777E-16
 -2.5592E-17
 -7.4584E-16
  4.6798E-16
  1.7549E-16
 -2.7786E-16
 -9.3595E-16
 -4.6798E-16
 -3.9485E-16
  6.4347E-16
  8.4089E-17
  1.1699E-16
  5.9165E-31
  5.8497E-17
  3.8754E-16
  0.0000E+00
  1.1699E-16
  1.8280E-16
 -5.3378E-16
  1.1334E-16
 -7.8240E-16
 -1.1699E-16
 -1.7549E-16
 -4.7529E-16
 -5.9165E-31
 -8.1896E-16
 -5.7766E-16
