Scalar STRESSP1 under NLStatic for nodeset
189
   0.0000E+00
  0.0000E+00
  0.0000E+00
  0.0000E+00
  0.0000E+00
  0.0000E+00
  0.0000E+00
  0.0000E+00
  0.0000E+00
  0.0000E+00
  0.0000E+00
  0.0000E+00
  0.0000E+00
  0.0000E+00
  0.0000E+00
  0.0000E+00
  0.0000E+00
  0.0000E+00
  0.0000E+00
  0.0000E+00
  0.0000E+00
  0.0000E+00
  0.0000E+00
  0.0000E+00
  0.0000E+00
  0.0000E+00
  0.0000E+00
  0.0000E+00
  0.0000E+00
  0.0000E+00
  0.0000E+00
  0.0000E+00
  0.0000E+00
  0.0000E+00
  0.0000E+00
  0.0000E+00
  0.0000E+00
  0.0000E+00
  0.0000E+00
  0.0000E+00
  0.0000E+00
  0.0000E+00
  0.0000E+00
  0.0000E+00
  0.0000E+00
  0.0000E+00
  0.0000E+00
  0.0000E+00
  0.0000E+00
  0.0000E+00
  0.0000E+00
  0.0000E+00
  0.0000E+00
  0.0000E+00
  0.0000E+00
  0.0000E+00
  0.0000E+00
  0.0000E+00
  0.0000E+00
  0.0000E+00
  0.0000E+00
  0.0000E+00
  0.0000E+00
  0.0000E+00
  0.0000E+00
  0.0000E+00
  0.0000E+00
  0.0000E+00
  0.0000E+00
  0.0000E+00
  0.0000E+00
  0.0000E+00
  0.0000E+00
  0.0000E+00
  0.0000E+00
  0.0000E+00
  0.0000E+00
  0.0000E+00
  0.0000E+00
  0.0000E+00
  0.0000E+00
  0.0000E+00
  0.0000E+00
  0.0000E+00
  0.0000E+00
  0.0000E+00
  0.0000E+00
  0.0000E+00
  0.0000E+00
  0.0000E+00
  0.0000E+00
  0.0000E+00
  0.0000E+00
  0.0000E+00
  0.0000E+00
  0.0000E+00
  0.0000E+00
  0.0000E+00
  0.0000E+00
  0.0000E+00
  0.0000E+00
  0.0000E+00
  0.0000E+00
  0.0000E+00
  0.0000E+00
  0.0000E+00
  0.0000E+00
  0.0000E+00
  0.0000E+00
  0.0000E+00
  0.0000E+00
  0.0000E+00
  0.0000E+00
  0.0000E+00
  0.0000E+00
  0.0000E+00
  0.0000E+00
  0.0000E+00
  0.0000E+00
  0.0000E+00
  0.0000E+00
  0.0000E+00
  0.0000E+00
  0.0000E+00
  0.0000E+00
  0.0000E+00
  0.0000E+00
  0.0000E+00
  0.0000E+00
  0.0000E+00
  0.0000E+00
  0.0000E+00
  0.0000E+00
  0.0000E+00
  0.0000E+00
  0.0000E+00
  0.0000E+00
  0.0000E+00
  0.0000E+00
  0.0000E+00
  0.0000E+00
  0.0000E+00
  0.0000E+00
  0.0000E+00
  0.0000E+00
  0.0000E+00
  0.0000E+00
  0.0000E+00
  0.0000E+00
  0.0000E+00
  0.0000E+00
  0.0000E+00
  0.0000E+00
  0.0000E+00
  0.0000E+00
  0.0000E+00
  0.0000E+00
  0.0000E+00
  0.0000E+00
  0.0000E+00
  0.0000E+00
  0.0000E+00
  0.0000E+00
  0.0000E+00
  0.0000E+00
  0.0000E+00
  0.0000E+00
  0.0000E+00
  0.0000E+00
  0.0000E+00
  0.0000E+00
  0.0000E+00
  0.0000E+00
  0.0000E+00
  0.0000E+00
  0.0000E+00
  0.0000E+00
  0.0000E+00
  0.0000E+00
  0.0000E+00
  0.0000E+00
  0.0000E+00
  0.0000E+00
  0.0000E+00
  0.0000E+00
  0.0000E+00
  0.0000E+00
  0.0000E+00
  0.0000E+00
  0.0000E+00
   1.0000E-01
 -5.2729E+01
 -5.0962E+01
 -5.2729E+01
 -5.0962E+01
 -4.9409E+01
 -5.0962E+01
 -5.2729E+01
 -5.0962E+01
 -5.2729E+01
  7.8086E+00
  7.4851E+00
  7.8086E+00
  7.4851E+00
  7.3047E+00
  7.4851E+00
  7.8086E+00
  7.4851E+00
  7.8086E+00
  2.1974E+00
  7.1701E-01
  2.1974E+00
  7.1701E-01
 -8.7950E-01
  7.1701E-01
  2.1974E+00
  7.1701E-01
  2.1974E+00
  2.0567E-01
 -2.3067E-02
  2.0567E-01
 -2.3067E-02
 -2.3900E-01
 -2.3067E-02
  2.0567E-01
 -2.3067E-02
  2.0567E-01
 -2.8497E-02
 -2.1600E-02
 -2.8497E-02
 -2.1600E-02
  3.9404E-02
 -2.1600E-02
 -2.8497E-02
 -2.1600E-02
 -2.8497E-02
 -9.0194E-04
  4.4373E-03
 -9.0195E-04
  4.4373E-03
 -1.1495E-03
  4.4373E-03
 -9.0191E-04
  4.4373E-03
 -9.0194E-04
  5.5723E-04
 -1.5039E-04
  5.5721E-04
 -1.5040E-04
  1.3177E-05
 -1.5039E-04
  5.5725E-04
 -1.5040E-04
  5.5723E-04
 -6.3006E-06
  3.9370E-06
 -6.2928E-06
  3.9325E-06
 -3.1888E-05
  3.9370E-06
 -6.2873E-06
  3.9325E-06
 -6.3006E-06
 -4.1330E-07
 -1.7173E-06
 -4.1604E-07
 -1.7148E-06
  3.1392E-06
 -1.7173E-06
 -4.1986E-07
 -1.7148E-06
 -4.1330E-07
  3.5196E-07
  9.2377E-07
  3.5968E-07
  9.2908E-07
  1.0395E-06
  9.2376E-07
  3.3612E-07
  9.2907E-07
  3.5195E-07
  6.9366E-07
  6.5513E-07
  6.8455E-07
  6.6248E-07
  5.3171E-07
  6.5513E-07
  7.1928E-07
  6.6247E-07
  6.9365E-07
  6.0715E-07
  5.8970E-07
  5.9680E-07
  5.8939E-07
  6.0208E-07
  5.8969E-07
  6.1432E-07
  5.8939E-07
  6.0714E-07
  5.9376E-07
  5.9987E-07
  5.9753E-07
  5.9491E-07
  5.9616E-07
  5.9987E-07
  5.9918E-07
  5.9491E-07
  5.9376E-07
  6.0690E-07
  5.9748E-07
  5.9756E-07
  5.9850E-07
  5.9776E-07
  5.9748E-07
  5.8548E-07
  5.9850E-07
  6.0690E-07
  5.9503E-07
  6.0024E-07
  6.0300E-07
  6.2246E-07
  6.0700E-07
  6.0024E-07
  5.3556E-07
  6.2247E-07
  5.9505E-07
  5.9458E-07
  5.7797E-07
  5.6377E-07
  6.0319E-07
  5.8077E-07
  5.7798E-07
  6.5049E-07
  6.0319E-07
  5.9459E-07
  6.2107E-07
  5.9492E-07
  5.9541E-07
  6.0243E-07
  6.1422E-07
  5.9492E-07
  6.6657E-07
  6.0244E-07
  6.2109E-07
  5.9686E-07
  5.9911E-07
  5.9474E-07
  6.0297E-07
  5.9649E-07
  5.9912E-07
  6.2075E-07
  6.0297E-07
  5.9687E-07
  6.0018E-07
  5.9439E-07
  5.9394E-07
  6.0348E-07
  5.9599E-07
  5.9440E-07
  6.0679E-07
  6.0348E-07
  6.0019E-07
  5.9841E-07
  5.9495E-07
  5.9242E-07
  6.0029E-07
  5.9623E-07
  5.9495E-07
  6.0369E-07
  6.0030E-07
  5.9842E-07
  5.9724E-07
  5.9426E-07
  5.9155E-07
  5.9921E-07
  5.9613E-07
  5.9427E-07
  6.0164E-07
  5.9922E-07
  5.9725E-07
   2.0000E-01
 -1.1207E+02
 -1.0827E+02
 -1.1207E+02
 -1.0827E+02
 -1.0487E+02
 -1.0827E+02
 -1.1207E+02
 -1.0827E+02
 -1.1207E+02
  1.8513E+01
  1.7967E+01
  1.8513E+01
  1.7967E+01
  1.7489E+01
  1.7967E+01
  1.8513E+01
  1.7967E+01
  1.8513E+01
  4.7546E+00
  1.4419E+00
  4.7546E+00
  1.4419E+00
 -2.1418E+00
  1.4419E+00
  4.7546E+00
  1.4419E+00
  4.7546E+00
  3.9064E-01
 -1.0078E-01
  3.9064E-01
 -1.0078E-01
 -5.3919E-01
 -1.0078E-01
  3.9064E-01
 -1.0078E-01
  3.9064E-01
 -7.2934E-02
 -4.1171E-02
 -7.2934E-02
 -4.1171E-02
  1.1181E-01
 -4.1171E-02
 -7.2933E-02
 -4.1171E-02
 -7.2934E-02
  2.2100E-03
  1.3700E-02
  2.2102E-03
  1.3700E-02
 -5.3199E-03
  1.3700E-02
  2.2087E-03
  1.3700E-02
  2.2100E-03
  1.5604E-03
 -8.7768E-04
  1.5604E-03
 -8.7771E-04
 -1.1478E-04
 -8.7768E-04
  1.5604E-03
 -8.7771E-04
  1.5604E-03
 -1.0917E-04
  1.0280E-05
 -1.0918E-04
  1.0254E-05
 -5.2477E-05
  1.0280E-05
 -1.0932E-04
  1.0254E-05
 -1.0917E-04
  3.9841E-06
  3.4946E-06
  3.9855E-06
  3.4004E-06
  1.7879E-05
  3.4946E-06
  3.9997E-06
  3.4004E-06
  3.9841E-06
  6.6204E-06
  7.6670E-06
  6.8670E-06
  7.5775E-06
  6.7696E-06
  7.6670E-06
  6.0637E-06
  7.5775E-06
  6.6204E-06
  7.0740E-06
  6.5302E-06
  6.0400E-06
  7.1857E-06
  5.5178E-06
  6.5302E-06
  1.1398E-05
  7.1857E-06
  7.0740E-06
  6.0396E-06
  5.8983E-06
  6.2411E-06
  6.1052E-06
  6.1537E-06
  5.8983E-06
  5.9011E-06
  6.1052E-06
  6.0396E-06
  6.0993E-06
  5.9784E-06
  5.8685E-06
  6.1981E-06
  5.9750E-06
  5.9784E-06
  6.3490E-06
  6.1981E-06
  6.0993E-06
  6.2114E-06
  5.9036E-06
  5.9304E-06
  6.2648E-06
  5.9536E-06
  5.9036E-06
  6.4190E-06
  6.2648E-06
  6.2114E-06
  6.1692E-06
  6.2024E-06
  5.9832E-06
  6.5349E-06
  5.8227E-06
  6.2024E-06
  6.1468E-06
  6.5349E-06
  6.1692E-06
  6.2444E-06
  6.2051E-06
  6.0283E-06
  6.3704E-06
  6.2557E-06
  6.2051E-06
  6.6991E-06
  6.3704E-06
  6.2444E-06
  6.2213E-06
  5.8749E-06
  6.0366E-06
  5.7199E-06
  6.0975E-06
  5.8749E-06
  6.2287E-06
  5.7199E-06
  6.2213E-06
  6.0922E-06
  6.3136E-06
  6.4259E-06
  5.9313E-06
  6.0321E-06
  6.3136E-06
  5.8270E-06
  5.9313E-06
  6.0922E-06
  6.1735E-06
  6.2742E-06
  6.4667E-06
  5.9570E-06
  5.9749E-06
  6.2742E-06
  5.8683E-06
  5.9570E-06
  6.1735E-06
  6.0977E-06
  6.1887E-06
  6.3340E-06
  5.9315E-06
  5.9828E-06
  6.1887E-06
  5.8454E-06
  5.9315E-06
  6.0977E-06
  6.0367E-06
  6.1457E-06
  6.2763E-06
  5.8816E-06
  5.9819E-06
  6.1457E-06
  5.7472E-06
  5.8816E-06
  6.0367E-06
   3.0000E-01
 -1.8344E+02
 -1.7671E+02
 -1.8344E+02
 -1.7671E+02
 -1.7034E+02
 -1.7671E+02
 -1.8344E+02
 -1.7671E+02
 -1.8344E+02
  3.4097E+01
  3.3523E+01
  3.4097E+01
  3.3523E+01
  3.2649E+01
  3.3523E+01
  3.4097E+01
  3.3523E+01
  3.4097E+01
  8.3634E+00
  2.4704E+00
  8.3634E+00
  2.4704E+00
 -3.9279E+00
  2.4704E+00
  8.3634E+00
  2.4704E+00
  8.3634E+00
  4.6332E-01
 -3.5618E-01
  4.6332E-01
 -3.5618E-01
 -1.0145E+00
 -3.5618E-01
  4.6332E-01
 -3.5618E-01
  4.6332E-01
 -1.5390E-01
 -5.1336E-02
 -1.5390E-01
 -5.1335E-02
  2.6768E-01
 -5.1336E-02
 -1.5390E-01
 -5.1335E-02
 -1.5390E-01
  1.7419E-02
  3.6348E-02
  1.7418E-02
  3.6349E-02
 -1.7088E-02
  3.6348E-02
  1.7423E-02
  3.6349E-02
  1.7419E-02
  3.9552E-03
 -3.5998E-03
  3.9555E-03
 -3.5999E-03
 -1.1823E-03
 -3.5998E-03
  3.9544E-03
 -3.5999E-03
  3.9552E-03
 -7.5326E-04
 -3.2034E-05
 -7.5324E-04
 -3.2095E-05
  8.3998E-05
 -3.2034E-05
 -7.5330E-04
 -3.2095E-05
 -7.5326E-04
  3.2527E-05
  3.0887E-05
  3.2543E-05
  3.0890E-05
  3.2257E-05
  3.0887E-05
  3.2502E-05
  3.0890E-05
  3.2527E-05
  8.2101E-06
  3.5622E-06
  8.2361E-06
  3.4538E-06
 -5.3898E-07
  3.5622E-06
  8.2442E-06
  3.4538E-06
  8.2102E-06
  9.1985E-07
 -1.3253E-07
  9.3766E-07
 -1.0768E-07
 -1.7299E-06
 -1.3250E-07
  4.2434E-07
 -1.0765E-07
  9.1991E-07
 -1.3484E-07
 -1.9620E-08
 -3.1889E-08
 -1.4239E-07
  3.3679E-07
 -1.9639E-08
 -2.1567E-07
 -1.4240E-07
 -1.3492E-07
  5.2103E-08
  5.3987E-08
  3.4790E-08
  5.1467E-08
 -1.9116E-08
  5.3990E-08
 -2.2570E-08
  5.1453E-08
  5.2086E-08
  2.7475E-08
  1.9403E-08
  8.6798E-09
  2.5856E-08
 -1.3110E-08
  1.9395E-08
  7.0412E-08
  2.5850E-08
  2.7472E-08
  6.5175E-08
  1.3152E-08
  7.3855E-08
  8.3807E-08
  1.2250E-07
  1.3158E-08
  1.3568E-07
  8.3825E-08
  6.5237E-08
 -1.5801E-08
 -4.8360E-07
 -9.4163E-07
  3.1592E-07
 -3.5515E-07
 -4.8375E-07
  1.7096E-06
  3.1575E-07
 -1.6168E-08
  1.1561E-07
  1.7210E-07
  2.7130E-07
  1.9724E-07
  8.9034E-08
  1.7213E-07
 -7.8551E-08
  1.9728E-07
  1.1564E-07
  7.6070E-08
  6.7628E-08
  1.1606E-07
  2.5948E-08
 -1.7380E-08
  6.7631E-08
  5.7066E-08
  2.5954E-08
  7.6077E-08
  1.6035E-07
  2.0513E-07
  2.9609E-07
  1.2490E-08
  3.3821E-09
  2.0515E-07
  4.9895E-09
  1.2531E-08
  1.6040E-07
  1.3025E-07
  2.1444E-07
  3.3576E-07
 -3.1457E-08
  6.2250E-10
  2.1448E-07
 -8.2605E-08
 -3.1411E-08
  1.3033E-07
  6.8823E-08
  1.9931E-07
  3.4688E-07
 -1.1779E-07
  6.6714E-10
  1.9938E-07
 -2.5870E-07
 -1.1774E-07
  6.8934E-08
