Scalar DY under NLStatic for nodeset
189
   0.0000E+00
  0.0000E+00
  0.0000E+00
  0.0000E+00
  0.0000E+00
  0.0000E+00
  0.0000E+00
  0.0000E+00
  0.0000E+00
  0.0000E+00
  0.0000E+00
  0.0000E+00
  0.0000E+00
  0.0000E+00
  0.0000E+00
  0.0000E+00
  0.0000E+00
  0.0000E+00
  0.0000E+00
  0.0000E+00
  0.0000E+00
  0.0000E+00
  0.0000E+00
  0.0000E+00
  0.0000E+00
  0.0000E+00
  0.0000E+00
  0.0000E+00
  0.0000E+00
  0.0000E+00
  0.0000E+00
  0.0000E+00
  0.0000E+00
  0.0000E+00
  0.0000E+00
  0.0000E+00
  0.0000E+00
  0.0000E+00
  0.0000E+00
  0.0000E+00
  0.0000E+00
  0.0000E+00
  0.0000E+00
  0.0000E+00
  0.0000E+00
  0.0000E+00
  0.0000E+00
  0.0000E+00
  0.0000E+00
  0.0000E+00
  0.0000E+00
  0.0000E+00
  0.0000E+00
  0.0000E+00
  0.0000E+00
  0.0000E+00
  0.0000E+00
  0.0000E+00
  0.0000E+00
  0.0000E+00
  0.0000E+00
  0.0000E+00
  0.0000E+00
  0.0000E+00
  0.0000E+00
  0.0000E+00
  0.0000E+00
  0.0000E+00
  0.0000E+00
  0.0000E+00
  0.0000E+00
  0.0000E+00
  0.0000E+00
  0.0000E+00
  0.0000E+00
  0.0000E+00
  0.0000E+00
  0.0000E+00
  0.0000E+00
  0.0000E+00
  0.0000E+00
  0.0000E+00
  0.0000E+00
  0.0000E+00
  0.0000E+00
  0.0000E+00
  0.0000E+00
  0.0000E+00
  0.0000E+00
  0.0000E+00
  0.0000E+00
  0.0000E+00
  0.0000E+00
  0.0000E+00
  0.0000E+00
  0.0000E+00
  0.0000E+00
  0.0000E+00
  0.0000E+00
  0.0000E+00
  0.0000E+00
  0.0000E+00
  0.0000E+00
  0.0000E+00
  0.0000E+00
  0.0000E+00
  0.0000E+00
  0.0000E+00
  0.0000E+00
  0.0000E+00
  0.0000E+00
  0.0000E+00
  0.0000E+00
  0.0000E+00
  0.0000E+00
  0.0000E+00
  0.0000E+00
  0.0000E+00
  0.0000E+00
  0.0000E+00
  0.0000E+00
  0.0000E+00
  0.0000E+00
  0.0000E+00
  0.0000E+00
  0.0000E+00
  0.0000E+00
  0.0000E+00
  0.0000E+00
  0.0000E+00
  0.0000E+00
  0.0000E+00
  0.0000E+00
  0.0000E+00
  0.0000E+00
  0.0000E+00
  0.0000E+00
  0.0000E+00
  0.0000E+00
  0.0000E+00
  0.0000E+00
  0.0000E+00
  0.0000E+00
  0.0000E+00
  0.0000E+00
  0.0000E+00
  0.0000E+00
  0.0000E+00
  0.0000E+00
  0.0000E+00
  0.0000E+00
  0.0000E+00
  0.0000E+00
  0.0000E+00
  0.0000E+00
  0.0000E+00
  0.0000E+00
  0.0000E+00
  0.0000E+00
  0.0000E+00
  0.0000E+00
  0.0000E+00
  0.0000E+00
  0.0000E+00
  0.0000E+00
  0.0000E+00
  0.0000E+00
  0.0000E+00
  0.0000E+00
  0.0000E+00
  0.0000E+00
  0.0000E+00
  0.0000E+00
  0.0000E+00
  0.0000E+00
  0.0000E+00
  0.0000E+00
  0.0000E+00
  0.0000E+00
  0.0000E+00
  0.0000E+00
  0.0000E+00
  0.0000E+00
  0.0000E+00
  0.0000E+00
  0.0000E+00
  0.0000E+00
  0.0000E+00
  0.0000E+00
  0.0000E+00
   1.0000E-01
  0.0000E+00
  0.0000E+00
  0.0000E+00
  0.0000E+00
  0.0000E+00
  0.0000E+00
  0.0000E+00
  0.0000E+00
  0.0000E+00
  8.1521E-03
 -1.5543E-15
 -8.1521E-03
  8.1319E-03
 -2.1094E-15
 -8.1319E-03
  8.1521E-03
 -1.5543E-15
 -8.1521E-03
  7.6758E-03
 -7.7716E-15
 -7.6758E-03
  7.8500E-03
 -8.2712E-15
 -7.8500E-03
  7.6758E-03
 -7.8826E-15
 -7.6758E-03
  7.6794E-03
 -1.7486E-14
 -7.6794E-03
  7.6498E-03
 -1.7708E-14
 -7.6498E-03
  7.6794E-03
 -1.7431E-14
 -7.6794E-03
  7.6644E-03
 -2.8866E-14
 -7.6644E-03
  7.6662E-03
 -2.8866E-14
 -7.6662E-03
  7.6644E-03
 -2.8921E-14
 -7.6644E-03
  7.6672E-03
 -4.0468E-14
 -7.6672E-03
  7.6671E-03
 -4.0301E-14
 -7.6671E-03
  7.6672E-03
 -4.0523E-14
 -7.6672E-03
  7.6670E-03
 -5.0515E-14
 -7.6670E-03
  7.6670E-03
 -5.0071E-14
 -7.6670E-03
  7.6670E-03
 -5.0515E-14
 -7.6670E-03
  7.6670E-03
 -5.7343E-14
 -7.6670E-03
  7.6670E-03
 -5.6732E-14
 -7.6670E-03
  7.6670E-03
 -5.7232E-14
 -7.6670E-03
  7.6670E-03
 -5.9841E-14
 -7.6670E-03
  7.6670E-03
 -5.9230E-14
 -7.6670E-03
  7.6670E-03
 -5.9730E-14
 -7.6670E-03
  7.6670E-03
 -5.7621E-14
 -7.6670E-03
  7.6670E-03
 -5.7065E-14
 -7.6670E-03
  7.6670E-03
 -5.7510E-14
 -7.6670E-03
  7.6670E-03
 -5.1181E-14
 -7.6670E-03
  7.6670E-03
 -5.0737E-14
 -7.6670E-03
  7.6670E-03
 -5.1015E-14
 -7.6670E-03
  7.6670E-03
 -4.1578E-14
 -7.6670E-03
  7.6670E-03
 -4.1245E-14
 -7.6670E-03
  7.6670E-03
 -4.1411E-14
 -7.6670E-03
  7.6670E-03
 -3.0198E-14
 -7.6670E-03
  7.6670E-03
 -3.0143E-14
 -7.6670E-03
  7.6670E-03
 -3.0032E-14
 -7.6670E-03
  7.6670E-03
 -1.8596E-14
 -7.6670E-03
  7.6670E-03
 -1.8929E-14
 -7.6670E-03
  7.6670E-03
 -1.8430E-14
 -7.6670E-03
  7.6670E-03
 -8.9373E-15
 -7.6670E-03
  7.6670E-03
 -9.2149E-15
 -7.6670E-03
  7.6670E-03
 -8.7708E-15
 -7.6670E-03
  7.6670E-03
 -2.4425E-15
 -7.6670E-03
  7.6670E-03
 -2.9976E-15
 -7.6670E-03
  7.6670E-03
 -2.6090E-15
 -7.6670E-03
  7.6670E-03
 -1.1102E-16
 -7.6670E-03
  7.6670E-03
 -7.7716E-16
 -7.6670E-03
  7.6670E-03
 -2.7756E-16
 -7.6670E-03
  7.6670E-03
 -2.3870E-15
 -7.6670E-03
  7.6670E-03
 -3.1086E-15
 -7.6670E-03
  7.6670E-03
 -2.8311E-15
 -7.6670E-03
  7.6670E-03
 -8.8818E-15
 -7.6670E-03
  7.6670E-03
 -9.7145E-15
 -7.6670E-03
  7.6670E-03
 -9.6589E-15
 -7.6670E-03
  7.6670E-03
 -1.8319E-14
 -7.6670E-03
  7.6670E-03
 -1.9040E-14
 -7.6670E-03
  7.6670E-03
 -1.9040E-14
 -7.6670E-03
  7.6670E-03
 -2.9476E-14
 -7.6670E-03
  7.6670E-03
 -2.9809E-14
 -7.6670E-03
  7.6670E-03
 -2.9809E-14
 -7.6670E-03
   2.0000E-01
  0.0000E+00
  0.0000E+00
  0.0000E+00
  0.0000E+00
  0.0000E+00
  0.0000E+00
  0.0000E+00
  0.0000E+00
  0.0000E+00
  1.7484E-02
 -5.5511E-17
 -1.7484E-02
  1.7489E-02
 -1.6653E-16
 -1.7489E-02
  1.7484E-02
 -5.5511E-17
 -1.7484E-02
  1.6330E-02
 -4.4409E-16
 -1.6330E-02
  1.6714E-02
 -4.9960E-16
 -1.6714E-02
  1.6330E-02
 -3.8858E-16
 -1.6330E-02
  1.6341E-02
 -1.1102E-15
 -1.6341E-02
  1.6262E-02
 -1.0547E-15
 -1.6262E-02
  1.6341E-02
 -9.4369E-16
 -1.6341E-02
  1.6308E-02
 -1.8874E-15
 -1.6308E-02
  1.6314E-02
 -1.8319E-15
 -1.6314E-02
  1.6308E-02
 -1.6653E-15
 -1.6308E-02
  1.6316E-02
 -2.8866E-15
 -1.6316E-02
  1.6316E-02
 -2.6645E-15
 -1.6316E-02
  1.6316E-02
 -2.5535E-15
 -1.6316E-02
  1.6315E-02
 -3.7192E-15
 -1.6315E-02
  1.6315E-02
 -3.7192E-15
 -1.6315E-02
  1.6315E-02
 -3.5527E-15
 -1.6315E-02
  1.6315E-02
 -4.6629E-15
 -1.6315E-02
  1.6315E-02
 -4.5519E-15
 -1.6315E-02
  1.6315E-02
 -4.4409E-15
 -1.6315E-02
  1.6315E-02
 -5.0515E-15
 -1.6315E-02
  1.6315E-02
 -4.9960E-15
 -1.6315E-02
  1.6315E-02
 -5.0515E-15
 -1.6315E-02
  1.6315E-02
 -5.1625E-15
 -1.6315E-02
  1.6315E-02
 -4.9960E-15
 -1.6315E-02
  1.6315E-02
 -5.0515E-15
 -1.6315E-02
  1.6315E-02
 -4.9405E-15
 -1.6315E-02
  1.6315E-02
 -4.8850E-15
 -1.6315E-02
  1.6315E-02
 -4.7184E-15
 -1.6315E-02
  1.6315E-02
 -4.3299E-15
 -1.6315E-02
  1.6315E-02
 -4.1078E-15
 -1.6315E-02
  1.6315E-02
 -4.1078E-15
 -1.6315E-02
  1.6315E-02
 -3.1086E-15
 -1.6315E-02
  1.6315E-02
 -2.9976E-15
 -1.6315E-02
  1.6315E-02
 -2.8866E-15
 -1.6315E-02
  1.6315E-02
 -1.5543E-15
 -1.6315E-02
  1.6315E-02
 -1.5543E-15
 -1.6315E-02
  1.6315E-02
 -1.2768E-15
 -1.6315E-02
  1.6315E-02
  0.0000E+00
 -1.6315E-02
  1.6315E-02
 -1.1102E-16
 -1.6315E-02
  1.6315E-02
  1.1102E-16
 -1.6315E-02
  1.6315E-02
  1.6653E-15
 -1.6315E-02
  1.6315E-02
  1.1102E-15
 -1.6315E-02
  1.6315E-02
  7.7716E-16
 -1.6315E-02
  1.6315E-02
  2.5535E-15
 -1.6315E-02
  1.6315E-02
  1.9984E-15
 -1.6315E-02
  1.6315E-02
  1.7764E-15
 -1.6315E-02
  1.6315E-02
  2.4425E-15
 -1.6315E-02
  1.6315E-02
  1.9984E-15
 -1.6315E-02
  1.6315E-02
  1.8874E-15
 -1.6315E-02
  1.6315E-02
  1.6653E-15
 -1.6315E-02
  1.6315E-02
  1.1102E-15
 -1.6315E-02
  1.6315E-02
  6.6613E-16
 -1.6315E-02
  1.6315E-02
 -2.2204E-16
 -1.6315E-02
  1.6315E-02
 -6.6613E-16
 -1.6315E-02
  1.6315E-02
 -9.9920E-16
 -1.6315E-02
  1.6315E-02
 -2.0539E-15
 -1.6315E-02
  1.6315E-02
 -2.4425E-15
 -1.6315E-02
  1.6315E-02
 -2.7756E-15
 -1.6315E-02
   3.0000E-01
  0.0000E+00
  0.0000E+00
  0.0000E+00
  0.0000E+00
  0.0000E+00
  0.0000E+00
  0.0000E+00
  0.0000E+00
  0.0000E+00
  2.8966E-02
 -5.5511E-17
 -2.8966E-02
  2.9075E-02
  1.1102E-16
 -2.9075E-02
  2.8966E-02
  0.0000E+00
 -2.8966E-02
  2.6952E-02
  0.0000E+00
 -2.6952E-02
  2.7622E-02
  1.1102E-16
 -2.7622E-02
  2.6952E-02
  0.0000E+00
 -2.6952E-02
  2.6930E-02
  1.1102E-16
 -2.6930E-02
  2.6760E-02
  0.0000E+00
 -2.6760E-02
  2.6930E-02
  1.1102E-16
 -2.6930E-02
  2.6878E-02
  1.1102E-16
 -2.6878E-02
  2.6894E-02
  1.1102E-16
 -2.6894E-02
  2.6878E-02
  1.1102E-16
 -2.6878E-02
  2.6896E-02
  0.0000E+00
 -2.6896E-02
  2.6896E-02
  0.0000E+00
 -2.6896E-02
  2.6896E-02
  1.1102E-16
 -2.6896E-02
  2.6894E-02
 -1.1102E-16
 -2.6894E-02
  2.6894E-02
 -1.1102E-16
 -2.6894E-02
  2.6894E-02
 -1.6653E-16
 -2.6894E-02
  2.6894E-02
 -1.1102E-16
 -2.6894E-02
  2.6894E-02
 -5.5511E-17
 -2.6894E-02
  2.6894E-02
 -5.5511E-17
 -2.6894E-02
  2.6894E-02
  2.2204E-16
 -2.6894E-02
  2.6894E-02
  1.1102E-16
 -2.6894E-02
  2.6894E-02
  1.1102E-16
 -2.6894E-02
  2.6894E-02
  1.1102E-16
 -2.6894E-02
  2.6894E-02
  0.0000E+00
 -2.6894E-02
  2.6894E-02
  0.0000E+00
 -2.6894E-02
  2.6894E-02
  0.0000E+00
 -2.6894E-02
  2.6894E-02
 -1.1102E-16
 -2.6894E-02
  2.6894E-02
 -2.7756E-16
 -2.6894E-02
  2.6894E-02
 -1.1102E-16
 -2.6894E-02
  2.6894E-02
 -2.2204E-16
 -2.6894E-02
  2.6894E-02
 -3.8858E-16
 -2.6894E-02
  2.6894E-02
  2.2204E-16
 -2.6894E-02
  2.6894E-02
  1.1102E-16
 -2.6894E-02
  2.6894E-02
 -2.2204E-16
 -2.6894E-02
  2.6894E-02
  7.7716E-16
 -2.6894E-02
  2.6894E-02
  3.3307E-16
 -2.6894E-02
  2.6894E-02
  1.1102E-16
 -2.6894E-02
  2.6894E-02
  4.4409E-16
 -2.6894E-02
  2.6894E-02
  2.2204E-16
 -2.6894E-02
  2.6894E-02
  0.0000E+00
 -2.6894E-02
  2.6894E-02
  3.3307E-16
 -2.6894E-02
  2.6894E-02
 -1.1102E-16
 -2.6894E-02
  2.6894E-02
 -3.8858E-16
 -2.6894E-02
  2.6894E-02
  7.7716E-16
 -2.6894E-02
  2.6894E-02
  0.0000E+00
 -2.6894E-02
  2.6894E-02
 -2.7756E-16
 -2.6894E-02
  2.6894E-02
  7.7716E-16
 -2.6894E-02
  2.6894E-02
  4.4409E-16
 -2.6894E-02
  2.6894E-02
  1.1102E-16
 -2.6894E-02
  2.6894E-02
  5.5511E-16
 -2.6894E-02
  2.6894E-02
  3.3307E-16
 -2.6894E-02
  2.6894E-02
  2.2204E-16
 -2.6894E-02
  2.6894E-02
  4.4409E-16
 -2.6894E-02
  2.6894E-02
  2.2204E-16
 -2.6894E-02
  2.6894E-02
 -2.2204E-16
 -2.6894E-02
  2.6894E-02
  3.3307E-16
 -2.6894E-02
  2.6894E-02
  1.1102E-16
 -2.6894E-02
  2.6894E-02
 -4.4409E-16
 -2.6894E-02
