Scalar DZ under NLStatic for nodeset
189
   0.0000E+00
  0.0000E+00
  0.0000E+00
  0.0000E+00
  0.0000E+00
  0.0000E+00
  0.0000E+00
  0.0000E+00
  0.0000E+00
  0.0000E+00
  0.0000E+00
  0.0000E+00
  0.0000E+00
  0.0000E+00
  0.0000E+00
  0.0000E+00
  0.0000E+00
  0.0000E+00
  0.0000E+00
  0.0000E+00
  0.0000E+00
  0.0000E+00
  0.0000E+00
  0.0000E+00
  0.0000E+00
  0.0000E+00
  0.0000E+00
  0.0000E+00
  0.0000E+00
  0.0000E+00
  0.0000E+00
  0.0000E+00
  0.0000E+00
  0.0000E+00
  0.0000E+00
  0.0000E+00
  0.0000E+00
  0.0000E+00
  0.0000E+00
  0.0000E+00
  0.0000E+00
  0.0000E+00
  0.0000E+00
  0.0000E+00
  0.0000E+00
  0.0000E+00
  0.0000E+00
  0.0000E+00
  0.0000E+00
  0.0000E+00
  0.0000E+00
  0.0000E+00
  0.0000E+00
  0.0000E+00
  0.0000E+00
  0.0000E+00
  0.0000E+00
  0.0000E+00
  0.0000E+00
  0.0000E+00
  0.0000E+00
  0.0000E+00
  0.0000E+00
  0.0000E+00
  0.0000E+00
  0.0000E+00
  0.0000E+00
  0.0000E+00
  0.0000E+00
  0.0000E+00
  0.0000E+00
  0.0000E+00
  0.0000E+00
  0.0000E+00
  0.0000E+00
  0.0000E+00
  0.0000E+00
  0.0000E+00
  0.0000E+00
  0.0000E+00
  0.0000E+00
  0.0000E+00
  0.0000E+00
  0.0000E+00
  0.0000E+00
  0.0000E+00
  0.0000E+00
  0.0000E+00
  0.0000E+00
  0.0000E+00
  0.0000E+00
  0.0000E+00
  0.0000E+00
  0.0000E+00
  0.0000E+00
  0.0000E+00
  0.0000E+00
  0.0000E+00
  0.0000E+00
  0.0000E+00
  0.0000E+00
  0.0000E+00
  0.0000E+00
  0.0000E+00
  0.0000E+00
  0.0000E+00
  0.0000E+00
  0.0000E+00
  0.0000E+00
  0.0000E+00
  0.0000E+00
  0.0000E+00
  0.0000E+00
  0.0000E+00
  0.0000E+00
  0.0000E+00
  0.0000E+00
  0.0000E+00
  0.0000E+00
  0.0000E+00
  0.0000E+00
  0.0000E+00
  0.0000E+00
  0.0000E+00
  0.0000E+00
  0.0000E+00
  0.0000E+00
  0.0000E+00
  0.0000E+00
  0.0000E+00
  0.0000E+00
  0.0000E+00
  0.0000E+00
  0.0000E+00
  0.0000E+00
  0.0000E+00
  0.0000E+00
  0.0000E+00
  0.0000E+00
  0.0000E+00
  0.0000E+00
  0.0000E+00
  0.0000E+00
  0.0000E+00
  0.0000E+00
  0.0000E+00
  0.0000E+00
  0.0000E+00
  0.0000E+00
  0.0000E+00
  0.0000E+00
  0.0000E+00
  0.0000E+00
  0.0000E+00
  0.0000E+00
  0.0000E+00
  0.0000E+00
  0.0000E+00
  0.0000E+00
  0.0000E+00
  0.0000E+00
  0.0000E+00
  0.0000E+00
  0.0000E+00
  0.0000E+00
  0.0000E+00
  0.0000E+00
  0.0000E+00
  0.0000E+00
  0.0000E+00
  0.0000E+00
  0.0000E+00
  0.0000E+00
  0.0000E+00
  0.0000E+00
  0.0000E+00
  0.0000E+00
  0.0000E+00
  0.0000E+00
  0.0000E+00
  0.0000E+00
  0.0000E+00
  0.0000E+00
  0.0000E+00
  0.0000E+00
  0.0000E+00
  0.0000E+00
  0.0000E+00
  0.0000E+00
  0.0000E+00
   1.0000E-01
  0.0000E+00
  0.0000E+00
  0.0000E+00
  0.0000E+00
  0.0000E+00
  0.0000E+00
  0.0000E+00
  0.0000E+00
  0.0000E+00
 -2.4787E-02
 -2.3094E-02
 -2.4787E-02
 -2.3094E-02
 -2.1344E-02
 -2.3094E-02
 -2.4787E-02
 -2.3094E-02
 -2.4787E-02
 -4.9861E-02
 -4.9810E-02
 -4.9861E-02
 -4.9810E-02
 -4.9761E-02
 -4.9810E-02
 -4.9861E-02
 -4.9810E-02
 -4.9861E-02
 -7.6294E-02
 -7.6295E-02
 -7.6294E-02
 -7.6295E-02
 -7.6346E-02
 -7.6295E-02
 -7.6294E-02
 -7.6295E-02
 -7.6294E-02
 -1.0276E-01
 -1.0276E-01
 -1.0276E-01
 -1.0276E-01
 -1.0276E-01
 -1.0276E-01
 -1.0276E-01
 -1.0276E-01
 -1.0276E-01
 -1.2921E-01
 -1.2921E-01
 -1.2921E-01
 -1.2921E-01
 -1.2921E-01
 -1.2921E-01
 -1.2921E-01
 -1.2921E-01
 -1.2921E-01
 -1.5566E-01
 -1.5566E-01
 -1.5566E-01
 -1.5566E-01
 -1.5566E-01
 -1.5566E-01
 -1.5566E-01
 -1.5566E-01
 -1.5566E-01
 -1.8211E-01
 -1.8211E-01
 -1.8211E-01
 -1.8211E-01
 -1.8211E-01
 -1.8211E-01
 -1.8211E-01
 -1.8211E-01
 -1.8211E-01
 -2.0857E-01
 -2.0857E-01
 -2.0857E-01
 -2.0857E-01
 -2.0857E-01
 -2.0857E-01
 -2.0857E-01
 -2.0857E-01
 -2.0857E-01
 -2.3502E-01
 -2.3502E-01
 -2.3502E-01
 -2.3502E-01
 -2.3502E-01
 -2.3502E-01
 -2.3502E-01
 -2.3502E-01
 -2.3502E-01
 -2.6147E-01
 -2.6147E-01
 -2.6147E-01
 -2.6147E-01
 -2.6147E-01
 -2.6147E-01
 -2.6147E-01
 -2.6147E-01
 -2.6147E-01
 -2.8792E-01
 -2.8792E-01
 -2.8792E-01
 -2.8792E-01
 -2.8792E-01
 -2.8792E-01
 -2.8792E-01
 -2.8792E-01
 -2.8792E-01
 -3.1438E-01
 -3.1438E-01
 -3.1438E-01
 -3.1438E-01
 -3.1438E-01
 -3.1438E-01
 -3.1438E-01
 -3.1438E-01
 -3.1438E-01
 -3.4083E-01
 -3.4083E-01
 -3.4083E-01
 -3.4083E-01
 -3.4083E-01
 -3.4083E-01
 -3.4083E-01
 -3.4083E-01
 -3.4083E-01
 -3.6728E-01
 -3.6728E-01
 -3.6728E-01
 -3.6728E-01
 -3.6728E-01
 -3.6728E-01
 -3.6728E-01
 -3.6728E-01
 -3.6728E-01
 -3.9373E-01
 -3.9373E-01
 -3.9373E-01
 -3.9373E-01
 -3.9373E-01
 -3.9373E-01
 -3.9373E-01
 -3.9373E-01
 -3.9373E-01
 -4.2019E-01
 -4.2019E-01
 -4.2019E-01
 -4.2019E-01
 -4.2019E-01
 -4.2019E-01
 -4.2019E-01
 -4.2019E-01
 -4.2019E-01
 -4.4664E-01
 -4.4664E-01
 -4.4664E-01
 -4.4664E-01
 -4.4664E-01
 -4.4664E-01
 -4.4664E-01
 -4.4664E-01
 -4.4664E-01
 -4.7309E-01
 -4.7309E-01
 -4.7309E-01
 -4.7309E-01
 -4.7309E-01
 -4.7309E-01
 -4.7309E-01
 -4.7309E-01
 -4.7309E-01
 -4.9954E-01
 -4.9954E-01
 -4.9954E-01
 -4.9954E-01
 -4.9954E-01
 -4.9954E-01
 -4.9954E-01
 -4.9954E-01
 -4.9954E-01
 -5.2600E-01
 -5.2600E-01
 -5.2600E-01
 -5.2600E-01
 -5.2600E-01
 -5.2600E-01
 -5.2600E-01
 -5.2600E-01
 -5.2600E-01
   2.0000E-01
  0.0000E+00
  0.0000E+00
  0.0000E+00
  0.0000E+00
  0.0000E+00
  0.0000E+00
  0.0000E+00
  0.0000E+00
  0.0000E+00
 -5.4763E-02
 -5.0715E-02
 -5.4763E-02
 -5.0715E-02
 -4.6496E-02
 -5.0715E-02
 -5.4763E-02
 -5.0715E-02
 -5.4763E-02
 -1.1022E-01
 -1.1019E-01
 -1.1022E-01
 -1.1019E-01
 -1.1018E-01
 -1.1019E-01
 -1.1022E-01
 -1.1019E-01
 -1.1022E-01
 -1.6898E-01
 -1.6899E-01
 -1.6898E-01
 -1.6899E-01
 -1.6912E-01
 -1.6899E-01
 -1.6898E-01
 -1.6899E-01
 -1.6898E-01
 -2.2773E-01
 -2.2774E-01
 -2.2773E-01
 -2.2774E-01
 -2.2772E-01
 -2.2774E-01
 -2.2773E-01
 -2.2774E-01
 -2.2773E-01
 -2.8645E-01
 -2.8645E-01
 -2.8645E-01
 -2.8645E-01
 -2.8645E-01
 -2.8645E-01
 -2.8645E-01
 -2.8645E-01
 -2.8645E-01
 -3.4517E-01
 -3.4517E-01
 -3.4517E-01
 -3.4517E-01
 -3.4517E-01
 -3.4517E-01
 -3.4517E-01
 -3.4517E-01
 -3.4517E-01
 -4.0389E-01
 -4.0389E-01
 -4.0389E-01
 -4.0389E-01
 -4.0389E-01
 -4.0389E-01
 -4.0389E-01
 -4.0389E-01
 -4.0389E-01
 -4.6261E-01
 -4.6261E-01
 -4.6261E-01
 -4.6261E-01
 -4.6261E-01
 -4.6261E-01
 -4.6261E-01
 -4.6261E-01
 -4.6261E-01
 -5.2133E-01
 -5.2133E-01
 -5.2133E-01
 -5.2133E-01
 -5.2133E-01
 -5.2133E-01
 -5.2133E-01
 -5.2133E-01
 -5.2133E-01
 -5.8005E-01
 -5.8005E-01
 -5.8005E-01
 -5.8005E-01
 -5.8005E-01
 -5.8005E-01
 -5.8005E-01
 -5.8005E-01
 -5.8005E-01
 -6.3877E-01
 -6.3877E-01
 -6.3877E-01
 -6.3877E-01
 -6.3877E-01
 -6.3877E-01
 -6.3877E-01
 -6.3877E-01
 -6.3877E-01
 -6.9748E-01
 -6.9748E-01
 -6.9748E-01
 -6.9748E-01
 -6.9748E-01
 -6.9748E-01
 -6.9748E-01
 -6.9748E-01
 -6.9748E-01
 -7.5620E-01
 -7.5620E-01
 -7.5620E-01
 -7.5620E-01
 -7.5620E-01
 -7.5620E-01
 -7.5620E-01
 -7.5620E-01
 -7.5620E-01
 -8.1492E-01
 -8.1492E-01
 -8.1492E-01
 -8.1492E-01
 -8.1492E-01
 -8.1492E-01
 -8.1492E-01
 -8.1492E-01
 -8.1492E-01
 -8.7364E-01
 -8.7364E-01
 -8.7364E-01
 -8.7364E-01
 -8.7364E-01
 -8.7364E-01
 -8.7364E-01
 -8.7364E-01
 -8.7364E-01
 -9.3236E-01
 -9.3236E-01
 -9.3236E-01
 -9.3236E-01
 -9.3236E-01
 -9.3236E-01
 -9.3236E-01
 -9.3236E-01
 -9.3236E-01
 -9.9108E-01
 -9.9108E-01
 -9.9108E-01
 -9.9108E-01
 -9.9108E-01
 -9.9108E-01
 -9.9108E-01
 -9.9108E-01
 -9.9108E-01
 -1.0498E+00
 -1.0498E+00
 -1.0498E+00
 -1.0498E+00
 -1.0498E+00
 -1.0498E+00
 -1.0498E+00
 -1.0498E+00
 -1.0498E+00
 -1.1085E+00
 -1.1085E+00
 -1.1085E+00
 -1.1085E+00
 -1.1085E+00
 -1.1085E+00
 -1.1085E+00
 -1.1085E+00
 -1.1085E+00
 -1.1672E+00
 -1.1672E+00
 -1.1672E+00
 -1.1672E+00
 -1.1672E+00
 -1.1672E+00
 -1.1672E+00
 -1.1672E+00
 -1.1672E+00
   3.0000E-01
  0.0000E+00
  0.0000E+00
  0.0000E+00
  0.0000E+00
  0.0000E+00
  0.0000E+00
  0.0000E+00
  0.0000E+00
  0.0000E+00
 -9.4466E-02
 -8.6524E-02
 -9.4466E-02
 -8.6524E-02
 -7.8114E-02
 -8.6524E-02
 -9.4466E-02
 -8.6524E-02
 -9.4466E-02
 -1.9074E-01
 -1.9094E-01
 -1.9074E-01
 -1.9094E-01
 -1.9124E-01
 -1.9094E-01
 -1.9074E-01
 -1.9094E-01
 -1.9074E-01
 -2.9367E-01
 -2.9373E-01
 -2.9367E-01
 -2.9373E-01
 -2.9403E-01
 -2.9373E-01
 -2.9367E-01
 -2.9373E-01
 -2.9367E-01
 -3.9633E-01
 -3.9635E-01
 -3.9633E-01
 -3.9635E-01
 -3.9630E-01
 -3.9635E-01
 -3.9633E-01
 -3.9635E-01
 -3.9633E-01
 -4.9891E-01
 -4.9890E-01
 -4.9891E-01
 -4.9890E-01
 -4.9891E-01
 -4.9890E-01
 -4.9891E-01
 -4.9890E-01
 -4.9891E-01
 -6.0149E-01
 -6.0149E-01
 -6.0149E-01
 -6.0149E-01
 -6.0149E-01
 -6.0149E-01
 -6.0149E-01
 -6.0149E-01
 -6.0149E-01
 -7.0407E-01
 -7.0407E-01
 -7.0407E-01
 -7.0407E-01
 -7.0407E-01
 -7.0407E-01
 -7.0407E-01
 -7.0407E-01
 -7.0407E-01
 -8.0665E-01
 -8.0665E-01
 -8.0665E-01
 -8.0665E-01
 -8.0665E-01
 -8.0665E-01
 -8.0665E-01
 -8.0665E-01
 -8.0665E-01
 -9.0923E-01
 -9.0923E-01
 -9.0923E-01
 -9.0923E-01
 -9.0923E-01
 -9.0923E-01
 -9.0923E-01
 -9.0923E-01
 -9.0923E-01
 -1.0118E+00
 -1.0118E+00
 -1.0118E+00
 -1.0118E+00
 -1.0118E+00
 -1.0118E+00
 -1.0118E+00
 -1.0118E+00
 -1.0118E+00
 -1.1144E+00
 -1.1144E+00
 -1.1144E+00
 -1.1144E+00
 -1.1144E+00
 -1.1144E+00
 -1.1144E+00
 -1.1144E+00
 -1.1144E+00
 -1.2170E+00
 -1.2170E+00
 -1.2170E+00
 -1.2170E+00
 -1.2170E+00
 -1.2170E+00
 -1.2170E+00
 -1.2170E+00
 -1.2170E+00
 -1.3195E+00
 -1.3195E+00
 -1.3195E+00
 -1.3195E+00
 -1.3195E+00
 -1.3195E+00
 -1.3195E+00
 -1.3195E+00
 -1.3195E+00
 -1.4221E+00
 -1.4221E+00
 -1.4221E+00
 -1.4221E+00
 -1.4221E+00
 -1.4221E+00
 -1.4221E+00
 -1.4221E+00
 -1.4221E+00
 -1.5247E+00
 -1.5247E+00
 -1.5247E+00
 -1.5247E+00
 -1.5247E+00
 -1.5247E+00
 -1.5247E+00
 -1.5247E+00
 -1.5247E+00
 -1.6273E+00
 -1.6273E+00
 -1.6273E+00
 -1.6273E+00
 -1.6273E+00
 -1.6273E+00
 -1.6273E+00
 -1.6273E+00
 -1.6273E+00
 -1.7299E+00
 -1.7299E+00
 -1.7299E+00
 -1.7299E+00
 -1.7299E+00
 -1.7299E+00
 -1.7299E+00
 -1.7299E+00
 -1.7299E+00
 -1.8324E+00
 -1.8324E+00
 -1.8324E+00
 -1.8324E+00
 -1.8324E+00
 -1.8324E+00
 -1.8324E+00
 -1.8324E+00
 -1.8324E+00
 -1.9350E+00
 -1.9350E+00
 -1.9350E+00
 -1.9350E+00
 -1.9350E+00
 -1.9350E+00
 -1.9350E+00
 -1.9350E+00
 -1.9350E+00
 -2.0376E+00
 -2.0376E+00
 -2.0376E+00
 -2.0376E+00
 -2.0376E+00
 -2.0376E+00
 -2.0376E+00
 -2.0376E+00
 -2.0376E+00
