Scalar STRESSP3 under NLStatic for nodeset
189
   0.0000E+00
  0.0000E+00
  0.0000E+00
  0.0000E+00
  0.0000E+00
  0.0000E+00
  0.0000E+00
  0.0000E+00
  0.0000E+00
  0.0000E+00
  0.0000E+00
  0.0000E+00
  0.0000E+00
  0.0000E+00
  0.0000E+00
  0.0000E+00
  0.0000E+00
  0.0000E+00
  0.0000E+00
  0.0000E+00
  0.0000E+00
  0.0000E+00
  0.0000E+00
  0.0000E+00
  0.0000E+00
  0.0000E+00
  0.0000E+00
  0.0000E+00
  0.0000E+00
  0.0000E+00
  0.0000E+00
  0.0000E+00
  0.0000E+00
  0.0000E+00
  0.0000E+00
  0.0000E+00
  0.0000E+00
  0.0000E+00
  0.0000E+00
  0.0000E+00
  0.0000E+00
  0.0000E+00
  0.0000E+00
  0.0000E+00
  0.0000E+00
  0.0000E+00
  0.0000E+00
  0.0000E+00
  0.0000E+00
  0.0000E+00
  0.0000E+00
  0.0000E+00
  0.0000E+00
  0.0000E+00
  0.0000E+00
  0.0000E+00
  0.0000E+00
  0.0000E+00
  0.0000E+00
  0.0000E+00
  0.0000E+00
  0.0000E+00
  0.0000E+00
  0.0000E+00
  0.0000E+00
  0.0000E+00
  0.0000E+00
  0.0000E+00
  0.0000E+00
  0.0000E+00
  0.0000E+00
  0.0000E+00
  0.0000E+00
  0.0000E+00
  0.0000E+00
  0.0000E+00
  0.0000E+00
  0.0000E+00
  0.0000E+00
  0.0000E+00
  0.0000E+00
  0.0000E+00
  0.0000E+00
  0.0000E+00
  0.0000E+00
  0.0000E+00
  0.0000E+00
  0.0000E+00
  0.0000E+00
  0.0000E+00
  0.0000E+00
  0.0000E+00
  0.0000E+00
  0.0000E+00
  0.0000E+00
  0.0000E+00
  0.0000E+00
  0.0000E+00
  0.0000E+00
  0.0000E+00
  0.0000E+00
  0.0000E+00
  0.0000E+00
  0.0000E+00
  0.0000E+00
  0.0000E+00
  0.0000E+00
  0.0000E+00
  0.0000E+00
  0.0000E+00
  0.0000E+00
  0.0000E+00
  0.0000E+00
  0.0000E+00
  0.0000E+00
  0.0000E+00
  0.0000E+00
  0.0000E+00
  0.0000E+00
  0.0000E+00
  0.0000E+00
  0.0000E+00
  0.0000E+00
  0.0000E+00
  0.0000E+00
  0.0000E+00
  0.0000E+00
  0.0000E+00
  0.0000E+00
  0.0000E+00
  0.0000E+00
  0.0000E+00
  0.0000E+00
  0.0000E+00
  0.0000E+00
  0.0000E+00
  0.0000E+00
  0.0000E+00
  0.0000E+00
  0.0000E+00
  0.0000E+00
  0.0000E+00
  0.0000E+00
  0.0000E+00
  0.0000E+00
  0.0000E+00
  0.0000E+00
  0.0000E+00
  0.0000E+00
  0.0000E+00
  0.0000E+00
  0.0000E+00
  0.0000E+00
  0.0000E+00
  0.0000E+00
  0.0000E+00
  0.0000E+00
  0.0000E+00
  0.0000E+00
  0.0000E+00
  0.0000E+00
  0.0000E+00
  0.0000E+00
  0.0000E+00
  0.0000E+00
  0.0000E+00
  0.0000E+00
  0.0000E+00
  0.0000E+00
  0.0000E+00
  0.0000E+00
  0.0000E+00
  0.0000E+00
  0.0000E+00
  0.0000E+00
  0.0000E+00
  0.0000E+00
  0.0000E+00
  0.0000E+00
  0.0000E+00
  0.0000E+00
  0.0000E+00
  0.0000E+00
  0.0000E+00
  0.0000E+00
  0.0000E+00
  0.0000E+00
  0.0000E+00
  0.0000E+00
  0.0000E+00
   1.0000E-01
 -1.3681E+02
 -1.2640E+02
 -1.3681E+02
 -1.2640E+02
 -1.1529E+02
 -1.2640E+02
 -1.3681E+02
 -1.2640E+02
 -1.3681E+02
 -9.5159E+01
 -9.5118E+01
 -9.5159E+01
 -9.5118E+01
 -9.5037E+01
 -9.5118E+01
 -9.5159E+01
 -9.5118E+01
 -9.5159E+01
 -1.0189E+02
 -1.0590E+02
 -1.0189E+02
 -1.0590E+02
 -1.1018E+02
 -1.0590E+02
 -1.0189E+02
 -1.0590E+02
 -1.0189E+02
 -1.0550E+02
 -1.0572E+02
 -1.0550E+02
 -1.0572E+02
 -1.0590E+02
 -1.0572E+02
 -1.0550E+02
 -1.0572E+02
 -1.0550E+02
 -1.0563E+02
 -1.0562E+02
 -1.0563E+02
 -1.0562E+02
 -1.0548E+02
 -1.0562E+02
 -1.0563E+02
 -1.0562E+02
 -1.0563E+02
 -1.0559E+02
 -1.0558E+02
 -1.0559E+02
 -1.0558E+02
 -1.0559E+02
 -1.0558E+02
 -1.0559E+02
 -1.0558E+02
 -1.0559E+02
 -1.0558E+02
 -1.0559E+02
 -1.0558E+02
 -1.0559E+02
 -1.0559E+02
 -1.0559E+02
 -1.0558E+02
 -1.0559E+02
 -1.0558E+02
 -1.0559E+02
 -1.0559E+02
 -1.0559E+02
 -1.0559E+02
 -1.0559E+02
 -1.0559E+02
 -1.0559E+02
 -1.0559E+02
 -1.0559E+02
 -1.0559E+02
 -1.0559E+02
 -1.0559E+02
 -1.0559E+02
 -1.0559E+02
 -1.0559E+02
 -1.0559E+02
 -1.0559E+02
 -1.0559E+02
 -1.0559E+02
 -1.0559E+02
 -1.0559E+02
 -1.0559E+02
 -1.0559E+02
 -1.0559E+02
 -1.0559E+02
 -1.0559E+02
 -1.0559E+02
 -1.0559E+02
 -1.0559E+02
 -1.0559E+02
 -1.0559E+02
 -1.0559E+02
 -1.0559E+02
 -1.0559E+02
 -1.0559E+02
 -1.0559E+02
 -1.0559E+02
 -1.0559E+02
 -1.0559E+02
 -1.0559E+02
 -1.0559E+02
 -1.0559E+02
 -1.0559E+02
 -1.0559E+02
 -1.0559E+02
 -1.0559E+02
 -1.0559E+02
 -1.0559E+02
 -1.0559E+02
 -1.0559E+02
 -1.0559E+02
 -1.0559E+02
 -1.0559E+02
 -1.0559E+02
 -1.0559E+02
 -1.0559E+02
 -1.0559E+02
 -1.0559E+02
 -1.0559E+02
 -1.0559E+02
 -1.0559E+02
 -1.0559E+02
 -1.0559E+02
 -1.0559E+02
 -1.0559E+02
 -1.0559E+02
 -1.0559E+02
 -1.0559E+02
 -1.0559E+02
 -1.0559E+02
 -1.0559E+02
 -1.0559E+02
 -1.0559E+02
 -1.0559E+02
 -1.0559E+02
 -1.0559E+02
 -1.0559E+02
 -1.0559E+02
 -1.0559E+02
 -1.0559E+02
 -1.0559E+02
 -1.0559E+02
 -1.0559E+02
 -1.0559E+02
 -1.0559E+02
 -1.0559E+02
 -1.0559E+02
 -1.0559E+02
 -1.0559E+02
 -1.0559E+02
 -1.0559E+02
 -1.0559E+02
 -1.0559E+02
 -1.0559E+02
 -1.0559E+02
 -1.0559E+02
 -1.0559E+02
 -1.0559E+02
 -1.0559E+02
 -1.0559E+02
 -1.0559E+02
 -1.0559E+02
 -1.0559E+02
 -1.0559E+02
 -1.0559E+02
 -1.0559E+02
 -1.0559E+02
 -1.0559E+02
 -1.0559E+02
 -1.0559E+02
 -1.0559E+02
 -1.0559E+02
 -1.0559E+02
 -1.0559E+02
 -1.0559E+02
 -1.0559E+02
 -1.0559E+02
 -1.0559E+02
 -1.0559E+02
 -1.0559E+02
 -1.0559E+02
 -1.0559E+02
 -1.0559E+02
 -1.0559E+02
 -1.0559E+02
 -1.0559E+02
   2.0000E-01
 -2.9125E+02
 -2.6891E+02
 -2.9125E+02
 -2.6891E+02
 -2.4469E+02
 -2.6891E+02
 -2.9125E+02
 -2.6891E+02
 -2.9125E+02
 -2.0200E+02
 -2.0239E+02
 -2.0200E+02
 -2.0239E+02
 -2.0263E+02
 -2.0239E+02
 -2.0200E+02
 -2.0239E+02
 -2.0200E+02
 -2.1866E+02
 -2.2764E+02
 -2.1866E+02
 -2.2764E+02
 -2.3724E+02
 -2.2764E+02
 -2.1866E+02
 -2.2764E+02
 -2.1866E+02
 -2.2665E+02
 -2.2695E+02
 -2.2665E+02
 -2.2695E+02
 -2.2712E+02
 -2.2695E+02
 -2.2665E+02
 -2.2695E+02
 -2.2665E+02
 -2.2673E+02
 -2.2667E+02
 -2.2673E+02
 -2.2667E+02
 -2.2634E+02
 -2.2667E+02
 -2.2673E+02
 -2.2667E+02
 -2.2673E+02
 -2.2662E+02
 -2.2659E+02
 -2.2662E+02
 -2.2659E+02
 -2.2663E+02
 -2.2659E+02
 -2.2662E+02
 -2.2659E+02
 -2.2662E+02
 -2.2661E+02
 -2.2662E+02
 -2.2661E+02
 -2.2662E+02
 -2.2661E+02
 -2.2662E+02
 -2.2661E+02
 -2.2662E+02
 -2.2661E+02
 -2.2661E+02
 -2.2661E+02
 -2.2661E+02
 -2.2661E+02
 -2.2661E+02
 -2.2661E+02
 -2.2661E+02
 -2.2661E+02
 -2.2661E+02
 -2.2661E+02
 -2.2661E+02
 -2.2661E+02
 -2.2661E+02
 -2.2661E+02
 -2.2661E+02
 -2.2661E+02
 -2.2661E+02
 -2.2661E+02
 -2.2661E+02
 -2.2661E+02
 -2.2661E+02
 -2.2661E+02
 -2.2661E+02
 -2.2661E+02
 -2.2661E+02
 -2.2661E+02
 -2.2661E+02
 -2.2661E+02
 -2.2661E+02
 -2.2661E+02
 -2.2661E+02
 -2.2661E+02
 -2.2661E+02
 -2.2661E+02
 -2.2661E+02
 -2.2661E+02
 -2.2661E+02
 -2.2661E+02
 -2.2661E+02
 -2.2661E+02
 -2.2661E+02
 -2.2661E+02
 -2.2661E+02
 -2.2661E+02
 -2.2661E+02
 -2.2661E+02
 -2.2661E+02
 -2.2661E+02
 -2.2661E+02
 -2.2661E+02
 -2.2661E+02
 -2.2661E+02
 -2.2661E+02
 -2.2661E+02
 -2.2661E+02
 -2.2661E+02
 -2.2661E+02
 -2.2661E+02
 -2.2661E+02
 -2.2661E+02
 -2.2661E+02
 -2.2661E+02
 -2.2661E+02
 -2.2661E+02
 -2.2661E+02
 -2.2661E+02
 -2.2661E+02
 -2.2661E+02
 -2.2661E+02
 -2.2661E+02
 -2.2661E+02
 -2.2661E+02
 -2.2661E+02
 -2.2661E+02
 -2.2661E+02
 -2.2661E+02
 -2.2661E+02
 -2.2661E+02
 -2.2661E+02
 -2.2661E+02
 -2.2661E+02
 -2.2661E+02
 -2.2661E+02
 -2.2661E+02
 -2.2661E+02
 -2.2661E+02
 -2.2661E+02
 -2.2661E+02
 -2.2661E+02
 -2.2661E+02
 -2.2661E+02
 -2.2661E+02
 -2.2661E+02
 -2.2661E+02
 -2.2661E+02
 -2.2661E+02
 -2.2661E+02
 -2.2661E+02
 -2.2661E+02
 -2.2661E+02
 -2.2661E+02
 -2.2661E+02
 -2.2661E+02
 -2.2661E+02
 -2.2661E+02
 -2.2661E+02
 -2.2661E+02
 -2.2661E+02
 -2.2661E+02
 -2.2661E+02
 -2.2661E+02
 -2.2661E+02
 -2.2661E+02
 -2.2661E+02
 -2.2661E+02
 -2.2661E+02
 -2.2661E+02
 -2.2661E+02
 -2.2661E+02
 -2.2661E+02
 -2.2661E+02
 -2.2661E+02
 -2.2661E+02
 -2.2661E+02
 -2.2661E+02
 -2.2661E+02
   3.0000E-01
 -4.7780E+02
 -4.3981E+02
 -4.7780E+02
 -4.3981E+02
 -3.9745E+02
 -4.3981E+02
 -4.7780E+02
 -4.3981E+02
 -4.7780E+02
 -3.3104E+02
 -3.3266E+02
 -3.3104E+02
 -3.3266E+02
 -3.3370E+02
 -3.3266E+02
 -3.3104E+02
 -3.3266E+02
 -3.3104E+02
 -3.6397E+02
 -3.7996E+02
 -3.6397E+02
 -3.7996E+02
 -3.9709E+02
 -3.7996E+02
 -3.6397E+02
 -3.7996E+02
 -3.6397E+02
 -3.7820E+02
 -3.7823E+02
 -3.7820E+02
 -3.7823E+02
 -3.7788E+02
 -3.7823E+02
 -3.7820E+02
 -3.7823E+02
 -3.7820E+02
 -3.7769E+02
 -3.7750E+02
 -3.7769E+02
 -3.7750E+02
 -3.7681E+02
 -3.7750E+02
 -3.7769E+02
 -3.7750E+02
 -3.7769E+02
 -3.7742E+02
 -3.7738E+02
 -3.7742E+02
 -3.7738E+02
 -3.7750E+02
 -3.7738E+02
 -3.7742E+02
 -3.7738E+02
 -3.7742E+02
 -3.7743E+02
 -3.7744E+02
 -3.7743E+02
 -3.7744E+02
 -3.7744E+02
 -3.7744E+02
 -3.7743E+02
 -3.7744E+02
 -3.7743E+02
 -3.7744E+02
 -3.7743E+02
 -3.7744E+02
 -3.7743E+02
 -3.7743E+02
 -3.7743E+02
 -3.7744E+02
 -3.7743E+02
 -3.7744E+02
 -3.7743E+02
 -3.7743E+02
 -3.7743E+02
 -3.7743E+02
 -3.7743E+02
 -3.7743E+02
 -3.7743E+02
 -3.7743E+02
 -3.7743E+02
 -3.7743E+02
 -3.7743E+02
 -3.7743E+02
 -3.7743E+02
 -3.7743E+02
 -3.7743E+02
 -3.7743E+02
 -3.7743E+02
 -3.7743E+02
 -3.7743E+02
 -3.7743E+02
 -3.7743E+02
 -3.7743E+02
 -3.7743E+02
 -3.7743E+02
 -3.7743E+02
 -3.7743E+02
 -3.7743E+02
 -3.7743E+02
 -3.7743E+02
 -3.7743E+02
 -3.7743E+02
 -3.7743E+02
 -3.7743E+02
 -3.7743E+02
 -3.7743E+02
 -3.7743E+02
 -3.7743E+02
 -3.7743E+02
 -3.7743E+02
 -3.7743E+02
 -3.7743E+02
 -3.7743E+02
 -3.7743E+02
 -3.7743E+02
 -3.7743E+02
 -3.7743E+02
 -3.7743E+02
 -3.7743E+02
 -3.7743E+02
 -3.7743E+02
 -3.7743E+02
 -3.7743E+02
 -3.7743E+02
 -3.7743E+02
 -3.7743E+02
 -3.7743E+02
 -3.7743E+02
 -3.7743E+02
 -3.7743E+02
 -3.7743E+02
 -3.7743E+02
 -3.7743E+02
 -3.7743E+02
 -3.7743E+02
 -3.7743E+02
 -3.7743E+02
 -3.7743E+02
 -3.7743E+02
 -3.7743E+02
 -3.7743E+02
 -3.7743E+02
 -3.7743E+02
 -3.7743E+02
 -3.7743E+02
 -3.7743E+02
 -3.7743E+02
 -3.7743E+02
 -3.7743E+02
 -3.7743E+02
 -3.7743E+02
 -3.7743E+02
 -3.7743E+02
 -3.7743E+02
 -3.7743E+02
 -3.7743E+02
 -3.7743E+02
 -3.7743E+02
 -3.7743E+02
 -3.7743E+02
 -3.7743E+02
 -3.7743E+02
 -3.7743E+02
 -3.7743E+02
 -3.7743E+02
 -3.7743E+02
 -3.7743E+02
 -3.7743E+02
 -3.7743E+02
 -3.7743E+02
 -3.7743E+02
 -3.7743E+02
 -3.7743E+02
 -3.7743E+02
 -3.7743E+02
 -3.7743E+02
 -3.7743E+02
 -3.7743E+02
 -3.7743E+02
 -3.7743E+02
 -3.7743E+02
 -3.7743E+02
 -3.7743E+02
 -3.7743E+02
 -3.7743E+02
 -3.7743E+02
 -3.7743E+02
 -3.7743E+02
