Scalar STRAINP3 under NLStatic for nodeset
189
   0.0000E+00
  0.0000E+00
  0.0000E+00
  0.0000E+00
  0.0000E+00
  0.0000E+00
  0.0000E+00
  0.0000E+00
  0.0000E+00
  0.0000E+00
  0.0000E+00
  0.0000E+00
  0.0000E+00
  0.0000E+00
  0.0000E+00
  0.0000E+00
  0.0000E+00
  0.0000E+00
  0.0000E+00
  0.0000E+00
  0.0000E+00
  0.0000E+00
  0.0000E+00
  0.0000E+00
  0.0000E+00
  0.0000E+00
  0.0000E+00
  0.0000E+00
  0.0000E+00
  0.0000E+00
  0.0000E+00
  0.0000E+00
  0.0000E+00
  0.0000E+00
  0.0000E+00
  0.0000E+00
  0.0000E+00
  0.0000E+00
  0.0000E+00
  0.0000E+00
  0.0000E+00
  0.0000E+00
  0.0000E+00
  0.0000E+00
  0.0000E+00
  0.0000E+00
  0.0000E+00
  0.0000E+00
  0.0000E+00
  0.0000E+00
  0.0000E+00
  0.0000E+00
  0.0000E+00
  0.0000E+00
  0.0000E+00
  0.0000E+00
  0.0000E+00
  0.0000E+00
  0.0000E+00
  0.0000E+00
  0.0000E+00
  0.0000E+00
  0.0000E+00
  0.0000E+00
  0.0000E+00
  0.0000E+00
  0.0000E+00
  0.0000E+00
  0.0000E+00
  0.0000E+00
  0.0000E+00
  0.0000E+00
  0.0000E+00
  0.0000E+00
  0.0000E+00
  0.0000E+00
  0.0000E+00
  0.0000E+00
  0.0000E+00
  0.0000E+00
  0.0000E+00
  0.0000E+00
  0.0000E+00
  0.0000E+00
  0.0000E+00
  0.0000E+00
  0.0000E+00
  0.0000E+00
  0.0000E+00
  0.0000E+00
  0.0000E+00
  0.0000E+00
  0.0000E+00
  0.0000E+00
  0.0000E+00
  0.0000E+00
  0.0000E+00
  0.0000E+00
  0.0000E+00
  0.0000E+00
  0.0000E+00
  0.0000E+00
  0.0000E+00
  0.0000E+00
  0.0000E+00
  0.0000E+00
  0.0000E+00
  0.0000E+00
  0.0000E+00
  0.0000E+00
  0.0000E+00
  0.0000E+00
  0.0000E+00
  0.0000E+00
  0.0000E+00
  0.0000E+00
  0.0000E+00
  0.0000E+00
  0.0000E+00
  0.0000E+00
  0.0000E+00
  0.0000E+00
  0.0000E+00
  0.0000E+00
  0.0000E+00
  0.0000E+00
  0.0000E+00
  0.0000E+00
  0.0000E+00
  0.0000E+00
  0.0000E+00
  0.0000E+00
  0.0000E+00
  0.0000E+00
  0.0000E+00
  0.0000E+00
  0.0000E+00
  0.0000E+00
  0.0000E+00
  0.0000E+00
  0.0000E+00
  0.0000E+00
  0.0000E+00
  0.0000E+00
  0.0000E+00
  0.0000E+00
  0.0000E+00
  0.0000E+00
  0.0000E+00
  0.0000E+00
  0.0000E+00
  0.0000E+00
  0.0000E+00
  0.0000E+00
  0.0000E+00
  0.0000E+00
  0.0000E+00
  0.0000E+00
  0.0000E+00
  0.0000E+00
  0.0000E+00
  0.0000E+00
  0.0000E+00
  0.0000E+00
  0.0000E+00
  0.0000E+00
  0.0000E+00
  0.0000E+00
  0.0000E+00
  0.0000E+00
  0.0000E+00
  0.0000E+00
  0.0000E+00
  0.0000E+00
  0.0000E+00
  0.0000E+00
  0.0000E+00
  0.0000E+00
  0.0000E+00
  0.0000E+00
  0.0000E+00
  0.0000E+00
  0.0000E+00
  0.0000E+00
  0.0000E+00
  0.0000E+00
  0.0000E+00
  0.0000E+00
  0.0000E+00
  0.0000E+00
   1.0000E-01
 -5.0701E-02
 -4.6414E-02
 -5.0701E-02
 -4.6414E-02
 -4.1776E-02
 -4.6414E-02
 -5.0701E-02
 -4.6414E-02
 -5.0701E-02
 -4.8646E-02
 -4.8580E-02
 -4.8646E-02
 -4.8580E-02
 -4.8498E-02
 -4.8580E-02
 -4.8646E-02
 -4.8580E-02
 -4.8646E-02
 -5.0181E-02
 -5.1787E-02
 -5.0181E-02
 -5.1787E-02
 -5.3488E-02
 -5.1787E-02
 -5.0181E-02
 -5.1787E-02
 -5.0181E-02
 -5.1496E-02
 -5.1549E-02
 -5.1496E-02
 -5.1549E-02
 -5.1591E-02
 -5.1549E-02
 -5.1496E-02
 -5.1549E-02
 -5.1496E-02
 -5.1516E-02
 -5.1514E-02
 -5.1516E-02
 -5.1514E-02
 -5.1466E-02
 -5.1514E-02
 -5.1516E-02
 -5.1514E-02
 -5.1516E-02
 -5.1507E-02
 -5.1502E-02
 -5.1507E-02
 -5.1502E-02
 -5.1507E-02
 -5.1502E-02
 -5.1507E-02
 -5.1502E-02
 -5.1507E-02
 -5.1505E-02
 -5.1506E-02
 -5.1505E-02
 -5.1506E-02
 -5.1506E-02
 -5.1506E-02
 -5.1505E-02
 -5.1506E-02
 -5.1505E-02
 -5.1505E-02
 -5.1505E-02
 -5.1505E-02
 -5.1505E-02
 -5.1505E-02
 -5.1505E-02
 -5.1505E-02
 -5.1505E-02
 -5.1505E-02
 -5.1505E-02
 -5.1505E-02
 -5.1505E-02
 -5.1505E-02
 -5.1505E-02
 -5.1505E-02
 -5.1505E-02
 -5.1505E-02
 -5.1505E-02
 -5.1505E-02
 -5.1505E-02
 -5.1505E-02
 -5.1505E-02
 -5.1505E-02
 -5.1505E-02
 -5.1505E-02
 -5.1505E-02
 -5.1505E-02
 -5.1505E-02
 -5.1505E-02
 -5.1505E-02
 -5.1505E-02
 -5.1505E-02
 -5.1505E-02
 -5.1505E-02
 -5.1505E-02
 -5.1505E-02
 -5.1505E-02
 -5.1505E-02
 -5.1505E-02
 -5.1505E-02
 -5.1505E-02
 -5.1505E-02
 -5.1505E-02
 -5.1505E-02
 -5.1505E-02
 -5.1505E-02
 -5.1505E-02
 -5.1505E-02
 -5.1505E-02
 -5.1505E-02
 -5.1505E-02
 -5.1505E-02
 -5.1505E-02
 -5.1505E-02
 -5.1505E-02
 -5.1505E-02
 -5.1505E-02
 -5.1505E-02
 -5.1505E-02
 -5.1505E-02
 -5.1505E-02
 -5.1505E-02
 -5.1505E-02
 -5.1505E-02
 -5.1505E-02
 -5.1505E-02
 -5.1505E-02
 -5.1505E-02
 -5.1505E-02
 -5.1505E-02
 -5.1505E-02
 -5.1505E-02
 -5.1505E-02
 -5.1505E-02
 -5.1505E-02
 -5.1505E-02
 -5.1505E-02
 -5.1505E-02
 -5.1505E-02
 -5.1505E-02
 -5.1505E-02
 -5.1505E-02
 -5.1505E-02
 -5.1505E-02
 -5.1505E-02
 -5.1505E-02
 -5.1505E-02
 -5.1505E-02
 -5.1505E-02
 -5.1505E-02
 -5.1505E-02
 -5.1505E-02
 -5.1505E-02
 -5.1505E-02
 -5.1505E-02
 -5.1505E-02
 -5.1505E-02
 -5.1505E-02
 -5.1505E-02
 -5.1505E-02
 -5.1505E-02
 -5.1505E-02
 -5.1505E-02
 -5.1505E-02
 -5.1505E-02
 -5.1505E-02
 -5.1505E-02
 -5.1505E-02
 -5.1505E-02
 -5.1505E-02
 -5.1505E-02
 -5.1505E-02
 -5.1505E-02
 -5.1505E-02
 -5.1505E-02
 -5.1505E-02
 -5.1505E-02
 -5.1505E-02
 -5.1505E-02
 -5.1505E-02
 -5.1505E-02
 -5.1505E-02
 -5.1505E-02
 -5.1505E-02
 -5.1505E-02
 -5.1505E-02
   2.0000E-01
 -1.0797E-01
 -9.8771E-02
 -1.0797E-01
 -9.8771E-02
 -8.8668E-02
 -9.8771E-02
 -1.0797E-01
 -9.8771E-02
 -1.0797E-01
 -1.0387E-01
 -1.0394E-01
 -1.0387E-01
 -1.0394E-01
 -1.0396E-01
 -1.0394E-01
 -1.0387E-01
 -1.0394E-01
 -1.0387E-01
 -1.0769E-01
 -1.1128E-01
 -1.0769E-01
 -1.1128E-01
 -1.1510E-01
 -1.1128E-01
 -1.0769E-01
 -1.1128E-01
 -1.0769E-01
 -1.1060E-01
 -1.1064E-01
 -1.1060E-01
 -1.1064E-01
 -1.1063E-01
 -1.1064E-01
 -1.1060E-01
 -1.1064E-01
 -1.1060E-01
 -1.1057E-01
 -1.1056E-01
 -1.1057E-01
 -1.1056E-01
 -1.1044E-01
 -1.1056E-01
 -1.1057E-01
 -1.1056E-01
 -1.1057E-01
 -1.1055E-01
 -1.1054E-01
 -1.1055E-01
 -1.1054E-01
 -1.1055E-01
 -1.1054E-01
 -1.1055E-01
 -1.1054E-01
 -1.1055E-01
 -1.1054E-01
 -1.1054E-01
 -1.1054E-01
 -1.1054E-01
 -1.1054E-01
 -1.1054E-01
 -1.1054E-01
 -1.1054E-01
 -1.1054E-01
 -1.1054E-01
 -1.1054E-01
 -1.1054E-01
 -1.1054E-01
 -1.1054E-01
 -1.1054E-01
 -1.1054E-01
 -1.1054E-01
 -1.1054E-01
 -1.1054E-01
 -1.1054E-01
 -1.1054E-01
 -1.1054E-01
 -1.1054E-01
 -1.1054E-01
 -1.1054E-01
 -1.1054E-01
 -1.1054E-01
 -1.1054E-01
 -1.1054E-01
 -1.1054E-01
 -1.1054E-01
 -1.1054E-01
 -1.1054E-01
 -1.1054E-01
 -1.1054E-01
 -1.1054E-01
 -1.1054E-01
 -1.1054E-01
 -1.1054E-01
 -1.1054E-01
 -1.1054E-01
 -1.1054E-01
 -1.1054E-01
 -1.1054E-01
 -1.1054E-01
 -1.1054E-01
 -1.1054E-01
 -1.1054E-01
 -1.1054E-01
 -1.1054E-01
 -1.1054E-01
 -1.1054E-01
 -1.1054E-01
 -1.1054E-01
 -1.1054E-01
 -1.1054E-01
 -1.1054E-01
 -1.1054E-01
 -1.1054E-01
 -1.1054E-01
 -1.1054E-01
 -1.1054E-01
 -1.1054E-01
 -1.1054E-01
 -1.1054E-01
 -1.1054E-01
 -1.1054E-01
 -1.1054E-01
 -1.1054E-01
 -1.1054E-01
 -1.1054E-01
 -1.1054E-01
 -1.1054E-01
 -1.1054E-01
 -1.1054E-01
 -1.1054E-01
 -1.1054E-01
 -1.1054E-01
 -1.1054E-01
 -1.1054E-01
 -1.1054E-01
 -1.1054E-01
 -1.1054E-01
 -1.1054E-01
 -1.1054E-01
 -1.1054E-01
 -1.1054E-01
 -1.1054E-01
 -1.1054E-01
 -1.1054E-01
 -1.1054E-01
 -1.1054E-01
 -1.1054E-01
 -1.1054E-01
 -1.1054E-01
 -1.1054E-01
 -1.1054E-01
 -1.1054E-01
 -1.1054E-01
 -1.1054E-01
 -1.1054E-01
 -1.1054E-01
 -1.1054E-01
 -1.1054E-01
 -1.1054E-01
 -1.1054E-01
 -1.1054E-01
 -1.1054E-01
 -1.1054E-01
 -1.1054E-01
 -1.1054E-01
 -1.1054E-01
 -1.1054E-01
 -1.1054E-01
 -1.1054E-01
 -1.1054E-01
 -1.1054E-01
 -1.1054E-01
 -1.1054E-01
 -1.1054E-01
 -1.1054E-01
 -1.1054E-01
 -1.1054E-01
 -1.1054E-01
 -1.1054E-01
 -1.1054E-01
 -1.1054E-01
 -1.1054E-01
 -1.1054E-01
 -1.1054E-01
 -1.1054E-01
 -1.1054E-01
 -1.1054E-01
 -1.1054E-01
 -1.1054E-01
   3.0000E-01
 -1.7720E-01
 -1.6162E-01
 -1.7720E-01
 -1.6162E-01
 -1.4403E-01
 -1.6162E-01
 -1.7720E-01
 -1.6162E-01
 -1.7720E-01
 -1.7139E-01
 -1.7197E-01
 -1.7139E-01
 -1.7197E-01
 -1.7234E-01
 -1.7197E-01
 -1.7139E-01
 -1.7197E-01
 -1.7139E-01
 -1.7934E-01
 -1.8574E-01
 -1.7934E-01
 -1.8574E-01
 -1.9255E-01
 -1.8574E-01
 -1.7934E-01
 -1.8574E-01
 -1.7934E-01
 -1.8446E-01
 -1.8431E-01
 -1.8446E-01
 -1.8431E-01
 -1.8404E-01
 -1.8431E-01
 -1.8446E-01
 -1.8431E-01
 -1.8446E-01
 -1.8418E-01
 -1.8412E-01
 -1.8418E-01
 -1.8412E-01
 -1.8389E-01
 -1.8412E-01
 -1.8418E-01
 -1.8412E-01
 -1.8418E-01
 -1.8411E-01
 -1.8410E-01
 -1.8411E-01
 -1.8410E-01
 -1.8414E-01
 -1.8410E-01
 -1.8411E-01
 -1.8410E-01
 -1.8411E-01
 -1.8411E-01
 -1.8412E-01
 -1.8411E-01
 -1.8412E-01
 -1.8411E-01
 -1.8412E-01
 -1.8411E-01
 -1.8412E-01
 -1.8411E-01
 -1.8411E-01
 -1.8411E-01
 -1.8411E-01
 -1.8411E-01
 -1.8411E-01
 -1.8411E-01
 -1.8411E-01
 -1.8411E-01
 -1.8411E-01
 -1.8411E-01
 -1.8411E-01
 -1.8411E-01
 -1.8411E-01
 -1.8411E-01
 -1.8411E-01
 -1.8411E-01
 -1.8411E-01
 -1.8411E-01
 -1.8411E-01
 -1.8411E-01
 -1.8411E-01
 -1.8411E-01
 -1.8411E-01
 -1.8411E-01
 -1.8411E-01
 -1.8411E-01
 -1.8411E-01
 -1.8411E-01
 -1.8411E-01
 -1.8411E-01
 -1.8411E-01
 -1.8411E-01
 -1.8411E-01
 -1.8411E-01
 -1.8411E-01
 -1.8411E-01
 -1.8411E-01
 -1.8411E-01
 -1.8411E-01
 -1.8411E-01
 -1.8411E-01
 -1.8411E-01
 -1.8411E-01
 -1.8411E-01
 -1.8411E-01
 -1.8411E-01
 -1.8411E-01
 -1.8411E-01
 -1.8411E-01
 -1.8411E-01
 -1.8411E-01
 -1.8411E-01
 -1.8411E-01
 -1.8411E-01
 -1.8411E-01
 -1.8411E-01
 -1.8411E-01
 -1.8411E-01
 -1.8411E-01
 -1.8411E-01
 -1.8411E-01
 -1.8411E-01
 -1.8411E-01
 -1.8411E-01
 -1.8411E-01
 -1.8411E-01
 -1.8411E-01
 -1.8411E-01
 -1.8411E-01
 -1.8411E-01
 -1.8411E-01
 -1.8411E-01
 -1.8411E-01
 -1.8411E-01
 -1.8411E-01
 -1.8411E-01
 -1.8411E-01
 -1.8411E-01
 -1.8411E-01
 -1.8411E-01
 -1.8411E-01
 -1.8411E-01
 -1.8411E-01
 -1.8411E-01
 -1.8411E-01
 -1.8411E-01
 -1.8411E-01
 -1.8411E-01
 -1.8411E-01
 -1.8411E-01
 -1.8411E-01
 -1.8411E-01
 -1.8411E-01
 -1.8411E-01
 -1.8411E-01
 -1.8411E-01
 -1.8411E-01
 -1.8411E-01
 -1.8411E-01
 -1.8411E-01
 -1.8411E-01
 -1.8411E-01
 -1.8411E-01
 -1.8411E-01
 -1.8411E-01
 -1.8411E-01
 -1.8411E-01
 -1.8411E-01
 -1.8411E-01
 -1.8411E-01
 -1.8411E-01
 -1.8411E-01
 -1.8411E-01
 -1.8411E-01
 -1.8411E-01
 -1.8411E-01
 -1.8411E-01
 -1.8411E-01
 -1.8411E-01
 -1.8411E-01
 -1.8411E-01
 -1.8411E-01
 -1.8411E-01
 -1.8411E-01
 -1.8411E-01
 -1.8411E-01
