Scalar STRAINXZ under NLStatic for nodeset
189
   0.0000E+00
  0.0000E+00
  0.0000E+00
  0.0000E+00
  0.0000E+00
  0.0000E+00
  0.0000E+00
  0.0000E+00
  0.0000E+00
  0.0000E+00
  0.0000E+00
  0.0000E+00
  0.0000E+00
  0.0000E+00
  0.0000E+00
  0.0000E+00
  0.0000E+00
  0.0000E+00
  0.0000E+00
  0.0000E+00
  0.0000E+00
  0.0000E+00
  0.0000E+00
  0.0000E+00
  0.0000E+00
  0.0000E+00
  0.0000E+00
  0.0000E+00
  0.0000E+00
  0.0000E+00
  0.0000E+00
  0.0000E+00
  0.0000E+00
  0.0000E+00
  0.0000E+00
  0.0000E+00
  0.0000E+00
  0.0000E+00
  0.0000E+00
  0.0000E+00
  0.0000E+00
  0.0000E+00
  0.0000E+00
  0.0000E+00
  0.0000E+00
  0.0000E+00
  0.0000E+00
  0.0000E+00
  0.0000E+00
  0.0000E+00
  0.0000E+00
  0.0000E+00
  0.0000E+00
  0.0000E+00
  0.0000E+00
  0.0000E+00
  0.0000E+00
  0.0000E+00
  0.0000E+00
  0.0000E+00
  0.0000E+00
  0.0000E+00
  0.0000E+00
  0.0000E+00
  0.0000E+00
  0.0000E+00
  0.0000E+00
  0.0000E+00
  0.0000E+00
  0.0000E+00
  0.0000E+00
  0.0000E+00
  0.0000E+00
  0.0000E+00
  0.0000E+00
  0.0000E+00
  0.0000E+00
  0.0000E+00
  0.0000E+00
  0.0000E+00
  0.0000E+00
  0.0000E+00
  0.0000E+00
  0.0000E+00
  0.0000E+00
  0.0000E+00
  0.0000E+00
  0.0000E+00
  0.0000E+00
  0.0000E+00
  0.0000E+00
  0.0000E+00
  0.0000E+00
  0.0000E+00
  0.0000E+00
  0.0000E+00
  0.0000E+00
  0.0000E+00
  0.0000E+00
  0.0000E+00
  0.0000E+00
  0.0000E+00
  0.0000E+00
  0.0000E+00
  0.0000E+00
  0.0000E+00
  0.0000E+00
  0.0000E+00
  0.0000E+00
  0.0000E+00
  0.0000E+00
  0.0000E+00
  0.0000E+00
  0.0000E+00
  0.0000E+00
  0.0000E+00
  0.0000E+00
  0.0000E+00
  0.0000E+00
  0.0000E+00
  0.0000E+00
  0.0000E+00
  0.0000E+00
  0.0000E+00
  0.0000E+00
  0.0000E+00
  0.0000E+00
  0.0000E+00
  0.0000E+00
  0.0000E+00
  0.0000E+00
  0.0000E+00
  0.0000E+00
  0.0000E+00
  0.0000E+00
  0.0000E+00
  0.0000E+00
  0.0000E+00
  0.0000E+00
  0.0000E+00
  0.0000E+00
  0.0000E+00
  0.0000E+00
  0.0000E+00
  0.0000E+00
  0.0000E+00
  0.0000E+00
  0.0000E+00
  0.0000E+00
  0.0000E+00
  0.0000E+00
  0.0000E+00
  0.0000E+00
  0.0000E+00
  0.0000E+00
  0.0000E+00
  0.0000E+00
  0.0000E+00
  0.0000E+00
  0.0000E+00
  0.0000E+00
  0.0000E+00
  0.0000E+00
  0.0000E+00
  0.0000E+00
  0.0000E+00
  0.0000E+00
  0.0000E+00
  0.0000E+00
  0.0000E+00
  0.0000E+00
  0.0000E+00
  0.0000E+00
  0.0000E+00
  0.0000E+00
  0.0000E+00
  0.0000E+00
  0.0000E+00
  0.0000E+00
  0.0000E+00
  0.0000E+00
  0.0000E+00
  0.0000E+00
  0.0000E+00
  0.0000E+00
  0.0000E+00
  0.0000E+00
  0.0000E+00
  0.0000E+00
  0.0000E+00
   1.0000E-01
 -1.6304E-02
 -1.6264E-02
 -1.6304E-02
  7.7716E-15
  1.0436E-14
  7.7716E-15
  1.6304E-02
  1.6264E-02
  1.6304E-02
 -4.5842E-03
 -4.6517E-03
 -4.5842E-03
  1.2952E-15
  3.0659E-15
  1.3019E-15
  4.5842E-03
  4.6517E-03
  4.5842E-03
  5.7652E-04
  5.8303E-04
  5.7652E-04
  4.8400E-15
  3.5053E-15
  4.9452E-15
 -5.7652E-04
 -5.8303E-04
 -5.7652E-04
  8.4729E-06
  9.0558E-05
  8.4729E-06
  6.2608E-15
  4.7126E-15
  6.4711E-15
 -8.4729E-06
 -9.0558E-05
 -8.4729E-06
  2.7608E-06
 -8.6768E-06
  2.7608E-06
  7.0421E-15
  5.2813E-15
  6.9294E-15
 -2.7608E-06
  8.6768E-06
 -2.7608E-06
 -1.4419E-06
 -1.1272E-06
 -1.4419E-06
  6.6714E-15
  5.1238E-15
  6.6714E-15
  1.4419E-06
  1.1272E-06
  1.4419E-06
  1.0556E-07
  1.1627E-07
  1.0556E-07
  4.9819E-15
  3.8849E-15
  5.4328E-15
 -1.0556E-07
 -1.1627E-07
 -1.0556E-07
  5.6069E-09
  1.0457E-08
  5.6069E-09
  2.5600E-15
  1.6885E-15
  2.6728E-15
 -5.6069E-09
 -1.0457E-08
 -5.6069E-09
 -5.9364E-10
 -7.0677E-10
 -5.9364E-10
  3.1636E-16
  9.0912E-17
  9.0912E-17
  5.9364E-10
  7.0677E-10
  5.9364E-10
 -3.8217E-11
 -2.1355E-10
 -3.8215E-11
 -1.8449E-15
 -1.1685E-15
 -2.5734E-15
  3.8214E-11
  2.1354E-10
  3.8211E-11
 -9.3807E-12
  1.5080E-11
 -9.3783E-12
 -4.6352E-15
 -2.6668E-15
 -5.0255E-15
  9.3731E-12
 -1.5084E-11
  9.3696E-12
  3.3695E-12
  2.1771E-12
  3.3733E-12
 -6.0473E-15
 -4.4171E-15
 -6.8885E-15
 -3.3798E-12
 -2.1830E-12
 -3.3853E-12
 -2.6939E-13
 -1.6457E-13
 -2.6378E-13
 -6.8013E-15
 -4.9456E-15
 -7.2522E-15
  2.5799E-13
  1.5722E-13
  2.5156E-13
 -7.5559E-15
 -2.5580E-14
 -1.7641E-15
 -6.6716E-15
 -4.4777E-15
 -5.6049E-15
 -3.5662E-15
  1.8298E-14
 -6.9650E-15
 -7.7845E-15
 -4.3201E-15
 -3.7541E-15
 -6.0485E-15
 -4.3055E-15
 -6.0485E-15
 -2.4243E-15
 -2.6837E-15
 -6.3782E-15
 -1.7343E-15
 -2.8208E-15
 -9.7728E-16
 -1.8534E-15
 -2.4691E-15
 -2.3606E-15
 -5.5280E-16
 -8.9947E-16
 -2.9285E-15
  1.4737E-15
  9.8313E-16
  1.1830E-15
  6.1574E-16
  1.2315E-15
  8.9331E-16
 -2.2545E-16
  1.2315E-15
  7.8058E-16
  3.1728E-15
  4.2064E-15
 -6.4226E-16
  2.2437E-15
  2.7988E-15
  2.9679E-15
 -1.2355E-16
  1.0037E-15
  5.4957E-15
  6.6403E-15
  5.8439E-15
  3.3349E-15
  6.6036E-15
  5.0255E-15
  4.0195E-15
  4.9043E-15
  2.8922E-15
  2.4583E-15
  5.6647E-15
  1.9967E-15
  3.4989E-15
  5.3189E-15
  4.7553E-15
  6.5504E-15
  2.9432E-15
  4.9722E-15
  8.8049E-15
  9.6461E-15
  4.5570E-15
  3.1814E-15
  9.6024E-15
  4.7807E-15
  6.2377E-15
  6.5504E-15
  2.9771E-15
  9.9491E-15
   2.0000E-01
 -3.4967E-02
 -3.4977E-02
 -3.4967E-02
  2.2204E-16
  2.2204E-16
  2.2204E-16
  3.4967E-02
  3.4977E-02
  3.4967E-02
 -9.6983E-03
 -9.7893E-03
 -9.6983E-03
  1.0495E-16
  1.1384E-16
  1.1558E-16
  9.6983E-03
  9.7893E-03
  9.6983E-03
  1.2350E-03
  1.2843E-03
  1.2350E-03
  8.3785E-17
  1.6671E-16
  8.3943E-17
 -1.2350E-03
 -1.2843E-03
 -1.2350E-03
 -1.0498E-06
  1.7796E-04
 -1.0498E-06
 -1.4576E-17
 -1.2932E-16
 -1.2920E-16
  1.0498E-06
 -1.7796E-04
  1.0498E-06
  4.1489E-06
 -2.4624E-05
  4.1489E-06
  2.6261E-16
  6.6594E-17
  2.6261E-16
 -4.1489E-06
  2.4624E-05
 -4.1489E-06
 -3.2169E-06
 -2.3470E-06
 -3.2169E-06
  2.2929E-16
  0.0000E+00
 -1.1465E-16
  3.2169E-06
  2.3470E-06
  3.2169E-06
  3.6398E-07
  4.9366E-07
  3.6398E-07
 -2.2929E-16
 -1.1465E-16
 -2.2929E-16
 -3.6398E-07
 -4.9366E-07
 -3.6398E-07
  6.2060E-09
  4.8943E-09
  6.2060E-09
 -1.8129E-16
  4.8001E-17
  1.6265E-16
 -6.2060E-09
 -4.8943E-09
 -6.2060E-09
 -3.6490E-09
 -4.2944E-09
 -3.6490E-09
  4.8001E-17
  3.2529E-16
 -9.6516E-16
  3.6490E-09
  4.2944E-09
  3.6490E-09
  1.3801E-10
 -3.1325E-10
  1.3801E-10
  2.7729E-16
 -3.9194E-16
 -4.5236E-26
 -1.3801E-10
  3.1325E-10
 -1.3801E-10
 -1.3545E-11
  9.5269E-11
 -1.3545E-11
 -2.2929E-16
  6.6923E-16
 -9.6935E-27
  1.3544E-11
 -9.5268E-11
  1.3544E-11
  1.0064E-11
  1.2549E-12
  1.0064E-11
 -5.1590E-16
  2.1065E-16
 -4.5858E-16
 -1.0065E-11
 -1.2544E-12
 -1.0065E-11
 -1.6779E-12
 -1.5011E-12
 -1.6783E-12
 -5.1590E-16
 -5.7323E-16
 -1.8644E-17
  1.6768E-12
  1.5000E-12
  1.6788E-12
  8.6176E-14
  6.2579E-14
  8.4536E-14
 -2.8661E-16
 -3.4394E-16
  1.5332E-16
 -8.7129E-14
 -6.3485E-14
 -8.4222E-14
  3.5911E-15
  1.0345E-14
  3.2114E-15
  5.7323E-17
 -2.8661E-16
 -2.8661E-16
 -3.0609E-15
 -1.0499E-14
 -4.2074E-15
  1.6301E-15
 -2.6007E-16
 -1.9031E-15
  9.1716E-16
 -3.2529E-16
 -3.8261E-16
 -7.8886E-31
  3.9443E-31
  1.3385E-15
  5.4456E-16
 -9.3149E-17
  3.1169E-16
  1.5864E-15
  6.3055E-16
 -3.2529E-16
  2.2556E-15
  9.1716E-16
 -8.7987E-16
  5.9114E-16
  1.8272E-16
 -1.3972E-16
  3.4394E-16
  3.4394E-16
 -2.2929E-16
  4.5858E-16
  2.2929E-16
 -2.2929E-16
  1.9869E-15
  1.5498E-15
  1.4674E-15
  1.0132E-15
  8.9852E-16
  6.6923E-16
 -1.9722E-31
 -9.8608E-32
  1.4791E-31
  3.1821E-15
 -7.5236E-17
 -1.6122E-16
  2.2929E-16
  1.1465E-16
 -1.1465E-16
 -2.9062E-15
  2.2929E-16
 -2.2929E-16
 -2.7629E-15
  3.2244E-16
  3.5224E-15
  4.5858E-16
  6.8787E-16
  1.4531E-15
  3.5941E-15
  9.1716E-16
 -9.1716E-16
   3.0000E-01
 -5.7933E-02
 -5.8151E-02
 -5.7933E-02
 -3.3307E-16
 -2.2204E-16
 -2.2204E-16
  5.7933E-02
  5.8151E-02
  5.7933E-02
 -1.5652E-02
 -1.5620E-02
 -1.5652E-02
 -2.1380E-16
 -2.7279E-16
 -2.3115E-16
  1.5652E-02
  1.5620E-02
  1.5652E-02
  1.8217E-03
  1.9739E-03
  1.8217E-03
 -3.2048E-16
 -3.8484E-16
 -3.4972E-16
 -1.8217E-03
 -1.9739E-03
 -1.8217E-03
 -1.5386E-05
  2.9103E-04
 -1.5386E-05
 -2.9173E-16
 -5.7422E-17
  9.7917E-19
  1.5386E-05
 -2.9103E-04
  1.5386E-05
  2.8638E-06
 -5.2881E-05
  2.8638E-06
  1.1502E-16
  2.9142E-16
 -1.9956E-18
 -2.8638E-06
  5.2881E-05
 -2.8638E-06
 -5.2566E-06
 -4.9637E-06
 -5.2566E-06
  5.2447E-16
  2.3201E-16
  1.1499E-16
  5.2566E-06
  4.9637E-06
  5.2566E-06
  7.9423E-07
  1.7551E-06
  7.9423E-07
 -1.9961E-18
 -1.9980E-18
  5.6500E-17
 -7.9423E-07
 -1.7551E-06
 -7.9423E-07
  2.2039E-08
 -8.1926E-08
  2.2039E-08
 -2.3399E-16
 -1.1699E-16
  3.5298E-16
 -2.2039E-08
  8.1926E-08
 -2.2039E-08
 -1.8923E-08
 -1.7310E-08
 -1.8923E-08
 -1.1500E-16
  1.9983E-18
 -3.5098E-16
  1.8923E-08
  1.7310E-08
  1.8923E-08
  2.0616E-09
  1.2362E-09
  2.0616E-09
  5.8497E-17
  4.6997E-16
 -1.7749E-16
 -2.0616E-09
 -1.2362E-09
 -2.0616E-09
 -8.1978E-11
  3.2669E-10
 -8.1978E-11
 -5.8497E-17
  8.2295E-16
  1.7549E-16
  8.1977E-11
 -3.2669E-10
  8.1978E-11
  2.0000E-11
 -3.1208E-11
  1.9999E-11
  4.1348E-16
 -4.0948E-16
 -1.0569E-15
 -1.9999E-11
  3.1207E-11
 -2.0002E-11
 -6.6203E-12
 -8.1847E-12
 -6.6209E-12
 -1.1699E-16
 -1.7549E-16
 -2.9248E-16
  6.6204E-12
  8.1846E-12
  6.6202E-12
  6.5882E-13
  1.7616E-12
  6.5890E-13
 -4.0948E-16
  6.4746E-16
 -1.7549E-16
 -6.5981E-13
 -1.7607E-12
 -6.5888E-13
  6.0586E-14
 -5.5172E-14
  6.0169E-14
  1.1699E-16
 -1.1699E-16
 -1.5777E-30
 -6.0677E-14
  5.5227E-14
 -6.0443E-14
 -2.1199E-14
 -1.3411E-14
 -2.1312E-14
  5.2248E-16
  9.3595E-16
  1.2284E-15
  2.2617E-14
  1.5645E-14
  2.3093E-14
  2.4123E-15
  1.1640E-15
  4.6432E-15
  4.0948E-16
  1.3494E-15
  5.4500E-17
 -1.6299E-15
  1.1619E-15
 -4.4538E-15
 -7.6046E-16
 -2.0122E-15
 -8.2993E-16
  5.8897E-16
 -2.3399E-16
 -5.8497E-16
  1.6459E-15
  1.1859E-15
  2.3399E-16
  1.5691E-15
 -5.5572E-16
 -5.8497E-16
  1.4119E-15
 -4.0948E-16
 -7.0196E-16
  1.1779E-15
  0.0000E+00
 -9.3595E-16
 -5.3744E-16
  9.6223E-16
 -7.1659E-16
  6.2494E-17
  2.9648E-16
  1.7949E-16
  9.4394E-16
 -7.0196E-16
  9.4394E-16
 -7.8240E-16
  1.3096E-15
  2.5606E-15
 -5.8497E-16
  1.4119E-15
  1.2949E-15
  0.0000E+00
  4.7597E-16
  9.3595E-16
