Scalar STRESSP2 under NLStatic for nodeset
189
   0.0000E+00
  0.0000E+00
  0.0000E+00
  0.0000E+00
  0.0000E+00
  0.0000E+00
  0.0000E+00
  0.0000E+00
  0.0000E+00
  0.0000E+00
  0.0000E+00
  0.0000E+00
  0.0000E+00
  0.0000E+00
  0.0000E+00
  0.0000E+00
  0.0000E+00
  0.0000E+00
  0.0000E+00
  0.0000E+00
  0.0000E+00
  0.0000E+00
  0.0000E+00
  0.0000E+00
  0.0000E+00
  0.0000E+00
  0.0000E+00
  0.0000E+00
  0.0000E+00
  0.0000E+00
  0.0000E+00
  0.0000E+00
  0.0000E+00
  0.0000E+00
  0.0000E+00
  0.0000E+00
  0.0000E+00
  0.0000E+00
  0.0000E+00
  0.0000E+00
  0.0000E+00
  0.0000E+00
  0.0000E+00
  0.0000E+00
  0.0000E+00
  0.0000E+00
  0.0000E+00
  0.0000E+00
  0.0000E+00
  0.0000E+00
  0.0000E+00
  0.0000E+00
  0.0000E+00
  0.0000E+00
  0.0000E+00
  0.0000E+00
  0.0000E+00
  0.0000E+00
  0.0000E+00
  0.0000E+00
  0.0000E+00
  0.0000E+00
  0.0000E+00
  0.0000E+00
  0.0000E+00
  0.0000E+00
  0.0000E+00
  0.0000E+00
  0.0000E+00
  0.0000E+00
  0.0000E+00
  0.0000E+00
  0.0000E+00
  0.0000E+00
  0.0000E+00
  0.0000E+00
  0.0000E+00
  0.0000E+00
  0.0000E+00
  0.0000E+00
  0.0000E+00
  0.0000E+00
  0.0000E+00
  0.0000E+00
  0.0000E+00
  0.0000E+00
  0.0000E+00
  0.0000E+00
  0.0000E+00
  0.0000E+00
  0.0000E+00
  0.0000E+00
  0.0000E+00
  0.0000E+00
  0.0000E+00
  0.0000E+00
  0.0000E+00
  0.0000E+00
  0.0000E+00
  0.0000E+00
  0.0000E+00
  0.0000E+00
  0.0000E+00
  0.0000E+00
  0.0000E+00
  0.0000E+00
  0.0000E+00
  0.0000E+00
  0.0000E+00
  0.0000E+00
  0.0000E+00
  0.0000E+00
  0.0000E+00
  0.0000E+00
  0.0000E+00
  0.0000E+00
  0.0000E+00
  0.0000E+00
  0.0000E+00
  0.0000E+00
  0.0000E+00
  0.0000E+00
  0.0000E+00
  0.0000E+00
  0.0000E+00
  0.0000E+00
  0.0000E+00
  0.0000E+00
  0.0000E+00
  0.0000E+00
  0.0000E+00
  0.0000E+00
  0.0000E+00
  0.0000E+00
  0.0000E+00
  0.0000E+00
  0.0000E+00
  0.0000E+00
  0.0000E+00
  0.0000E+00
  0.0000E+00
  0.0000E+00
  0.0000E+00
  0.0000E+00
  0.0000E+00
  0.0000E+00
  0.0000E+00
  0.0000E+00
  0.0000E+00
  0.0000E+00
  0.0000E+00
  0.0000E+00
  0.0000E+00
  0.0000E+00
  0.0000E+00
  0.0000E+00
  0.0000E+00
  0.0000E+00
  0.0000E+00
  0.0000E+00
  0.0000E+00
  0.0000E+00
  0.0000E+00
  0.0000E+00
  0.0000E+00
  0.0000E+00
  0.0000E+00
  0.0000E+00
  0.0000E+00
  0.0000E+00
  0.0000E+00
  0.0000E+00
  0.0000E+00
  0.0000E+00
  0.0000E+00
  0.0000E+00
  0.0000E+00
  0.0000E+00
  0.0000E+00
  0.0000E+00
  0.0000E+00
  0.0000E+00
  0.0000E+00
  0.0000E+00
  0.0000E+00
  0.0000E+00
  0.0000E+00
  0.0000E+00
  0.0000E+00
  0.0000E+00
   1.0000E-01
 -5.6863E+01
 -5.3208E+01
 -5.6863E+01
 -5.3208E+01
 -4.9409E+01
 -5.3208E+01
 -5.6863E+01
 -5.3208E+01
 -5.6863E+01
  7.4067E+00
  7.4179E+00
  7.4067E+00
  7.4179E+00
  7.3047E+00
  7.4179E+00
  7.4067E+00
  7.4179E+00
  7.4067E+00
  1.0857E+00
  1.5716E-01
  1.0857E+00
  1.5716E-01
 -8.7950E-01
  1.5716E-01
  1.0857E+00
  1.5716E-01
  1.0857E+00
  1.6045E-02
 -1.1782E-01
  1.6045E-02
 -1.1782E-01
 -2.3900E-01
 -1.1782E-01
  1.6045E-02
 -1.1782E-01
  1.6045E-02
 -3.9932E-02
 -2.7319E-02
 -3.9932E-02
 -2.7319E-02
  3.9404E-02
 -2.7319E-02
 -3.9932E-02
 -2.7319E-02
 -3.9932E-02
 -1.3353E-03
  4.2207E-03
 -1.3353E-03
  4.2207E-03
 -1.1495E-03
  4.2207E-03
 -1.3353E-03
  4.2207E-03
 -1.3353E-03
  4.6405E-04
 -1.9698E-04
  4.6405E-04
 -1.9698E-04
  1.3168E-05
 -1.9698E-04
  4.6405E-04
 -1.9698E-04
  4.6405E-04
 -1.1285E-05
  1.4403E-06
 -1.1285E-05
  1.4403E-06
 -3.1888E-05
  1.4402E-06
 -1.1285E-05
  1.4403E-06
 -1.1285E-05
 -2.5233E-06
 -2.7699E-06
 -2.5234E-06
 -2.7699E-06
  3.1382E-06
 -2.7699E-06
 -2.5233E-06
 -2.7699E-06
 -2.5233E-06
 -3.3335E-08
  7.3182E-07
 -3.3341E-08
  7.3183E-07
  1.0377E-06
  7.3182E-07
 -3.3330E-08
  7.3183E-07
 -3.3337E-08
  6.5734E-07
  6.3467E-07
  6.5732E-07
  6.3468E-07
  5.2310E-07
  6.3466E-07
  6.5735E-07
  6.3468E-07
  6.5733E-07
  5.9657E-07
  5.8706E-07
  5.9656E-07
  5.8706E-07
  5.9923E-07
  5.8706E-07
  5.9657E-07
  5.8706E-07
  5.9656E-07
  5.9509E-07
  5.9647E-07
  5.9509E-07
  5.9648E-07
  5.9575E-07
  5.9647E-07
  5.9509E-07
  5.9647E-07
  5.9509E-07
  5.9611E-07
  5.9607E-07
  5.9611E-07
  5.9607E-07
  5.9623E-07
  5.9607E-07
  5.9611E-07
  5.9607E-07
  5.9611E-07
  5.9612E-07
  5.9613E-07
  5.9612E-07
  5.9612E-07
  5.9611E-07
  5.9613E-07
  5.9611E-07
  5.9612E-07
  5.9612E-07
  5.9611E-07
  5.9612E-07
  5.9613E-07
  5.9611E-07
  5.9612E-07
  5.9612E-07
  5.9610E-07
  5.9611E-07
  5.9612E-07
  5.9611E-07
  5.9612E-07
  5.9613E-07
  5.9611E-07
  5.9612E-07
  5.9612E-07
  5.9610E-07
  5.9611E-07
  5.9612E-07
  5.9611E-07
  5.9612E-07
  5.9613E-07
  5.9611E-07
  5.9612E-07
  5.9612E-07
  5.9610E-07
  5.9611E-07
  5.9611E-07
  5.9611E-07
  5.9612E-07
  5.9613E-07
  5.9611E-07
  5.9612E-07
  5.9612E-07
  5.9611E-07
  5.9611E-07
  5.9611E-07
  5.9611E-07
  5.9612E-07
  5.9613E-07
  5.9611E-07
  5.9612E-07
  5.9612E-07
  5.9611E-07
  5.9612E-07
  5.9612E-07
  5.9611E-07
  5.9612E-07
  5.9613E-07
  5.9611E-07
  5.9612E-07
  5.9612E-07
  5.9612E-07
  5.9611E-07
  5.9612E-07
   2.0000E-01
 -1.2100E+02
 -1.1315E+02
 -1.2100E+02
 -1.1315E+02
 -1.0487E+02
 -1.1315E+02
 -1.2100E+02
 -1.1315E+02
 -1.2100E+02
  1.7910E+01
  1.7676E+01
  1.7910E+01
  1.7676E+01
  1.7489E+01
  1.7676E+01
  1.7910E+01
  1.7676E+01
  1.7910E+01
  2.2667E+00
  1.8919E-01
  2.2667E+00
  1.8919E-01
 -2.1418E+00
  1.8919E-01
  2.2667E+00
  1.8919E-01
  2.2667E+00
 -1.1945E-01
 -3.5568E-01
 -1.1945E-01
 -3.5568E-01
 -5.3919E-01
 -3.5568E-01
 -1.1945E-01
 -3.5568E-01
 -1.1945E-01
 -1.1287E-01
 -6.1142E-02
 -1.1287E-01
 -6.1142E-02
  1.1181E-01
 -6.1142E-02
 -1.1287E-01
 -6.1142E-02
 -1.1287E-01
  1.0459E-03
  1.3119E-02
  1.0459E-03
  1.3119E-02
 -5.3194E-03
  1.3119E-02
  1.0459E-03
  1.3119E-02
  1.0459E-03
  1.4156E-03
 -9.5028E-04
  1.4156E-03
 -9.5028E-04
 -1.1486E-04
 -9.5028E-04
  1.4156E-03
 -9.5028E-04
  1.4156E-03
 -1.2961E-04
  8.4928E-08
 -1.2961E-04
  8.4929E-08
 -5.2461E-05
  8.4928E-08
 -1.2961E-04
  8.4928E-08
 -1.2961E-04
 -9.8820E-07
  9.5812E-07
 -9.8821E-07
  9.5812E-07
  1.7893E-05
  9.5812E-07
 -9.8820E-07
  9.5812E-07
 -9.8820E-07
  4.9693E-06
  6.7171E-06
  4.9693E-06
  6.7171E-06
  6.6881E-06
  6.7171E-06
  4.9693E-06
  6.7171E-06
  4.9693E-06
  6.1816E-06
  5.9883E-06
  6.1816E-06
  5.9883E-06
  5.6318E-06
  5.9883E-06
  6.1816E-06
  5.9883E-06
  6.1816E-06
  5.9502E-06
  5.9380E-06
  5.9502E-06
  5.9379E-06
  6.0158E-06
  5.9380E-06
  5.9502E-06
  5.9379E-06
  5.9502E-06
  5.9786E-06
  5.9866E-06
  5.9787E-06
  5.9866E-06
  5.9807E-06
  5.9866E-06
  5.9786E-06
  5.9866E-06
  5.9786E-06
  5.9825E-06
  5.9818E-06
  5.9825E-06
  5.9818E-06
  5.9824E-06
  5.9818E-06
  5.9825E-06
  5.9818E-06
  5.9825E-06
  5.9821E-06
  5.9822E-06
  5.9821E-06
  5.9822E-06
  5.9821E-06
  5.9822E-06
  5.9821E-06
  5.9822E-06
  5.9821E-06
  5.9821E-06
  5.9821E-06
  5.9821E-06
  5.9821E-06
  5.9822E-06
  5.9821E-06
  5.9821E-06
  5.9821E-06
  5.9821E-06
  5.9821E-06
  5.9822E-06
  5.9821E-06
  5.9821E-06
  5.9821E-06
  5.9821E-06
  5.9821E-06
  5.9821E-06
  5.9821E-06
  5.9821E-06
  5.9821E-06
  5.9822E-06
  5.9821E-06
  5.9821E-06
  5.9821E-06
  5.9821E-06
  5.9821E-06
  5.9821E-06
  5.9821E-06
  5.9821E-06
  5.9821E-06
  5.9821E-06
  5.9821E-06
  5.9821E-06
  5.9822E-06
  5.9821E-06
  5.9822E-06
  5.9821E-06
  5.9821E-06
  5.9821E-06
  5.9821E-06
  5.9821E-06
  5.9821E-06
  5.9821E-06
  5.9821E-06
  5.9821E-06
  5.9821E-06
  5.9821E-06
  5.9822E-06
  5.9821E-06
  5.9821E-06
  5.9822E-06
  5.9821E-06
  5.9822E-06
  5.9821E-06
   3.0000E-01
 -1.9837E+02
 -1.8495E+02
 -1.9837E+02
 -1.8495E+02
 -1.7034E+02
 -1.8495E+02
 -1.9837E+02
 -1.8495E+02
 -1.9837E+02
  3.3591E+01
  3.2721E+01
  3.3591E+01
  3.2721E+01
  3.2649E+01
  3.2721E+01
  3.3591E+01
  3.2721E+01
  3.3591E+01
  3.9188E+00
  2.3585E-01
  3.9188E+00
  2.3585E-01
 -3.9279E+00
  2.3585E-01
  3.9188E+00
  2.3585E-01
  3.9188E+00
 -6.6709E-01
 -9.2096E-01
 -6.6709E-01
 -9.2096E-01
 -1.0145E+00
 -9.2096E-01
 -6.6709E-01
 -9.2096E-01
 -6.6709E-01
 -2.6149E-01
 -1.0515E-01
 -2.6149E-01
 -1.0515E-01
  2.6768E-01
 -1.0515E-01
 -2.6149E-01
 -1.0515E-01
 -2.6149E-01
  1.7064E-02
  3.6171E-02
  1.7064E-02
  3.6171E-02
 -1.7088E-02
  3.6171E-02
  1.7064E-02
  3.6171E-02
  1.7064E-02
  3.3076E-03
 -3.9236E-03
  3.3076E-03
 -3.9236E-03
 -1.1824E-03
 -3.9236E-03
  3.3076E-03
 -3.9236E-03
  3.3076E-03
 -7.8160E-04
 -4.6240E-05
 -7.8160E-04
 -4.6240E-05
  8.4000E-05
 -4.6240E-05
 -7.8160E-04
 -4.6240E-05
 -7.8160E-04
  1.7329E-05
  2.3293E-05
  1.7329E-05
  2.3293E-05
  3.2254E-05
  2.3293E-05
  1.7329E-05
  2.3293E-05
  1.7329E-05
  9.1944E-07
 -1.4065E-07
  9.1944E-07
 -1.4065E-07
 -6.0225E-07
 -1.4065E-07
  9.1944E-07
 -1.4065E-07
  9.1944E-07
 -2.7586E-07
 -5.6191E-07
 -2.7586E-07
 -5.6191E-07
 -1.5616E-06
 -5.6191E-07
 -2.7586E-07
 -5.6191E-07
 -2.7586E-07
 -2.6495E-07
 -1.9353E-07
 -2.6495E-07
 -1.9353E-07
  2.9212E-07
 -1.9353E-07
 -2.6495E-07
 -1.9353E-07
 -2.6495E-07
  6.6126E-09
  4.3029E-08
  6.6118E-09
  4.3029E-08
 -1.6169E-08
  4.3029E-08
  6.6117E-09
  4.3029E-08
  6.6126E-09
  5.1180E-09
 -3.3919E-09
  5.1185E-09
 -3.3916E-09
 -2.0789E-10
 -3.3914E-09
  5.1172E-09
 -3.3912E-09
  5.1178E-09
 -2.8692E-10
  5.0032E-10
 -2.8786E-10
  5.0100E-10
  5.5477E-10
  5.0117E-10
 -2.8849E-10
  5.0086E-10
 -2.8706E-10
  5.5515E-10
  5.5661E-10
  5.5543E-10
  5.5654E-10
  5.6831E-10
  5.5587E-10
  5.5524E-10
  5.5748E-10
  5.5472E-10
  5.4414E-10
  5.4662E-10
  5.4420E-10
  5.4660E-10
  5.5207E-10
  5.4514E-10
  5.4700E-10
  5.4567E-10
  5.4532E-10
  5.4715E-10
  5.4853E-10
  5.4717E-10
  5.4874E-10
  5.4691E-10
  5.4927E-10
  5.5003E-10
  5.4959E-10
  5.4835E-10
  5.4710E-10
  5.4754E-10
  5.4750E-10
  5.4685E-10
  5.4896E-10
  5.4852E-10
  5.4570E-10
  5.4655E-10
  5.4800E-10
  5.4813E-10
  5.4857E-10
  5.4939E-10
  5.4896E-10
  5.4753E-10
  5.4756E-10
  5.4608E-10
  5.4810E-10
  5.4538E-10
  5.4486E-10
  5.4831E-10
  5.4690E-10
  5.4822E-10
  5.4589E-10
  5.4841E-10
  5.4571E-10
  5.5076E-10
  5.4503E-10
