Scalar STRAINXX under NLStatic for nodeset
189
   0.0000E+00
  0.0000E+00
  0.0000E+00
  0.0000E+00
  0.0000E+00
  0.0000E+00
  0.0000E+00
  0.0000E+00
  0.0000E+00
  0.0000E+00
  0.0000E+00
  0.0000E+00
  0.0000E+00
  0.0000E+00
  0.0000E+00
  0.0000E+00
  0.0000E+00
  0.0000E+00
  0.0000E+00
  0.0000E+00
  0.0000E+00
  0.0000E+00
  0.0000E+00
  0.0000E+00
  0.0000E+00
  0.0000E+00
  0.0000E+00
  0.0000E+00
  0.0000E+00
  0.0000E+00
  0.0000E+00
  0.0000E+00
  0.0000E+00
  0.0000E+00
  0.0000E+00
  0.0000E+00
  0.0000E+00
  0.0000E+00
  0.0000E+00
  0.0000E+00
  0.0000E+00
  0.0000E+00
  0.0000E+00
  0.0000E+00
  0.0000E+00
  0.0000E+00
  0.0000E+00
  0.0000E+00
  0.0000E+00
  0.0000E+00
  0.0000E+00
  0.0000E+00
  0.0000E+00
  0.0000E+00
  0.0000E+00
  0.0000E+00
  0.0000E+00
  0.0000E+00
  0.0000E+00
  0.0000E+00
  0.0000E+00
  0.0000E+00
  0.0000E+00
  0.0000E+00
  0.0000E+00
  0.0000E+00
  0.0000E+00
  0.0000E+00
  0.0000E+00
  0.0000E+00
  0.0000E+00
  0.0000E+00
  0.0000E+00
  0.0000E+00
  0.0000E+00
  0.0000E+00
  0.0000E+00
  0.0000E+00
  0.0000E+00
  0.0000E+00
  0.0000E+00
  0.0000E+00
  0.0000E+00
  0.0000E+00
  0.0000E+00
  0.0000E+00
  0.0000E+00
  0.0000E+00
  0.0000E+00
  0.0000E+00
  0.0000E+00
  0.0000E+00
  0.0000E+00
  0.0000E+00
  0.0000E+00
  0.0000E+00
  0.0000E+00
  0.0000E+00
  0.0000E+00
  0.0000E+00
  0.0000E+00
  0.0000E+00
  0.0000E+00
  0.0000E+00
  0.0000E+00
  0.0000E+00
  0.0000E+00
  0.0000E+00
  0.0000E+00
  0.0000E+00
  0.0000E+00
  0.0000E+00
  0.0000E+00
  0.0000E+00
  0.0000E+00
  0.0000E+00
  0.0000E+00
  0.0000E+00
  0.0000E+00
  0.0000E+00
  0.0000E+00
  0.0000E+00
  0.0000E+00
  0.0000E+00
  0.0000E+00
  0.0000E+00
  0.0000E+00
  0.0000E+00
  0.0000E+00
  0.0000E+00
  0.0000E+00
  0.0000E+00
  0.0000E+00
  0.0000E+00
  0.0000E+00
  0.0000E+00
  0.0000E+00
  0.0000E+00
  0.0000E+00
  0.0000E+00
  0.0000E+00
  0.0000E+00
  0.0000E+00
  0.0000E+00
  0.0000E+00
  0.0000E+00
  0.0000E+00
  0.0000E+00
  0.0000E+00
  0.0000E+00
  0.0000E+00
  0.0000E+00
  0.0000E+00
  0.0000E+00
  0.0000E+00
  0.0000E+00
  0.0000E+00
  0.0000E+00
  0.0000E+00
  0.0000E+00
  0.0000E+00
  0.0000E+00
  0.0000E+00
  0.0000E+00
  0.0000E+00
  0.0000E+00
  0.0000E+00
  0.0000E+00
  0.0000E+00
  0.0000E+00
  0.0000E+00
  0.0000E+00
  0.0000E+00
  0.0000E+00
  0.0000E+00
  0.0000E+00
  0.0000E+00
  0.0000E+00
  0.0000E+00
  0.0000E+00
  0.0000E+00
  0.0000E+00
  0.0000E+00
  0.0000E+00
  0.0000E+00
  0.0000E+00
  0.0000E+00
  0.0000E+00
  0.0000E+00
  0.0000E+00
   1.0000E-01
  0.0000E+00
  0.0000E+00
  0.0000E+00
  0.0000E+00
  0.0000E+00
  0.0000E+00
  0.0000E+00
  0.0000E+00
  0.0000E+00
  1.6443E-02
  1.6402E-02
  1.6443E-02
  1.6443E-02
  1.6402E-02
  1.6443E-02
  1.6443E-02
  1.6402E-02
  1.6443E-02
  1.5470E-02
  1.5823E-02
  1.5470E-02
  1.5470E-02
  1.5823E-02
  1.5470E-02
  1.5470E-02
  1.5823E-02
  1.5470E-02
  1.5477E-02
  1.5417E-02
  1.5477E-02
  1.5477E-02
  1.5417E-02
  1.5477E-02
  1.5477E-02
  1.5417E-02
  1.5477E-02
  1.5446E-02
  1.5450E-02
  1.5446E-02
  1.5446E-02
  1.5450E-02
  1.5446E-02
  1.5446E-02
  1.5450E-02
  1.5446E-02
  1.5452E-02
  1.5452E-02
  1.5452E-02
  1.5452E-02
  1.5452E-02
  1.5452E-02
  1.5452E-02
  1.5452E-02
  1.5452E-02
  1.5452E-02
  1.5452E-02
  1.5452E-02
  1.5452E-02
  1.5452E-02
  1.5452E-02
  1.5452E-02
  1.5452E-02
  1.5452E-02
  1.5452E-02
  1.5452E-02
  1.5452E-02
  1.5452E-02
  1.5452E-02
  1.5452E-02
  1.5452E-02
  1.5452E-02
  1.5452E-02
  1.5452E-02
  1.5452E-02
  1.5452E-02
  1.5452E-02
  1.5452E-02
  1.5452E-02
  1.5452E-02
  1.5452E-02
  1.5452E-02
  1.5452E-02
  1.5452E-02
  1.5452E-02
  1.5452E-02
  1.5452E-02
  1.5452E-02
  1.5452E-02
  1.5452E-02
  1.5452E-02
  1.5452E-02
  1.5452E-02
  1.5452E-02
  1.5452E-02
  1.5452E-02
  1.5452E-02
  1.5452E-02
  1.5452E-02
  1.5452E-02
  1.5452E-02
  1.5452E-02
  1.5452E-02
  1.5452E-02
  1.5452E-02
  1.5452E-02
  1.5452E-02
  1.5452E-02
  1.5452E-02
  1.5452E-02
  1.5452E-02
  1.5452E-02
  1.5452E-02
  1.5452E-02
  1.5452E-02
  1.5452E-02
  1.5452E-02
  1.5452E-02
  1.5452E-02
  1.5452E-02
  1.5452E-02
  1.5452E-02
  1.5452E-02
  1.5452E-02
  1.5452E-02
  1.5452E-02
  1.5452E-02
  1.5452E-02
  1.5452E-02
  1.5452E-02
  1.5452E-02
  1.5452E-02
  1.5452E-02
  1.5452E-02
  1.5452E-02
  1.5452E-02
  1.5452E-02
  1.5452E-02
  1.5452E-02
  1.5452E-02
  1.5452E-02
  1.5452E-02
  1.5452E-02
  1.5452E-02
  1.5452E-02
  1.5452E-02
  1.5452E-02
  1.5452E-02
  1.5452E-02
  1.5452E-02
  1.5452E-02
  1.5452E-02
  1.5452E-02
  1.5452E-02
  1.5452E-02
  1.5452E-02
  1.5452E-02
  1.5452E-02
  1.5452E-02
  1.5452E-02
  1.5452E-02
  1.5452E-02
  1.5452E-02
  1.5452E-02
  1.5452E-02
  1.5452E-02
  1.5452E-02
  1.5452E-02
  1.5452E-02
  1.5452E-02
  1.5452E-02
  1.5452E-02
  1.5452E-02
  1.5452E-02
  1.5452E-02
  1.5452E-02
  1.5452E-02
  1.5452E-02
  1.5452E-02
  1.5452E-02
  1.5452E-02
  1.5452E-02
  1.5452E-02
  1.5452E-02
  1.5452E-02
  1.5452E-02
  1.5452E-02
  1.5452E-02
  1.5452E-02
  1.5452E-02
   2.0000E-01
  0.0000E+00
  0.0000E+00
  0.0000E+00
  0.0000E+00
  0.0000E+00
  0.0000E+00
  0.0000E+00
  0.0000E+00
  0.0000E+00
  3.5611E-02
  3.5624E-02
  3.5611E-02
  3.5611E-02
  3.5624E-02
  3.5611E-02
  3.5611E-02
  3.5624E-02
  3.5611E-02
  3.3195E-02
  3.3986E-02
  3.3195E-02
  3.3195E-02
  3.3986E-02
  3.3195E-02
  3.3195E-02
  3.3986E-02
  3.3195E-02
  3.3215E-02
  3.3053E-02
  3.3215E-02
  3.3215E-02
  3.3053E-02
  3.3215E-02
  3.3215E-02
  3.3053E-02
  3.3215E-02
  3.3148E-02
  3.3161E-02
  3.3148E-02
  3.3148E-02
  3.3161E-02
  3.3148E-02
  3.3148E-02
  3.3161E-02
  3.3148E-02
  3.3164E-02
  3.3164E-02
  3.3164E-02
  3.3164E-02
  3.3164E-02
  3.3164E-02
  3.3164E-02
  3.3164E-02
  3.3164E-02
  3.3163E-02
  3.3163E-02
  3.3163E-02
  3.3163E-02
  3.3163E-02
  3.3163E-02
  3.3163E-02
  3.3163E-02
  3.3163E-02
  3.3163E-02
  3.3163E-02
  3.3163E-02
  3.3163E-02
  3.3163E-02
  3.3163E-02
  3.3163E-02
  3.3163E-02
  3.3163E-02
  3.3163E-02
  3.3163E-02
  3.3163E-02
  3.3163E-02
  3.3163E-02
  3.3163E-02
  3.3163E-02
  3.3163E-02
  3.3163E-02
  3.3163E-02
  3.3163E-02
  3.3163E-02
  3.3163E-02
  3.3163E-02
  3.3163E-02
  3.3163E-02
  3.3163E-02
  3.3163E-02
  3.3163E-02
  3.3163E-02
  3.3163E-02
  3.3163E-02
  3.3163E-02
  3.3163E-02
  3.3163E-02
  3.3163E-02
  3.3163E-02
  3.3163E-02
  3.3163E-02
  3.3163E-02
  3.3163E-02
  3.3163E-02
  3.3163E-02
  3.3163E-02
  3.3163E-02
  3.3163E-02
  3.3163E-02
  3.3163E-02
  3.3163E-02
  3.3163E-02
  3.3163E-02
  3.3163E-02
  3.3163E-02
  3.3163E-02
  3.3163E-02
  3.3163E-02
  3.3163E-02
  3.3163E-02
  3.3163E-02
  3.3163E-02
  3.3163E-02
  3.3163E-02
  3.3163E-02
  3.3163E-02
  3.3163E-02
  3.3163E-02
  3.3163E-02
  3.3163E-02
  3.3163E-02
  3.3163E-02
  3.3163E-02
  3.3163E-02
  3.3163E-02
  3.3163E-02
  3.3163E-02
  3.3163E-02
  3.3163E-02
  3.3163E-02
  3.3163E-02
  3.3163E-02
  3.3163E-02
  3.3163E-02
  3.3163E-02
  3.3163E-02
  3.3163E-02
  3.3163E-02
  3.3163E-02
  3.3163E-02
  3.3163E-02
  3.3163E-02
  3.3163E-02
  3.3163E-02
  3.3163E-02
  3.3163E-02
  3.3163E-02
  3.3163E-02
  3.3163E-02
  3.3163E-02
  3.3163E-02
  3.3163E-02
  3.3163E-02
  3.3163E-02
  3.3163E-02
  3.3163E-02
  3.3163E-02
  3.3163E-02
  3.3163E-02
  3.3163E-02
  3.3163E-02
  3.3163E-02
  3.3163E-02
  3.3163E-02
  3.3163E-02
  3.3163E-02
  3.3163E-02
  3.3163E-02
  3.3163E-02
  3.3163E-02
  3.3163E-02
  3.3163E-02
  3.3163E-02
  3.3163E-02
  3.3163E-02
  3.3163E-02
  3.3163E-02
  3.3163E-02
  3.3163E-02
   3.0000E-01
  0.0000E+00
  0.0000E+00
  0.0000E+00
  0.0000E+00
  0.0000E+00
  0.0000E+00
  0.0000E+00
  0.0000E+00
  0.0000E+00
  5.9737E-02
  5.9983E-02
  5.9737E-02
  5.9737E-02
  5.9983E-02
  5.9737E-02
  5.9737E-02
  5.9983E-02
  5.9737E-02
  5.5357E-02
  5.6770E-02
  5.5357E-02
  5.5357E-02
  5.6770E-02
  5.5357E-02
  5.5357E-02
  5.6770E-02
  5.5357E-02
  5.5311E-02
  5.4953E-02
  5.5311E-02
  5.5311E-02
  5.4953E-02
  5.5311E-02
  5.5311E-02
  5.4953E-02
  5.5311E-02
  5.5200E-02
  5.5234E-02
  5.5200E-02
  5.5200E-02
  5.5234E-02
  5.5200E-02
  5.5200E-02
  5.5234E-02
  5.5200E-02
  5.5238E-02
  5.5238E-02
  5.5238E-02
  5.5238E-02
  5.5238E-02
  5.5238E-02
  5.5238E-02
  5.5238E-02
  5.5238E-02
  5.5234E-02
  5.5234E-02
  5.5234E-02
  5.5234E-02
  5.5234E-02
  5.5234E-02
  5.5234E-02
  5.5234E-02
  5.5234E-02
  5.5234E-02
  5.5234E-02
  5.5234E-02
  5.5234E-02
  5.5234E-02
  5.5234E-02
  5.5234E-02
  5.5234E-02
  5.5234E-02
  5.5234E-02
  5.5234E-02
  5.5234E-02
  5.5234E-02
  5.5234E-02
  5.5234E-02
  5.5234E-02
  5.5234E-02
  5.5234E-02
  5.5234E-02
  5.5234E-02
  5.5234E-02
  5.5234E-02
  5.5234E-02
  5.5234E-02
  5.5234E-02
  5.5234E-02
  5.5234E-02
  5.5234E-02
  5.5234E-02
  5.5234E-02
  5.5234E-02
  5.5234E-02
  5.5234E-02
  5.5234E-02
  5.5234E-02
  5.5234E-02
  5.5234E-02
  5.5234E-02
  5.5234E-02
  5.5234E-02
  5.5234E-02
  5.5234E-02
  5.5234E-02
  5.5234E-02
  5.5234E-02
  5.5234E-02
  5.5234E-02
  5.5234E-02
  5.5234E-02
  5.5234E-02
  5.5234E-02
  5.5234E-02
  5.5234E-02
  5.5234E-02
  5.5234E-02
  5.5234E-02
  5.5234E-02
  5.5234E-02
  5.5234E-02
  5.5234E-02
  5.5234E-02
  5.5234E-02
  5.5234E-02
  5.5234E-02
  5.5234E-02
  5.5234E-02
  5.5234E-02
  5.5234E-02
  5.5234E-02
  5.5234E-02
  5.5234E-02
  5.5234E-02
  5.5234E-02
  5.5234E-02
  5.5234E-02
  5.5234E-02
  5.5234E-02
  5.5234E-02
  5.5234E-02
  5.5234E-02
  5.5234E-02
  5.5234E-02
  5.5234E-02
  5.5234E-02
  5.5234E-02
  5.5234E-02
  5.5234E-02
  5.5234E-02
  5.5234E-02
  5.5234E-02
  5.5234E-02
  5.5234E-02
  5.5234E-02
  5.5234E-02
  5.5234E-02
  5.5234E-02
  5.5234E-02
  5.5234E-02
  5.5234E-02
  5.5234E-02
  5.5234E-02
  5.5234E-02
  5.5234E-02
  5.5234E-02
  5.5234E-02
  5.5234E-02
  5.5234E-02
  5.5234E-02
  5.5234E-02
  5.5234E-02
  5.5234E-02
  5.5234E-02
  5.5234E-02
  5.5234E-02
  5.5234E-02
  5.5234E-02
  5.5234E-02
  5.5234E-02
  5.5234E-02
  5.5234E-02
  5.5234E-02
  5.5234E-02
  5.5234E-02
  5.5234E-02
  5.5234E-02
  5.5234E-02
