Scalar MT under NLStatic for nodeset
189
   0.0000E+00
  0.0000E+00
  0.0000E+00
  0.0000E+00
  0.0000E+00
  0.0000E+00
  0.0000E+00
  0.0000E+00
  0.0000E+00
  0.0000E+00
  0.0000E+00
  0.0000E+00
  0.0000E+00
  0.0000E+00
  0.0000E+00
  0.0000E+00
  0.0000E+00
  0.0000E+00
  0.0000E+00
  0.0000E+00
  0.0000E+00
  0.0000E+00
  0.0000E+00
  0.0000E+00
  0.0000E+00
  0.0000E+00
  0.0000E+00
  0.0000E+00
  0.0000E+00
  0.0000E+00
  0.0000E+00
  0.0000E+00
  0.0000E+00
  0.0000E+00
  0.0000E+00
  0.0000E+00
  0.0000E+00
  0.0000E+00
  0.0000E+00
  0.0000E+00
  0.0000E+00
  0.0000E+00
  0.0000E+00
  0.0000E+00
  0.0000E+00
  0.0000E+00
  0.0000E+00
  0.0000E+00
  0.0000E+00
  0.0000E+00
  0.0000E+00
  0.0000E+00
  0.0000E+00
  0.0000E+00
  0.0000E+00
  0.0000E+00
  0.0000E+00
  0.0000E+00
  0.0000E+00
  0.0000E+00
  0.0000E+00
  0.0000E+00
  0.0000E+00
  0.0000E+00
  0.0000E+00
  0.0000E+00
  0.0000E+00
  0.0000E+00
  0.0000E+00
  0.0000E+00
  0.0000E+00
  0.0000E+00
  0.0000E+00
  0.0000E+00
  0.0000E+00
  0.0000E+00
  0.0000E+00
  0.0000E+00
  0.0000E+00
  0.0000E+00
  0.0000E+00
  0.0000E+00
  0.0000E+00
  0.0000E+00
  0.0000E+00
  0.0000E+00
  0.0000E+00
  0.0000E+00
  0.0000E+00
  0.0000E+00
  0.0000E+00
  0.0000E+00
  0.0000E+00
  0.0000E+00
  0.0000E+00
  0.0000E+00
  0.0000E+00
  0.0000E+00
  0.0000E+00
  0.0000E+00
  0.0000E+00
  0.0000E+00
  0.0000E+00
  0.0000E+00
  0.0000E+00
  0.0000E+00
  0.0000E+00
  0.0000E+00
  0.0000E+00
  0.0000E+00
  0.0000E+00
  0.0000E+00
  0.0000E+00
  0.0000E+00
  0.0000E+00
  0.0000E+00
  0.0000E+00
  0.0000E+00
  0.0000E+00
  0.0000E+00
  0.0000E+00
  0.0000E+00
  0.0000E+00
  0.0000E+00
  0.0000E+00
  0.0000E+00
  0.0000E+00
  0.0000E+00
  0.0000E+00
  0.0000E+00
  0.0000E+00
  0.0000E+00
  0.0000E+00
  0.0000E+00
  0.0000E+00
  0.0000E+00
  0.0000E+00
  0.0000E+00
  0.0000E+00
  0.0000E+00
  0.0000E+00
  0.0000E+00
  0.0000E+00
  0.0000E+00
  0.0000E+00
  0.0000E+00
  0.0000E+00
  0.0000E+00
  0.0000E+00
  0.0000E+00
  0.0000E+00
  0.0000E+00
  0.0000E+00
  0.0000E+00
  0.0000E+00
  0.0000E+00
  0.0000E+00
  0.0000E+00
  0.0000E+00
  0.0000E+00
  0.0000E+00
  0.0000E+00
  0.0000E+00
  0.0000E+00
  0.0000E+00
  0.0000E+00
  0.0000E+00
  0.0000E+00
  0.0000E+00
  0.0000E+00
  0.0000E+00
  0.0000E+00
  0.0000E+00
  0.0000E+00
  0.0000E+00
  0.0000E+00
  0.0000E+00
  0.0000E+00
  0.0000E+00
  0.0000E+00
  0.0000E+00
  0.0000E+00
  0.0000E+00
  0.0000E+00
  0.0000E+00
  0.0000E+00
  0.0000E+00
  0.0000E+00
  0.0000E+00
  0.0000E+00
   1.0000E-01
  0.0000E+00
  0.0000E+00
  0.0000E+00
  0.0000E+00
  0.0000E+00
  0.0000E+00
  0.0000E+00
  0.0000E+00
  0.0000E+00
  2.7337E-02
  2.4484E-02
  2.7337E-02
  2.4484E-02
  2.1344E-02
  2.4484E-02
  2.7337E-02
  2.4484E-02
  2.7337E-02
  5.1029E-02
  5.0425E-02
  5.1029E-02
  5.0425E-02
  4.9761E-02
  5.0425E-02
  5.1029E-02
  5.0425E-02
  5.1029E-02
  7.7063E-02
  7.6678E-02
  7.7063E-02
  7.6678E-02
  7.6346E-02
  7.6678E-02
  7.7063E-02
  7.6678E-02
  7.7063E-02
  1.0333E-01
  1.0305E-01
  1.0333E-01
  1.0305E-01
  1.0276E-01
  1.0305E-01
  1.0333E-01
  1.0305E-01
  1.0333E-01
  1.2966E-01
  1.2944E-01
  1.2966E-01
  1.2944E-01
  1.2921E-01
  1.2944E-01
  1.2966E-01
  1.2944E-01
  1.2966E-01
  1.5604E-01
  1.5585E-01
  1.5604E-01
  1.5585E-01
  1.5566E-01
  1.5585E-01
  1.5604E-01
  1.5585E-01
  1.5604E-01
  1.8244E-01
  1.8228E-01
  1.8244E-01
  1.8228E-01
  1.8211E-01
  1.8228E-01
  1.8244E-01
  1.8228E-01
  1.8244E-01
  2.0885E-01
  2.0871E-01
  2.0885E-01
  2.0871E-01
  2.0857E-01
  2.0871E-01
  2.0885E-01
  2.0871E-01
  2.0885E-01
  2.3527E-01
  2.3514E-01
  2.3527E-01
  2.3514E-01
  2.3502E-01
  2.3514E-01
  2.3527E-01
  2.3514E-01
  2.3527E-01
  2.6170E-01
  2.6158E-01
  2.6170E-01
  2.6158E-01
  2.6147E-01
  2.6158E-01
  2.6170E-01
  2.6158E-01
  2.6170E-01
  2.8813E-01
  2.8803E-01
  2.8813E-01
  2.8803E-01
  2.8792E-01
  2.8803E-01
  2.8813E-01
  2.8803E-01
  2.8813E-01
  3.1456E-01
  3.1447E-01
  3.1456E-01
  3.1447E-01
  3.1438E-01
  3.1447E-01
  3.1456E-01
  3.1447E-01
  3.1456E-01
  3.4100E-01
  3.4092E-01
  3.4100E-01
  3.4092E-01
  3.4083E-01
  3.4092E-01
  3.4100E-01
  3.4092E-01
  3.4100E-01
  3.6744E-01
  3.6736E-01
  3.6744E-01
  3.6736E-01
  3.6728E-01
  3.6736E-01
  3.6744E-01
  3.6736E-01
  3.6744E-01
  3.9388E-01
  3.9381E-01
  3.9388E-01
  3.9381E-01
  3.9373E-01
  3.9381E-01
  3.9388E-01
  3.9381E-01
  3.9388E-01
  4.2033E-01
  4.2026E-01
  4.2033E-01
  4.2026E-01
  4.2019E-01
  4.2026E-01
  4.2033E-01
  4.2026E-01
  4.2033E-01
  4.4677E-01
  4.4670E-01
  4.4677E-01
  4.4670E-01
  4.4664E-01
  4.4670E-01
  4.4677E-01
  4.4670E-01
  4.4677E-01
  4.7322E-01
  4.7315E-01
  4.7322E-01
  4.7315E-01
  4.7309E-01
  4.7315E-01
  4.7322E-01
  4.7315E-01
  4.7322E-01
  4.9966E-01
  4.9960E-01
  4.9966E-01
  4.9960E-01
  4.9954E-01
  4.9960E-01
  4.9966E-01
  4.9960E-01
  4.9966E-01
  5.2611E-01
  5.2605E-01
  5.2611E-01
  5.2605E-01
  5.2600E-01
  5.2605E-01
  5.2611E-01
  5.2605E-01
  5.2611E-01
   2.0000E-01
  0.0000E+00
  0.0000E+00
  0.0000E+00
  0.0000E+00
  0.0000E+00
  0.0000E+00
  0.0000E+00
  0.0000E+00
  0.0000E+00
  6.0086E-02
  5.3646E-02
  6.0086E-02
  5.3646E-02
  4.6496E-02
  5.3646E-02
  6.0086E-02
  5.3646E-02
  6.0086E-02
  1.1261E-01
  1.1145E-01
  1.1261E-01
  1.1145E-01
  1.1018E-01
  1.1145E-01
  1.1261E-01
  1.1145E-01
  1.1261E-01
  1.7055E-01
  1.6977E-01
  1.7055E-01
  1.6977E-01
  1.6912E-01
  1.6977E-01
  1.7055E-01
  1.6977E-01
  1.7055E-01
  2.2889E-01
  2.2832E-01
  2.2889E-01
  2.2832E-01
  2.2772E-01
  2.2832E-01
  2.2889E-01
  2.2832E-01
  2.2889E-01
  2.8738E-01
  2.8691E-01
  2.8738E-01
  2.8691E-01
  2.8645E-01
  2.8691E-01
  2.8738E-01
  2.8691E-01
  2.8738E-01
  3.4594E-01
  3.4555E-01
  3.4594E-01
  3.4555E-01
  3.4517E-01
  3.4555E-01
  3.4594E-01
  3.4555E-01
  3.4594E-01
  4.0455E-01
  4.0422E-01
  4.0455E-01
  4.0422E-01
  4.0389E-01
  4.0422E-01
  4.0455E-01
  4.0422E-01
  4.0455E-01
  4.6318E-01
  4.6289E-01
  4.6318E-01
  4.6289E-01
  4.6261E-01
  4.6289E-01
  4.6318E-01
  4.6289E-01
  4.6318E-01
  5.2184E-01
  5.2158E-01
  5.2184E-01
  5.2158E-01
  5.2133E-01
  5.2158E-01
  5.2184E-01
  5.2158E-01
  5.2184E-01
  5.8050E-01
  5.8028E-01
  5.8050E-01
  5.8028E-01
  5.8005E-01
  5.8028E-01
  5.8050E-01
  5.8028E-01
  5.8050E-01
  6.3918E-01
  6.3897E-01
  6.3918E-01
  6.3897E-01
  6.3877E-01
  6.3897E-01
  6.3918E-01
  6.3897E-01
  6.3918E-01
  6.9787E-01
  6.9768E-01
  6.9787E-01
  6.9768E-01
  6.9748E-01
  6.9768E-01
  6.9787E-01
  6.9768E-01
  6.9787E-01
  7.5656E-01
  7.5638E-01
  7.5656E-01
  7.5638E-01
  7.5620E-01
  7.5638E-01
  7.5656E-01
  7.5638E-01
  7.5656E-01
  8.1525E-01
  8.1509E-01
  8.1525E-01
  8.1509E-01
  8.1492E-01
  8.1509E-01
  8.1525E-01
  8.1509E-01
  8.1525E-01
  8.7395E-01
  8.7380E-01
  8.7395E-01
  8.7380E-01
  8.7364E-01
  8.7380E-01
  8.7395E-01
  8.7380E-01
  8.7395E-01
  9.3265E-01
  9.3251E-01
  9.3265E-01
  9.3251E-01
  9.3236E-01
  9.3251E-01
  9.3265E-01
  9.3251E-01
  9.3265E-01
  9.9135E-01
  9.9122E-01
  9.9135E-01
  9.9122E-01
  9.9108E-01
  9.9122E-01
  9.9135E-01
  9.9122E-01
  9.9135E-01
  1.0501E+00
  1.0499E+00
  1.0501E+00
  1.0499E+00
  1.0498E+00
  1.0499E+00
  1.0501E+00
  1.0499E+00
  1.0501E+00
  1.1088E+00
  1.1086E+00
  1.1088E+00
  1.1086E+00
  1.1085E+00
  1.1086E+00
  1.1088E+00
  1.1086E+00
  1.1088E+00
  1.1675E+00
  1.1674E+00
  1.1675E+00
  1.1674E+00
  1.1672E+00
  1.1674E+00
  1.1675E+00
  1.1674E+00
  1.1675E+00
   3.0000E-01
  0.0000E+00
  0.0000E+00
  0.0000E+00
  0.0000E+00
  0.0000E+00
  0.0000E+00
  0.0000E+00
  0.0000E+00
  0.0000E+00
  1.0297E-01
  9.1279E-02
  1.0297E-01
  9.1279E-02
  7.8114E-02
  9.1279E-02
  1.0297E-01
  9.1279E-02
  1.0297E-01
  1.9451E-01
  1.9293E-01
  1.9451E-01
  1.9293E-01
  1.9124E-01
  1.9293E-01
  1.9451E-01
  1.9293E-01
  1.9451E-01
  2.9613E-01
  2.9495E-01
  2.9613E-01
  2.9495E-01
  2.9403E-01
  2.9495E-01
  2.9613E-01
  2.9495E-01
  2.9613E-01
  3.9815E-01
  3.9726E-01
  3.9815E-01
  3.9726E-01
  3.9630E-01
  3.9726E-01
  3.9815E-01
  3.9726E-01
  3.9815E-01
  5.0036E-01
  4.9963E-01
  5.0036E-01
  4.9963E-01
  4.9891E-01
  4.9963E-01
  5.0036E-01
  4.9963E-01
  5.0036E-01
  6.0269E-01
  6.0209E-01
  6.0269E-01
  6.0209E-01
  6.0149E-01
  6.0209E-01
  6.0269E-01
  6.0209E-01
  6.0269E-01
  7.0509E-01
  7.0458E-01
  7.0509E-01
  7.0458E-01
  7.0407E-01
  7.0458E-01
  7.0509E-01
  7.0458E-01
  7.0509E-01
  8.0754E-01
  8.0710E-01
  8.0754E-01
  8.0710E-01
  8.0665E-01
  8.0710E-01
  8.0754E-01
  8.0710E-01
  8.0754E-01
  9.1002E-01
  9.0963E-01
  9.1002E-01
  9.0963E-01
  9.0923E-01
  9.0963E-01
  9.1002E-01
  9.0963E-01
  9.1002E-01
  1.0125E+00
  1.0122E+00
  1.0125E+00
  1.0122E+00
  1.0118E+00
  1.0122E+00
  1.0125E+00
  1.0122E+00
  1.0125E+00
  1.1150E+00
  1.1147E+00
  1.1150E+00
  1.1147E+00
  1.1144E+00
  1.1147E+00
  1.1150E+00
  1.1147E+00
  1.1150E+00
  1.2176E+00
  1.2173E+00
  1.2176E+00
  1.2173E+00
  1.2170E+00
  1.2173E+00
  1.2176E+00
  1.2173E+00
  1.2176E+00
  1.3201E+00
  1.3198E+00
  1.3201E+00
  1.3198E+00
  1.3195E+00
  1.3198E+00
  1.3201E+00
  1.3198E+00
  1.3201E+00
  1.4226E+00
  1.4224E+00
  1.4226E+00
  1.4224E+00
  1.4221E+00
  1.4224E+00
  1.4226E+00
  1.4224E+00
  1.4226E+00
  1.5252E+00
  1.5249E+00
  1.5252E+00
  1.5249E+00
  1.5247E+00
  1.5249E+00
  1.5252E+00
  1.5249E+00
  1.5252E+00
  1.6277E+00
  1.6275E+00
  1.6277E+00
  1.6275E+00
  1.6273E+00
  1.6275E+00
  1.6277E+00
  1.6275E+00
  1.6277E+00
  1.7303E+00
  1.7301E+00
  1.7303E+00
  1.7301E+00
  1.7299E+00
  1.7301E+00
  1.7303E+00
  1.7301E+00
  1.7303E+00
  1.8328E+00
  1.8326E+00
  1.8328E+00
  1.8326E+00
  1.8324E+00
  1.8326E+00
  1.8328E+00
  1.8326E+00
  1.8328E+00
  1.9354E+00
  1.9352E+00
  1.9354E+00
  1.9352E+00
  1.9350E+00
  1.9352E+00
  1.9354E+00
  1.9352E+00
  1.9354E+00
  2.0380E+00
  2.0378E+00
  2.0380E+00
  2.0378E+00
  2.0376E+00
  2.0378E+00
  2.0380E+00
  2.0378E+00
  2.0380E+00
