Scalar DX under NLStatic for nodeset
189
   0.0000E+00
  0.0000E+00
  0.0000E+00
  0.0000E+00
  0.0000E+00
  0.0000E+00
  0.0000E+00
  0.0000E+00
  0.0000E+00
  0.0000E+00
  0.0000E+00
  0.0000E+00
  0.0000E+00
  0.0000E+00
  0.0000E+00
  0.0000E+00
  0.0000E+00
  0.0000E+00
  0.0000E+00
  0.0000E+00
  0.0000E+00
  0.0000E+00
  0.0000E+00
  0.0000E+00
  0.0000E+00
  0.0000E+00
  0.0000E+00
  0.0000E+00
  0.0000E+00
  0.0000E+00
  0.0000E+00
  0.0000E+00
  0.0000E+00
  0.0000E+00
  0.0000E+00
  0.0000E+00
  0.0000E+00
  0.0000E+00
  0.0000E+00
  0.0000E+00
  0.0000E+00
  0.0000E+00
  0.0000E+00
  0.0000E+00
  0.0000E+00
  0.0000E+00
  0.0000E+00
  0.0000E+00
  0.0000E+00
  0.0000E+00
  0.0000E+00
  0.0000E+00
  0.0000E+00
  0.0000E+00
  0.0000E+00
  0.0000E+00
  0.0000E+00
  0.0000E+00
  0.0000E+00
  0.0000E+00
  0.0000E+00
  0.0000E+00
  0.0000E+00
  0.0000E+00
  0.0000E+00
  0.0000E+00
  0.0000E+00
  0.0000E+00
  0.0000E+00
  0.0000E+00
  0.0000E+00
  0.0000E+00
  0.0000E+00
  0.0000E+00
  0.0000E+00
  0.0000E+00
  0.0000E+00
  0.0000E+00
  0.0000E+00
  0.0000E+00
  0.0000E+00
  0.0000E+00
  0.0000E+00
  0.0000E+00
  0.0000E+00
  0.0000E+00
  0.0000E+00
  0.0000E+00
  0.0000E+00
  0.0000E+00
  0.0000E+00
  0.0000E+00
  0.0000E+00
  0.0000E+00
  0.0000E+00
  0.0000E+00
  0.0000E+00
  0.0000E+00
  0.0000E+00
  0.0000E+00
  0.0000E+00
  0.0000E+00
  0.0000E+00
  0.0000E+00
  0.0000E+00
  0.0000E+00
  0.0000E+00
  0.0000E+00
  0.0000E+00
  0.0000E+00
  0.0000E+00
  0.0000E+00
  0.0000E+00
  0.0000E+00
  0.0000E+00
  0.0000E+00
  0.0000E+00
  0.0000E+00
  0.0000E+00
  0.0000E+00
  0.0000E+00
  0.0000E+00
  0.0000E+00
  0.0000E+00
  0.0000E+00
  0.0000E+00
  0.0000E+00
  0.0000E+00
  0.0000E+00
  0.0000E+00
  0.0000E+00
  0.0000E+00
  0.0000E+00
  0.0000E+00
  0.0000E+00
  0.0000E+00
  0.0000E+00
  0.0000E+00
  0.0000E+00
  0.0000E+00
  0.0000E+00
  0.0000E+00
  0.0000E+00
  0.0000E+00
  0.0000E+00
  0.0000E+00
  0.0000E+00
  0.0000E+00
  0.0000E+00
  0.0000E+00
  0.0000E+00
  0.0000E+00
  0.0000E+00
  0.0000E+00
  0.0000E+00
  0.0000E+00
  0.0000E+00
  0.0000E+00
  0.0000E+00
  0.0000E+00
  0.0000E+00
  0.0000E+00
  0.0000E+00
  0.0000E+00
  0.0000E+00
  0.0000E+00
  0.0000E+00
  0.0000E+00
  0.0000E+00
  0.0000E+00
  0.0000E+00
  0.0000E+00
  0.0000E+00
  0.0000E+00
  0.0000E+00
  0.0000E+00
  0.0000E+00
  0.0000E+00
  0.0000E+00
  0.0000E+00
  0.0000E+00
  0.0000E+00
  0.0000E+00
  0.0000E+00
  0.0000E+00
  0.0000E+00
  0.0000E+00
  0.0000E+00
  0.0000E+00
  0.0000E+00
   1.0000E-01
  0.0000E+00
  0.0000E+00
  0.0000E+00
  0.0000E+00
  0.0000E+00
  0.0000E+00
  0.0000E+00
  0.0000E+00
  0.0000E+00
 -8.1521E-03
 -8.1319E-03
 -8.1521E-03
  3.8858E-15
  5.2180E-15
  3.8858E-15
  8.1521E-03
  8.1319E-03
  8.1521E-03
 -7.6758E-03
 -7.8500E-03
 -7.6758E-03
  1.9651E-14
  2.0872E-14
  1.9762E-14
  7.6758E-03
  7.8500E-03
  7.6758E-03
 -7.6794E-03
 -7.6498E-03
 -7.6794E-03
  4.3854E-14
  4.4409E-14
  4.3854E-14
  7.6794E-03
  7.6498E-03
  7.6794E-03
 -7.6644E-03
 -7.6662E-03
 -7.6644E-03
  7.2831E-14
  7.2942E-14
  7.2942E-14
  7.6644E-03
  7.6662E-03
  7.6644E-03
 -7.6672E-03
 -7.6671E-03
 -7.6672E-03
  1.0236E-13
  1.0181E-13
  1.0225E-13
  7.6672E-03
  7.6671E-03
  7.6672E-03
 -7.6670E-03
 -7.6670E-03
 -7.6670E-03
  1.2745E-13
  1.2645E-13
  1.2756E-13
  7.6670E-03
  7.6670E-03
  7.6670E-03
 -7.6670E-03
 -7.6670E-03
 -7.6670E-03
  1.4455E-13
  1.4333E-13
  1.4488E-13
  7.6670E-03
  7.6670E-03
  7.6670E-03
 -7.6670E-03
 -7.6670E-03
 -7.6670E-03
  1.5110E-13
  1.4966E-13
  1.5132E-13
  7.6670E-03
  7.6670E-03
  7.6670E-03
 -7.6670E-03
 -7.6670E-03
 -7.6670E-03
  1.4611E-13
  1.4466E-13
  1.4622E-13
  7.6670E-03
  7.6670E-03
  7.6670E-03
 -7.6670E-03
 -7.6670E-03
 -7.6670E-03
  1.3023E-13
  1.2945E-13
  1.3056E-13
  7.6670E-03
  7.6670E-03
  7.6670E-03
 -7.6670E-03
 -7.6670E-03
 -7.6670E-03
  1.0592E-13
  1.0558E-13
  1.0647E-13
  7.6670E-03
  7.6670E-03
  7.6670E-03
 -7.6670E-03
 -7.6670E-03
 -7.6670E-03
  7.7049E-14
  7.7049E-14
  7.7383E-14
  7.6670E-03
  7.6670E-03
  7.6670E-03
 -7.6670E-03
 -7.6670E-03
 -7.6670E-03
  4.7851E-14
  4.8517E-14
  4.7962E-14
  7.6670E-03
  7.6670E-03
  7.6670E-03
 -7.6670E-03
 -7.6670E-03
 -7.6670E-03
  2.2427E-14
  2.3759E-14
  2.2982E-14
  7.6670E-03
  7.6670E-03
  7.6670E-03
 -7.6670E-03
 -7.6670E-03
 -7.6670E-03
  5.4401E-15
  6.9944E-15
  5.5511E-15
  7.6670E-03
  7.6670E-03
  7.6670E-03
 -7.6670E-03
 -7.6670E-03
 -7.6670E-03
 -1.1102E-16
  1.4433E-15
 -5.5511E-17
  7.6670E-03
  7.6670E-03
  7.6670E-03
 -7.6670E-03
 -7.6670E-03
 -7.6670E-03
  5.2180E-15
  6.5503E-15
  4.7740E-15
  7.6670E-03
  7.6670E-03
  7.6670E-03
 -7.6670E-03
 -7.6670E-03
 -7.6670E-03
  2.1982E-14
  2.2427E-14
  2.1094E-14
  7.6670E-03
  7.6670E-03
  7.6670E-03
 -7.6670E-03
 -7.6670E-03
 -7.6670E-03
  4.6518E-14
  4.6296E-14
  4.5186E-14
  7.6670E-03
  7.6670E-03
  7.6670E-03
 -7.6670E-03
 -7.6670E-03
 -7.6670E-03
  7.5273E-14
  7.5162E-14
  7.3941E-14
  7.6670E-03
  7.6670E-03
  7.6670E-03
   2.0000E-01
  0.0000E+00
  0.0000E+00
  0.0000E+00
  0.0000E+00
  0.0000E+00
  0.0000E+00
  0.0000E+00
  0.0000E+00
  0.0000E+00
 -1.7484E-02
 -1.7489E-02
 -1.7484E-02
  3.3307E-16
  4.4409E-16
  3.3307E-16
  1.7484E-02
  1.7489E-02
  1.7484E-02
 -1.6330E-02
 -1.6714E-02
 -1.6330E-02
  1.5543E-15
  1.5543E-15
  1.4433E-15
  1.6330E-02
  1.6714E-02
  1.6330E-02
 -1.6341E-02
 -1.6262E-02
 -1.6341E-02
  3.3307E-15
  3.4417E-15
  3.3307E-15
  1.6341E-02
  1.6262E-02
  1.6341E-02
 -1.6308E-02
 -1.6314E-02
 -1.6308E-02
  5.6621E-15
  5.6621E-15
  5.6621E-15
  1.6308E-02
  1.6314E-02
  1.6308E-02
 -1.6316E-02
 -1.6316E-02
 -1.6316E-02
  8.3267E-15
  8.2157E-15
  8.3267E-15
  1.6316E-02
  1.6316E-02
  1.6316E-02
 -1.6315E-02
 -1.6315E-02
 -1.6315E-02
  1.0769E-14
  1.0658E-14
  1.0658E-14
  1.6315E-02
  1.6315E-02
  1.6315E-02
 -1.6315E-02
 -1.6315E-02
 -1.6315E-02
  1.2434E-14
  1.2434E-14
  1.2434E-14
  1.6315E-02
  1.6315E-02
  1.6315E-02
 -1.6315E-02
 -1.6315E-02
 -1.6315E-02
  1.3212E-14
  1.2990E-14
  1.3101E-14
  1.6315E-02
  1.6315E-02
  1.6315E-02
 -1.6315E-02
 -1.6315E-02
 -1.6315E-02
  1.2657E-14
  1.2434E-14
  1.2546E-14
  1.6315E-02
  1.6315E-02
  1.6315E-02
 -1.6315E-02
 -1.6315E-02
 -1.6315E-02
  1.1546E-14
  1.1435E-14
  1.1435E-14
  1.6315E-02
  1.6315E-02
  1.6315E-02
 -1.6315E-02
 -1.6315E-02
 -1.6315E-02
  9.4369E-15
  9.3259E-15
  9.3259E-15
  1.6315E-02
  1.6315E-02
  1.6315E-02
 -1.6315E-02
 -1.6315E-02
 -1.6315E-02
  6.6613E-15
  6.5503E-15
  6.4393E-15
  1.6315E-02
  1.6315E-02
  1.6315E-02
 -1.6315E-02
 -1.6315E-02
 -1.6315E-02
  3.8858E-15
  3.8858E-15
  3.8858E-15
  1.6315E-02
  1.6315E-02
  1.6315E-02
 -1.6315E-02
 -1.6315E-02
 -1.6315E-02
  1.5543E-15
  1.4433E-15
  1.3323E-15
  1.6315E-02
  1.6315E-02
  1.6315E-02
 -1.6315E-02
 -1.6315E-02
 -1.6315E-02
 -5.5511E-17
 -3.8858E-16
 -8.8818E-16
  1.6315E-02
  1.6315E-02
  1.6315E-02
 -1.6315E-02
 -1.6315E-02
 -1.6315E-02
 -2.7756E-16
 -5.5511E-16
 -9.4369E-16
  1.6315E-02
  1.6315E-02
  1.6315E-02
 -1.6315E-02
 -1.6315E-02
 -1.6315E-02
  1.1102E-16
 -3.3307E-16
 -7.7716E-16
  1.6315E-02
  1.6315E-02
  1.6315E-02
 -1.6315E-02
 -1.6315E-02
 -1.6315E-02
  2.1094E-15
  1.7764E-15
  7.7716E-16
  1.6315E-02
  1.6315E-02
  1.6315E-02
 -1.6315E-02
 -1.6315E-02
 -1.6315E-02
  4.4409E-15
  3.7748E-15
  2.8866E-15
  1.6315E-02
  1.6315E-02
  1.6315E-02
 -1.6315E-02
 -1.6315E-02
 -1.6315E-02
  6.7724E-15
  6.1062E-15
  5.7732E-15
  1.6315E-02
  1.6315E-02
  1.6315E-02
   3.0000E-01
  0.0000E+00
  0.0000E+00
  0.0000E+00
  0.0000E+00
  0.0000E+00
  0.0000E+00
  0.0000E+00
  0.0000E+00
  0.0000E+00
 -2.8966E-02
 -2.9075E-02
 -2.8966E-02
 -1.6653E-16
 -2.2204E-16
 -1.6653E-16
  2.8966E-02
  2.9075E-02
  2.8966E-02
 -2.6952E-02
 -2.7622E-02
 -2.6952E-02
 -6.6613E-16
 -6.1062E-16
 -6.6613E-16
  2.6952E-02
  2.7622E-02
  2.6952E-02
 -2.6930E-02
 -2.6760E-02
 -2.6930E-02
 -9.4369E-16
 -9.9920E-16
 -9.9920E-16
  2.6930E-02
  2.6760E-02
  2.6930E-02
 -2.6878E-02
 -2.6894E-02
 -2.6878E-02
 -1.0547E-15
 -8.8818E-16
 -9.4369E-16
  2.6878E-02
  2.6894E-02
  2.6878E-02
 -2.6896E-02
 -2.6896E-02
 -2.6896E-02
 -5.5511E-16
 -4.9960E-16
 -6.1062E-16
  2.6896E-02
  2.6896E-02
  2.6896E-02
 -2.6894E-02
 -2.6894E-02
 -2.6894E-02
 -1.6653E-16
 -2.7756E-16
 -3.8858E-16
  2.6894E-02
  2.6894E-02
  2.6894E-02
 -2.6894E-02
 -2.6894E-02
 -2.6894E-02
  0.0000E+00
  1.1102E-16
  1.1102E-16
  2.6894E-02
  2.6894E-02
  2.6894E-02
 -2.6894E-02
 -2.6894E-02
 -2.6894E-02
 -1.6653E-16
 -1.6653E-16
 -2.2204E-16
  2.6894E-02
  2.6894E-02
  2.6894E-02
 -2.6894E-02
 -2.6894E-02
 -2.6894E-02
 -5.5511E-16
 -6.6613E-16
 -7.2164E-16
  2.6894E-02
  2.6894E-02
  2.6894E-02
 -2.6894E-02
 -2.6894E-02
 -2.6894E-02
 -3.8858E-16
 -6.6613E-16
 -8.3267E-16
  2.6894E-02
  2.6894E-02
  2.6894E-02
 -2.6894E-02
 -2.6894E-02
 -2.6894E-02
 -7.7716E-16
 -8.3267E-16
 -9.4369E-16
  2.6894E-02
  2.6894E-02
  2.6894E-02
 -2.6894E-02
 -2.6894E-02
 -2.6894E-02
 -5.5511E-16
 -8.3267E-16
 -1.0547E-15
  2.6894E-02
  2.6894E-02
  2.6894E-02
 -2.6894E-02
 -2.6894E-02
 -2.6894E-02
 -4.4409E-16
 -6.6613E-16
 -8.3267E-16
  2.6894E-02
  2.6894E-02
  2.6894E-02
 -2.6894E-02
 -2.6894E-02
 -2.6894E-02
 -2.2204E-16
 -3.8858E-16
 -4.9960E-16
  2.6894E-02
  2.6894E-02
  2.6894E-02
 -2.6894E-02
 -2.6894E-02
 -2.6894E-02
  2.2204E-16
 -2.7756E-16
 -4.9960E-16
  2.6894E-02
  2.6894E-02
  2.6894E-02
 -2.6894E-02
 -2.6894E-02
 -2.6894E-02
  3.3307E-16
  1.1102E-16
 -5.5511E-17
  2.6894E-02
  2.6894E-02
  2.6894E-02
 -2.6894E-02
 -2.6894E-02
 -2.6894E-02
 -6.1062E-16
 -8.8818E-16
 -1.2768E-15
  2.6894E-02
  2.6894E-02
  2.6894E-02
 -2.6894E-02
 -2.6894E-02
 -2.6894E-02
 -1.3323E-15
 -1.7764E-15
 -2.3315E-15
  2.6894E-02
  2.6894E-02
  2.6894E-02
 -2.6894E-02
 -2.6894E-02
 -2.6894E-02
 -1.1657E-15
 -1.9429E-15
 -2.7756E-15
  2.6894E-02
  2.6894E-02
  2.6894E-02
 -2.6894E-02
 -2.6894E-02
 -2.6894E-02
 -4.4409E-16
 -6.1062E-16
 -1.0547E-15
  2.6894E-02
  2.6894E-02
  2.6894E-02
