Scalar STRAINP1 under NLStatic for nodeset
189
   0.0000E+00
  0.0000E+00
  0.0000E+00
  0.0000E+00
  0.0000E+00
  0.0000E+00
  0.0000E+00
  0.0000E+00
  0.0000E+00
  0.0000E+00
  0.0000E+00
  0.0000E+00
  0.0000E+00
  0.0000E+00
  0.0000E+00
  0.0000E+00
  0.0000E+00
  0.0000E+00
  0.0000E+00
  0.0000E+00
  0.0000E+00
  0.0000E+00
  0.0000E+00
  0.0000E+00
  0.0000E+00
  0.0000E+00
  0.0000E+00
  0.0000E+00
  0.0000E+00
  0.0000E+00
  0.0000E+00
  0.0000E+00
  0.0000E+00
  0.0000E+00
  0.0000E+00
  0.0000E+00
  0.0000E+00
  0.0000E+00
  0.0000E+00
  0.0000E+00
  0.0000E+00
  0.0000E+00
  0.0000E+00
  0.0000E+00
  0.0000E+00
  0.0000E+00
  0.0000E+00
  0.0000E+00
  0.0000E+00
  0.0000E+00
  0.0000E+00
  0.0000E+00
  0.0000E+00
  0.0000E+00
  0.0000E+00
  0.0000E+00
  0.0000E+00
  0.0000E+00
  0.0000E+00
  0.0000E+00
  0.0000E+00
  0.0000E+00
  0.0000E+00
  0.0000E+00
  0.0000E+00
  0.0000E+00
  0.0000E+00
  0.0000E+00
  0.0000E+00
  0.0000E+00
  0.0000E+00
  0.0000E+00
  0.0000E+00
  0.0000E+00
  0.0000E+00
  0.0000E+00
  0.0000E+00
  0.0000E+00
  0.0000E+00
  0.0000E+00
  0.0000E+00
  0.0000E+00
  0.0000E+00
  0.0000E+00
  0.0000E+00
  0.0000E+00
  0.0000E+00
  0.0000E+00
  0.0000E+00
  0.0000E+00
  0.0000E+00
  0.0000E+00
  0.0000E+00
  0.0000E+00
  0.0000E+00
  0.0000E+00
  0.0000E+00
  0.0000E+00
  0.0000E+00
  0.0000E+00
  0.0000E+00
  0.0000E+00
  0.0000E+00
  0.0000E+00
  0.0000E+00
  0.0000E+00
  0.0000E+00
  0.0000E+00
  0.0000E+00
  0.0000E+00
  0.0000E+00
  0.0000E+00
  0.0000E+00
  0.0000E+00
  0.0000E+00
  0.0000E+00
  0.0000E+00
  0.0000E+00
  0.0000E+00
  0.0000E+00
  0.0000E+00
  0.0000E+00
  0.0000E+00
  0.0000E+00
  0.0000E+00
  0.0000E+00
  0.0000E+00
  0.0000E+00
  0.0000E+00
  0.0000E+00
  0.0000E+00
  0.0000E+00
  0.0000E+00
  0.0000E+00
  0.0000E+00
  0.0000E+00
  0.0000E+00
  0.0000E+00
  0.0000E+00
  0.0000E+00
  0.0000E+00
  0.0000E+00
  0.0000E+00
  0.0000E+00
  0.0000E+00
  0.0000E+00
  0.0000E+00
  0.0000E+00
  0.0000E+00
  0.0000E+00
  0.0000E+00
  0.0000E+00
  0.0000E+00
  0.0000E+00
  0.0000E+00
  0.0000E+00
  0.0000E+00
  0.0000E+00
  0.0000E+00
  0.0000E+00
  0.0000E+00
  0.0000E+00
  0.0000E+00
  0.0000E+00
  0.0000E+00
  0.0000E+00
  0.0000E+00
  0.0000E+00
  0.0000E+00
  0.0000E+00
  0.0000E+00
  0.0000E+00
  0.0000E+00
  0.0000E+00
  0.0000E+00
  0.0000E+00
  0.0000E+00
  0.0000E+00
  0.0000E+00
  0.0000E+00
  0.0000E+00
  0.0000E+00
  0.0000E+00
  0.0000E+00
  0.0000E+00
  0.0000E+00
  0.0000E+00
  0.0000E+00
  0.0000E+00
  0.0000E+00
   1.0000E-01
  2.6215E-03
  1.4247E-03
  2.6215E-03
  1.4247E-03
  4.7198E-27
  1.4247E-03
  2.6215E-03
  1.4247E-03
  2.6215E-03
  1.6651E-02
  1.6485E-02
  1.6651E-02
  1.6485E-02
  1.6402E-02
  1.6485E-02
  1.6651E-02
  1.6485E-02
  1.6651E-02
  1.5823E-02
  1.5825E-02
  1.5823E-02
  1.5825E-02
  1.5823E-02
  1.5825E-02
  1.5823E-02
  1.5825E-02
  1.5823E-02
  1.5537E-02
  1.5477E-02
  1.5537E-02
  1.5477E-02
  1.5417E-02
  1.5477E-02
  1.5537E-02
  1.5477E-02
  1.5537E-02
  1.5450E-02
  1.5450E-02
  1.5450E-02
  1.5450E-02
  1.5450E-02
  1.5450E-02
  1.5450E-02
  1.5450E-02
  1.5450E-02
  1.5452E-02
  1.5452E-02
  1.5452E-02
  1.5452E-02
  1.5452E-02
  1.5452E-02
  1.5452E-02
  1.5452E-02
  1.5452E-02
  1.5452E-02
  1.5452E-02
  1.5452E-02
  1.5452E-02
  1.5452E-02
  1.5452E-02
  1.5452E-02
  1.5452E-02
  1.5452E-02
  1.5452E-02
  1.5452E-02
  1.5452E-02
  1.5452E-02
  1.5452E-02
  1.5452E-02
  1.5452E-02
  1.5452E-02
  1.5452E-02
  1.5452E-02
  1.5452E-02
  1.5452E-02
  1.5452E-02
  1.5452E-02
  1.5452E-02
  1.5452E-02
  1.5452E-02
  1.5452E-02
  1.5452E-02
  1.5452E-02
  1.5452E-02
  1.5452E-02
  1.5452E-02
  1.5452E-02
  1.5452E-02
  1.5452E-02
  1.5452E-02
  1.5452E-02
  1.5452E-02
  1.5452E-02
  1.5452E-02
  1.5452E-02
  1.5452E-02
  1.5452E-02
  1.5452E-02
  1.5452E-02
  1.5452E-02
  1.5452E-02
  1.5452E-02
  1.5452E-02
  1.5452E-02
  1.5452E-02
  1.5452E-02
  1.5452E-02
  1.5452E-02
  1.5452E-02
  1.5452E-02
  1.5452E-02
  1.5452E-02
  1.5452E-02
  1.5452E-02
  1.5452E-02
  1.5452E-02
  1.5452E-02
  1.5452E-02
  1.5452E-02
  1.5452E-02
  1.5452E-02
  1.5452E-02
  1.5452E-02
  1.5452E-02
  1.5452E-02
  1.5452E-02
  1.5452E-02
  1.5452E-02
  1.5452E-02
  1.5452E-02
  1.5452E-02
  1.5452E-02
  1.5452E-02
  1.5452E-02
  1.5452E-02
  1.5452E-02
  1.5452E-02
  1.5452E-02
  1.5452E-02
  1.5452E-02
  1.5452E-02
  1.5452E-02
  1.5452E-02
  1.5452E-02
  1.5452E-02
  1.5452E-02
  1.5452E-02
  1.5452E-02
  1.5452E-02
  1.5452E-02
  1.5452E-02
  1.5452E-02
  1.5452E-02
  1.5452E-02
  1.5452E-02
  1.5452E-02
  1.5452E-02
  1.5452E-02
  1.5452E-02
  1.5452E-02
  1.5452E-02
  1.5452E-02
  1.5452E-02
  1.5452E-02
  1.5452E-02
  1.5452E-02
  1.5452E-02
  1.5452E-02
  1.5452E-02
  1.5452E-02
  1.5452E-02
  1.5452E-02
  1.5452E-02
  1.5452E-02
  1.5452E-02
  1.5452E-02
  1.5452E-02
  1.5452E-02
  1.5452E-02
  1.5452E-02
  1.5452E-02
  1.5452E-02
  1.5452E-02
  1.5452E-02
  1.5452E-02
  1.5452E-02
  1.5452E-02
  1.5452E-02
  1.5452E-02
   2.0000E-01
  5.6624E-03
  3.0966E-03
  5.6624E-03
  3.0966E-03
  1.6855E-29
  3.0966E-03
  5.6624E-03
  3.0966E-03
  5.6624E-03
  3.5971E-02
  3.5796E-02
  3.5971E-02
  3.5796E-02
  3.5624E-02
  3.5796E-02
  3.5971E-02
  3.5796E-02
  3.5971E-02
  3.3986E-02
  3.3989E-02
  3.3986E-02
  3.3989E-02
  3.3986E-02
  3.3989E-02
  3.3986E-02
  3.3989E-02
  3.3986E-02
  3.3377E-02
  3.3215E-02
  3.3377E-02
  3.3215E-02
  3.3053E-02
  3.3215E-02
  3.3377E-02
  3.3215E-02
  3.3377E-02
  3.3161E-02
  3.3161E-02
  3.3161E-02
  3.3161E-02
  3.3161E-02
  3.3161E-02
  3.3161E-02
  3.3161E-02
  3.3161E-02
  3.3164E-02
  3.3164E-02
  3.3164E-02
  3.3164E-02
  3.3164E-02
  3.3164E-02
  3.3164E-02
  3.3164E-02
  3.3164E-02
  3.3163E-02
  3.3163E-02
  3.3163E-02
  3.3163E-02
  3.3163E-02
  3.3163E-02
  3.3163E-02
  3.3163E-02
  3.3163E-02
  3.3163E-02
  3.3163E-02
  3.3163E-02
  3.3163E-02
  3.3163E-02
  3.3163E-02
  3.3163E-02
  3.3163E-02
  3.3163E-02
  3.3163E-02
  3.3163E-02
  3.3163E-02
  3.3163E-02
  3.3163E-02
  3.3163E-02
  3.3163E-02
  3.3163E-02
  3.3163E-02
  3.3163E-02
  3.3163E-02
  3.3163E-02
  3.3163E-02
  3.3163E-02
  3.3163E-02
  3.3163E-02
  3.3163E-02
  3.3163E-02
  3.3163E-02
  3.3163E-02
  3.3163E-02
  3.3163E-02
  3.3163E-02
  3.3163E-02
  3.3163E-02
  3.3163E-02
  3.3163E-02
  3.3163E-02
  3.3163E-02
  3.3163E-02
  3.3163E-02
  3.3163E-02
  3.3163E-02
  3.3163E-02
  3.3163E-02
  3.3163E-02
  3.3163E-02
  3.3163E-02
  3.3163E-02
  3.3163E-02
  3.3163E-02
  3.3163E-02
  3.3163E-02
  3.3163E-02
  3.3163E-02
  3.3163E-02
  3.3163E-02
  3.3163E-02
  3.3163E-02
  3.3163E-02
  3.3163E-02
  3.3163E-02
  3.3163E-02
  3.3163E-02
  3.3163E-02
  3.3163E-02
  3.3163E-02
  3.3163E-02
  3.3163E-02
  3.3163E-02
  3.3163E-02
  3.3163E-02
  3.3163E-02
  3.3163E-02
  3.3163E-02
  3.3163E-02
  3.3163E-02
  3.3163E-02
  3.3163E-02
  3.3163E-02
  3.3163E-02
  3.3163E-02
  3.3163E-02
  3.3163E-02
  3.3163E-02
  3.3163E-02
  3.3163E-02
  3.3163E-02
  3.3163E-02
  3.3163E-02
  3.3163E-02
  3.3163E-02
  3.3163E-02
  3.3163E-02
  3.3163E-02
  3.3163E-02
  3.3163E-02
  3.3163E-02
  3.3163E-02
  3.3163E-02
  3.3163E-02
  3.3163E-02
  3.3163E-02
  3.3163E-02
  3.3163E-02
  3.3163E-02
  3.3163E-02
  3.3163E-02
  3.3163E-02
  3.3163E-02
  3.3163E-02
  3.3163E-02
  3.3163E-02
  3.3163E-02
  3.3163E-02
  3.3163E-02
  3.3163E-02
  3.3163E-02
  3.3163E-02
  3.3163E-02
  3.3163E-02
  3.3163E-02
  3.3163E-02
  3.3163E-02
  3.3163E-02
  3.3163E-02
  3.3163E-02
   3.0000E-01
  9.4701E-03
  5.2308E-03
  9.4701E-03
  5.2308E-03
  6.2047E-31
  5.2308E-03
  9.4701E-03
  5.2308E-03
  9.4701E-03
  6.0163E-02
  6.0246E-02
  6.0163E-02
  6.0246E-02
  5.9983E-02
  6.0246E-02
  6.0163E-02
  6.0246E-02
  6.0163E-02
  5.6770E-02
  5.6774E-02
  5.6770E-02
  5.6774E-02
  5.6770E-02
  5.6774E-02
  5.6770E-02
  5.6774E-02
  5.6770E-02
  5.5670E-02
  5.5311E-02
  5.5670E-02
  5.5311E-02
  5.4953E-02
  5.5311E-02
  5.5670E-02
  5.5311E-02
  5.5670E-02
  5.5234E-02
  5.5234E-02
  5.5234E-02
  5.5234E-02
  5.5234E-02
  5.5234E-02
  5.5234E-02
  5.5234E-02
  5.5234E-02
  5.5238E-02
  5.5238E-02
  5.5238E-02
  5.5238E-02
  5.5238E-02
  5.5238E-02
  5.5238E-02
  5.5238E-02
  5.5238E-02
  5.5235E-02
  5.5234E-02
  5.5235E-02
  5.5234E-02
  5.5234E-02
  5.5234E-02
  5.5235E-02
  5.5234E-02
  5.5235E-02
  5.5234E-02
  5.5234E-02
  5.5234E-02
  5.5234E-02
  5.5234E-02
  5.5234E-02
  5.5234E-02
  5.5234E-02
  5.5234E-02
  5.5234E-02
  5.5234E-02
  5.5234E-02
  5.5234E-02
  5.5234E-02
  5.5234E-02
  5.5234E-02
  5.5234E-02
  5.5234E-02
  5.5234E-02
  5.5234E-02
  5.5234E-02
  5.5234E-02
  5.5234E-02
  5.5234E-02
  5.5234E-02
  5.5234E-02
  5.5234E-02
  5.5234E-02
  5.5234E-02
  5.5234E-02
  5.5234E-02
  5.5234E-02
  5.5234E-02
  5.5234E-02
  5.5234E-02
  5.5234E-02
  5.5234E-02
  5.5234E-02
  5.5234E-02
  5.5234E-02
  5.5234E-02
  5.5234E-02
  5.5234E-02
  5.5234E-02
  5.5234E-02
  5.5234E-02
  5.5234E-02
  5.5234E-02
  5.5234E-02
  5.5234E-02
  5.5234E-02
  5.5234E-02
  5.5234E-02
  5.5234E-02
  5.5234E-02
  5.5234E-02
  5.5234E-02
  5.5234E-02
  5.5234E-02
  5.5234E-02
  5.5234E-02
  5.5234E-02
  5.5234E-02
  5.5234E-02
  5.5234E-02
  5.5234E-02
  5.5234E-02
  5.5234E-02
  5.5234E-02
  5.5234E-02
  5.5234E-02
  5.5234E-02
  5.5234E-02
  5.5234E-02
  5.5234E-02
  5.5234E-02
  5.5234E-02
  5.5234E-02
  5.5234E-02
  5.5234E-02
  5.5234E-02
  5.5234E-02
  5.5234E-02
  5.5234E-02
  5.5234E-02
  5.5234E-02
  5.5234E-02
  5.5234E-02
  5.5234E-02
  5.5234E-02
  5.5234E-02
  5.5234E-02
  5.5234E-02
  5.5234E-02
  5.5234E-02
  5.5234E-02
  5.5234E-02
  5.5234E-02
  5.5234E-02
  5.5234E-02
  5.5234E-02
  5.5234E-02
  5.5234E-02
  5.5234E-02
  5.5234E-02
  5.5234E-02
  5.5234E-02
  5.5234E-02
  5.5234E-02
  5.5234E-02
  5.5234E-02
  5.5234E-02
  5.5234E-02
  5.5234E-02
  5.5234E-02
  5.5234E-02
  5.5234E-02
  5.5234E-02
  5.5234E-02
  5.5234E-02
  5.5234E-02
  5.5234E-02
  5.5234E-02
  5.5234E-02
  5.5234E-02
  5.5234E-02
