Scalar STRAINXY under NLStatic for nodeset
189
   0.0000E+00
  0.0000E+00
  0.0000E+00
  0.0000E+00
  0.0000E+00
  0.0000E+00
  0.0000E+00
  0.0000E+00
  0.0000E+00
  0.0000E+00
  0.0000E+00
  0.0000E+00
  0.0000E+00
  0.0000E+00
  0.0000E+00
  0.0000E+00
  0.0000E+00
  0.0000E+00
  0.0000E+00
  0.0000E+00
  0.0000E+00
  0.0000E+00
  0.0000E+00
  0.0000E+00
  0.0000E+00
  0.0000E+00
  0.0000E+00
  0.0000E+00
  0.0000E+00
  0.0000E+00
  0.0000E+00
  0.0000E+00
  0.0000E+00
  0.0000E+00
  0.0000E+00
  0.0000E+00
  0.0000E+00
  0.0000E+00
  0.0000E+00
  0.0000E+00
  0.0000E+00
  0.0000E+00
  0.0000E+00
  0.0000E+00
  0.0000E+00
  0.0000E+00
  0.0000E+00
  0.0000E+00
  0.0000E+00
  0.0000E+00
  0.0000E+00
  0.0000E+00
  0.0000E+00
  0.0000E+00
  0.0000E+00
  0.0000E+00
  0.0000E+00
  0.0000E+00
  0.0000E+00
  0.0000E+00
  0.0000E+00
  0.0000E+00
  0.0000E+00
  0.0000E+00
  0.0000E+00
  0.0000E+00
  0.0000E+00
  0.0000E+00
  0.0000E+00
  0.0000E+00
  0.0000E+00
  0.0000E+00
  0.0000E+00
  0.0000E+00
  0.0000E+00
  0.0000E+00
  0.0000E+00
  0.0000E+00
  0.0000E+00
  0.0000E+00
  0.0000E+00
  0.0000E+00
  0.0000E+00
  0.0000E+00
  0.0000E+00
  0.0000E+00
  0.0000E+00
  0.0000E+00
  0.0000E+00
  0.0000E+00
  0.0000E+00
  0.0000E+00
  0.0000E+00
  0.0000E+00
  0.0000E+00
  0.0000E+00
  0.0000E+00
  0.0000E+00
  0.0000E+00
  0.0000E+00
  0.0000E+00
  0.0000E+00
  0.0000E+00
  0.0000E+00
  0.0000E+00
  0.0000E+00
  0.0000E+00
  0.0000E+00
  0.0000E+00
  0.0000E+00
  0.0000E+00
  0.0000E+00
  0.0000E+00
  0.0000E+00
  0.0000E+00
  0.0000E+00
  0.0000E+00
  0.0000E+00
  0.0000E+00
  0.0000E+00
  0.0000E+00
  0.0000E+00
  0.0000E+00
  0.0000E+00
  0.0000E+00
  0.0000E+00
  0.0000E+00
  0.0000E+00
  0.0000E+00
  0.0000E+00
  0.0000E+00
  0.0000E+00
  0.0000E+00
  0.0000E+00
  0.0000E+00
  0.0000E+00
  0.0000E+00
  0.0000E+00
  0.0000E+00
  0.0000E+00
  0.0000E+00
  0.0000E+00
  0.0000E+00
  0.0000E+00
  0.0000E+00
  0.0000E+00
  0.0000E+00
  0.0000E+00
  0.0000E+00
  0.0000E+00
  0.0000E+00
  0.0000E+00
  0.0000E+00
  0.0000E+00
  0.0000E+00
  0.0000E+00
  0.0000E+00
  0.0000E+00
  0.0000E+00
  0.0000E+00
  0.0000E+00
  0.0000E+00
  0.0000E+00
  0.0000E+00
  0.0000E+00
  0.0000E+00
  0.0000E+00
  0.0000E+00
  0.0000E+00
  0.0000E+00
  0.0000E+00
  0.0000E+00
  0.0000E+00
  0.0000E+00
  0.0000E+00
  0.0000E+00
  0.0000E+00
  0.0000E+00
  0.0000E+00
  0.0000E+00
  0.0000E+00
  0.0000E+00
  0.0000E+00
  0.0000E+00
  0.0000E+00
  0.0000E+00
  0.0000E+00
  0.0000E+00
  0.0000E+00
  0.0000E+00
   1.0000E-01
  0.0000E+00
  0.0000E+00
  0.0000E+00
  0.0000E+00
  0.0000E+00
  0.0000E+00
  0.0000E+00
  0.0000E+00
  0.0000E+00
 -9.3577E-05
  1.7986E-13
  9.3577E-05
 -1.1746E-13
  5.4101E-14
  1.8440E-13
  9.3577E-05
 -1.1331E-13
 -9.3577E-05
  7.0753E-04
  8.2841E-14
 -7.0753E-04
 -7.8427E-14
  7.5553E-15
  8.6307E-14
 -7.0753E-04
 -7.5489E-14
  7.0753E-04
 -1.2025E-04
 -2.1441E-12
  1.2025E-04
 -3.3985E-13
 -1.3484E-12
 -2.1425E-12
  1.2025E-04
 -3.3817E-13
 -1.2025E-04
  7.2517E-06
  1.8706E-12
 -7.2517E-06
 -1.3447E-11
 -9.2907E-12
  1.8709E-12
 -7.2517E-06
 -1.3446E-11
  7.2517E-06
 -2.7480E-07
 -1.0873E-13
  2.7479E-07
  4.3752E-12
  1.5347E-12
 -1.0997E-13
  2.7481E-07
  4.3734E-12
 -2.7480E-07
  5.9085E-08
 -2.1981E-12
 -5.9085E-08
  1.3666E-11
  9.5457E-12
 -2.2010E-12
 -5.9079E-08
  1.3664E-11
  5.9085E-08
 -3.1624E-09
  1.8961E-12
  3.1638E-09
  4.4278E-13
  1.1651E-12
  1.8925E-12
  3.1657E-09
  4.3850E-13
 -3.1624E-09
 -1.3375E-09
 -1.0012E-12
  1.3366E-09
 -2.0426E-13
 -6.7285E-13
 -1.0055E-12
  1.3363E-09
 -2.0854E-13
 -1.3375E-09
  2.4641E-10
  1.5403E-12
 -2.4490E-10
 -6.8706E-12
 -4.2104E-12
  1.5363E-12
 -2.5241E-10
 -6.8746E-12
  2.4640E-10
 -1.7397E-11
  1.6230E-14
  1.3859E-11
  3.7691E-12
  1.3642E-12
  1.3270E-14
  3.0615E-11
  3.7661E-12
 -1.7404E-11
  2.7156E-12
 -1.4170E-12
 -2.4812E-12
  6.6690E-12
  4.4438E-12
 -1.4186E-12
  2.7911E-13
  6.6672E-12
  2.7125E-12
  4.1697E-13
  3.6511E-13
 -1.0745E-12
  6.8018E-13
  5.0095E-13
  3.6534E-13
  2.4195E-12
  6.8041E-13
  4.1628E-13
 -2.6379E-12
 -3.7838E-12
 -2.2184E-12
 -9.0631E-14
 -2.0897E-12
 -3.7819E-12
  3.5756E-13
 -8.9729E-14
 -2.6346E-12
 -1.8438E-14
  3.2398E-13
 -1.8701E-12
 -1.8307E-11
 -1.4456E-11
  3.2740E-13
 -1.2195E-11
 -1.8304E-11
 -1.3266E-14
 -4.6264E-12
  5.6001E-13
  7.5145E-14
  5.3695E-12
  2.1202E-12
  5.6459E-13
  2.4425E-11
  5.3731E-12
 -4.6199E-12
  2.8059E-12
  3.4208E-12
  9.0681E-12
  1.4329E-11
  1.4759E-11
  3.4256E-12
 -2.7027E-12
  1.4334E-11
  2.8129E-12
  2.5122E-12
  6.5495E-12
  7.0961E-12
 -2.9078E-12
  1.8219E-12
  6.5534E-12
 -4.8336E-12
 -2.9042E-12
  2.5195E-12
 -2.0890E-13
  2.4274E-12
  5.4391E-12
 -2.5113E-12
 -3.2352E-14
  2.4307E-12
 -5.2210E-12
 -2.5081E-12
 -2.0236E-13
  1.4091E-15
  1.2497E-12
  2.5137E-12
 -1.3490E-12
 -8.3134E-14
  1.2512E-12
 -2.5778E-12
 -1.3478E-12
  3.3131E-15
 -3.0291E-14
  2.8912E-13
  6.7443E-13
 -3.3750E-13
 -2.1925E-14
  2.8919E-13
 -7.1963E-13
 -3.3671E-13
 -2.8592E-14
   2.0000E-01
  0.0000E+00
  0.0000E+00
  0.0000E+00
  0.0000E+00
  0.0000E+00
  0.0000E+00
  0.0000E+00
  0.0000E+00
  0.0000E+00
 -4.4902E-05
 -4.1324E-11
  4.4902E-05
  4.0866E-11
 -2.7784E-13
 -4.1323E-11
  4.4902E-05
  4.0866E-11
 -4.4902E-05
  1.5831E-03
 -3.4248E-12
 -1.5831E-03
  3.5424E-12
 -3.5682E-13
 -3.4241E-12
 -1.5831E-03
  3.5428E-12
  1.5831E-03
 -3.2347E-04
  3.2633E-11
  3.2347E-04
 -2.0148E-11
  9.1355E-12
  3.2633E-11
  3.2347E-04
 -2.0148E-11
 -3.2347E-04
  2.5325E-05
  5.7856E-11
 -2.5325E-05
  4.2437E-12
  3.9673E-11
  5.7856E-11
 -2.5325E-05
  4.2437E-12
  2.5325E-05
 -7.3851E-07
  2.6069E-11
  7.3876E-07
 -2.4290E-10
 -7.9108E-11
  2.6069E-11
  7.3772E-07
 -2.4290E-10
 -7.3851E-07
  9.1861E-08
 -1.0380E-12
 -9.1897E-08
 -4.1591E-11
 -4.5116E-11
 -1.0383E-12
 -9.1814E-08
 -4.1592E-11
  9.1861E-08
 -1.2928E-08
 -4.2135E-11
  1.2872E-08
  3.4235E-11
  3.2926E-13
 -4.2136E-11
  1.2950E-08
  3.4235E-11
 -1.2928E-08
 -3.1555E-09
 -7.0489E-11
  2.9739E-09
  5.2287E-11
 -1.9349E-11
 -7.0490E-11
  3.3417E-09
  5.2287E-11
 -3.1555E-09
  1.1458E-09
 -8.7736E-11
 -1.1284E-09
  9.4377E-12
 -2.8047E-11
 -8.7736E-11
 -1.3642E-09
  9.4372E-12
  1.1458E-09
 -2.1229E-10
 -6.1496E-12
 -4.5452E-10
  7.3685E-10
  2.6699E-10
 -6.1498E-12
  2.7340E-09
  7.3685E-10
 -2.1229E-10
  7.4833E-11
  7.7168E-11
  1.9607E-10
 -6.1397E-11
  4.7731E-11
  7.7168E-11
 -4.7357E-10
 -6.1397E-11
  7.4833E-11
 -2.6699E-12
  9.3048E-11
  1.4224E-10
 -9.7141E-11
 -1.2126E-11
  9.3049E-11
 -1.0476E-10
 -9.7141E-11
 -2.6719E-12
 -3.7624E-11
  9.9399E-11
  2.5166E-10
 -1.1035E-10
 -5.3542E-12
  9.9399E-11
 -1.9881E-10
 -1.1035E-10
 -3.7622E-11
  1.3925E-10
  1.4060E-10
  8.2533E-11
 -1.7643E-10
 -2.5987E-11
  1.4060E-10
 -4.0039E-10
 -1.7643E-10
  1.3925E-10
  6.7736E-11
  9.3619E-12
 -1.0897E-10
  5.7317E-11
  2.4363E-11
  9.3620E-12
  1.4276E-10
  5.7317E-11
  6.7736E-11
 -1.5574E-10
 -1.0797E-10
  2.0565E-11
  1.3828E-10
  2.7650E-11
 -1.0797E-10
  3.0156E-10
  1.3828E-10
 -1.5574E-10
  3.1186E-11
 -1.0789E-10
 -2.5757E-10
  1.1234E-10
  1.2297E-12
 -1.0789E-10
  2.0811E-10
  1.1234E-10
  3.1187E-11
 -3.3510E-12
 -1.1918E-10
 -2.2497E-10
  1.1829E-10
 -4.0837E-13
 -1.1918E-10
  2.2977E-10
  1.1829E-10
 -3.3506E-12
  3.1370E-13
 -6.8803E-11
 -1.3682E-10
  6.8638E-11
 -1.5689E-13
 -6.8802E-11
  1.3616E-10
  6.8638E-11
  3.1417E-13
 -1.1342E-13
 -1.8537E-11
 -3.7842E-11
  1.8547E-11
  2.0638E-14
 -1.8537E-11
  3.8023E-11
  1.8546E-11
 -1.1436E-13
   3.0000E-01
  0.0000E+00
  0.0000E+00
  0.0000E+00
  0.0000E+00
  0.0000E+00
  0.0000E+00
  0.0000E+00
  0.0000E+00
  0.0000E+00
  2.0912E-04
 -3.7546E-11
 -2.0912E-04
  3.8102E-11
  1.3017E-13
 -3.7535E-11
 -2.0912E-04
  3.8113E-11
  2.0912E-04
  2.8256E-03
 -8.6346E-13
 -2.8256E-03
 -3.1841E-12
 -9.9254E-13
 -8.6097E-13
 -2.8256E-03
 -3.1818E-12
  2.8256E-03
 -7.1684E-04
  4.0674E-11
  7.1684E-04
 -4.4776E-11
 -1.1873E-11
  4.0666E-11
  7.1684E-04
 -4.4785E-11
 -7.1684E-04
  6.8228E-05
  6.2037E-11
 -6.8228E-05
 -5.5160E-11
  4.0522E-11
  6.2040E-11
 -6.8228E-05
 -5.5157E-11
  6.8228E-05
 -2.2490E-07
  3.4933E-11
  2.2444E-07
  5.8181E-10
  2.2945E-10
  3.4925E-11
  2.2690E-07
  5.8180E-10
 -2.2490E-07
 -4.1070E-07
 -3.1467E-12
  4.1082E-07
 -1.0039E-10
 -4.7025E-11
 -3.1571E-12
  4.1034E-07
 -1.0040E-10
 -4.1070E-07
  1.7956E-08
 -1.4296E-11
 -1.8014E-08
 -1.8546E-12
 -1.6859E-11
 -1.4287E-11
 -1.7894E-08
 -1.8464E-12
  1.7956E-08
 -9.6301E-09
  2.1261E-13
  9.6417E-09
  4.4252E-12
  5.2168E-12
  2.2158E-13
  9.6161E-09
  4.4334E-12
 -9.6301E-09
  4.5947E-09
  1.1579E-11
 -4.5985E-09
  2.5860E-11
  2.2953E-11
  1.1571E-11
 -4.5330E-09
  2.5853E-11
  4.5947E-09
 -9.1395E-10
 -3.7919E-11
  9.3887E-10
 -7.4519E-11
 -4.1898E-11
 -3.7929E-11
  6.0685E-10
 -7.4530E-11
 -9.1397E-10
  7.5631E-11
 -2.9342E-11
 -1.5663E-10
  1.0709E-11
 -2.1267E-11
 -2.9340E-11
  1.5924E-11
  1.0711E-11
  7.5619E-11
 -2.6389E-12
 -1.5033E-11
 -1.2286E-11
  1.2211E-11
  8.6868E-13
 -1.5045E-11
  2.7699E-12
  1.2198E-11
 -2.6584E-12
  4.0703E-12
  2.0163E-11
  1.5231E-11
 -1.8802E-11
 -2.7575E-12
  2.0161E-11
 -6.8998E-12
 -1.8804E-11
  4.0649E-12
  2.2379E-11
  2.9236E-11
  8.2271E-11
 -1.4504E-11
  2.3071E-11
  2.9233E-11
 -1.6040E-10
 -1.4508E-11
  2.2386E-11
 -1.0344E-10
  3.1381E-11
 -6.5745E-12
  1.6788E-10
  7.4152E-11
  3.1401E-11
  7.1392E-10
  1.6790E-10
 -1.0340E-10
  4.8795E-11
  8.0866E-11
  1.3503E-10
 -1.2676E-10
 -2.5106E-11
  8.0842E-11
 -3.1581E-10
 -1.2678E-10
  4.8738E-11
 -9.7343E-12
 -4.1029E-11
 -7.8901E-11
  3.4712E-11
 -5.7091E-12
 -4.1019E-11
  9.5954E-11
  3.4722E-11
 -9.7088E-12
  3.6296E-13
 -1.0719E-10
 -1.9690E-10
  1.0762E-10
  8.1393E-13
 -1.0715E-10
  1.9473E-10
  1.0766E-10
  4.3456E-13
  1.2177E-13
 -8.1847E-11
 -1.5885E-10
  8.2273E-11
  2.2919E-13
 -8.1817E-11
  1.5945E-10
  8.2304E-11
  1.8013E-13
 -8.6041E-14
 -2.8167E-11
 -5.5157E-11
  2.8005E-11
 -5.0891E-14
 -2.8157E-11
  5.4905E-11
  2.8015E-11
 -6.5720E-14
