Scalar STRAINXY under NLStatic for nodeset
189
   0.0000E+00
  0.0000E+00
  0.0000E+00
  0.0000E+00
  0.0000E+00
  0.0000E+00
  0.0000E+00
  0.0000E+00
  0.0000E+00
  0.0000E+00
  0.0000E+00
  0.0000E+00
  0.0000E+00
  0.0000E+00
  0.0000E+00
  0.0000E+00
  0.0000E+00
  0.0000E+00
  0.0000E+00
  0.0000E+00
  0.0000E+00
  0.0000E+00
  0.0000E+00
  0.0000E+00
  0.0000E+00
  0.0000E+00
  0.0000E+00
  0.0000E+00
  0.0000E+00
  0.0000E+00
  0.0000E+00
  0.0000E+00
  0.0000E+00
  0.0000E+00
  0.0000E+00
  0.0000E+00
  0.0000E+00
  0.0000E+00
  0.0000E+00
  0.0000E+00
  0.0000E+00
  0.0000E+00
  0.0000E+00
  0.0000E+00
  0.0000E+00
  0.0000E+00
  0.0000E+00
  0.0000E+00
  0.0000E+00
  0.0000E+00
  0.0000E+00
  0.0000E+00
  0.0000E+00
  0.0000E+00
  0.0000E+00
  0.0000E+00
  0.0000E+00
  0.0000E+00
  0.0000E+00
  0.0000E+00
  0.0000E+00
  0.0000E+00
  0.0000E+00
  0.0000E+00
  0.0000E+00
  0.0000E+00
  0.0000E+00
  0.0000E+00
  0.0000E+00
  0.0000E+00
  0.0000E+00
  0.0000E+00
  0.0000E+00
  0.0000E+00
  0.0000E+00
  0.0000E+00
  0.0000E+00
  0.0000E+00
  0.0000E+00
  0.0000E+00
  0.0000E+00
  0.0000E+00
  0.0000E+00
  0.0000E+00
  0.0000E+00
  0.0000E+00
  0.0000E+00
  0.0000E+00
  0.0000E+00
  0.0000E+00
  0.0000E+00
  0.0000E+00
  0.0000E+00
  0.0000E+00
  0.0000E+00
  0.0000E+00
  0.0000E+00
  0.0000E+00
  0.0000E+00
  0.0000E+00
  0.0000E+00
  0.0000E+00
  0.0000E+00
  0.0000E+00
  0.0000E+00
  0.0000E+00
  0.0000E+00
  0.0000E+00
  0.0000E+00
  0.0000E+00
  0.0000E+00
  0.0000E+00
  0.0000E+00
  0.0000E+00
  0.0000E+00
  0.0000E+00
  0.0000E+00
  0.0000E+00
  0.0000E+00
  0.0000E+00
  0.0000E+00
  0.0000E+00
  0.0000E+00
  0.0000E+00
  0.0000E+00
  0.0000E+00
  0.0000E+00
  0.0000E+00
  0.0000E+00
  0.0000E+00
  0.0000E+00
  0.0000E+00
  0.0000E+00
  0.0000E+00
  0.0000E+00
  0.0000E+00
  0.0000E+00
  0.0000E+00
  0.0000E+00
  0.0000E+00
  0.0000E+00
  0.0000E+00
  0.0000E+00
  0.0000E+00
  0.0000E+00
  0.0000E+00
  0.0000E+00
  0.0000E+00
  0.0000E+00
  0.0000E+00
  0.0000E+00
  0.0000E+00
  0.0000E+00
  0.0000E+00
  0.0000E+00
  0.0000E+00
  0.0000E+00
  0.0000E+00
  0.0000E+00
  0.0000E+00
  0.0000E+00
  0.0000E+00
  0.0000E+00
  0.0000E+00
  0.0000E+00
  0.0000E+00
  0.0000E+00
  0.0000E+00
  0.0000E+00
  0.0000E+00
  0.0000E+00
  0.0000E+00
  0.0000E+00
  0.0000E+00
  0.0000E+00
  0.0000E+00
  0.0000E+00
  0.0000E+00
  0.0000E+00
  0.0000E+00
  0.0000E+00
  0.0000E+00
  0.0000E+00
  0.0000E+00
  0.0000E+00
  0.0000E+00
  0.0000E+00
  0.0000E+00
  0.0000E+00
  0.0000E+00
   1.0000E-01
  0.0000E+00
  0.0000E+00
  0.0000E+00
  0.0000E+00
  0.0000E+00
  0.0000E+00
  0.0000E+00
  0.0000E+00
  0.0000E+00
 -9.3577E-05
 -1.8686E-15
  9.3577E-05
  4.5908E-16
 -1.1283E-16
 -4.0756E-16
  9.3577E-05
  1.6151E-15
 -9.3577E-05
  7.0753E-04
 -1.3150E-15
 -7.0753E-04
  4.5157E-16
  0.0000E+00
 -1.6437E-16
 -7.0753E-04
  9.0441E-16
  7.0753E-04
 -1.2025E-04
 -7.8731E-16
  1.2025E-04
  2.2484E-16
 -1.1272E-16
 -1.8789E-16
  1.2025E-04
  4.4825E-16
 -1.2025E-04
  7.2517E-06
 -7.0715E-17
 -7.2517E-06
  4.5095E-16
 -2.2545E-16
 -3.8931E-16
 -7.2517E-06
 -2.2519E-16
  7.2517E-06
 -2.7480E-07
  4.7292E-16
  2.7480E-07
 -1.4823E-21
 -1.1272E-16
 -5.3719E-17
  2.7480E-07
 -9.0180E-16
 -2.7480E-07
  5.9081E-08
  1.1167E-15
 -5.9081E-08
 -2.2545E-16
  9.0916E-29
  6.6490E-16
 -5.9081E-08
 -1.1272E-15
  5.9081E-08
 -3.1636E-09
  1.4725E-15
  3.1636E-09
 -2.2545E-16
  3.7274E-29
  1.5412E-16
  3.1636E-09
 -1.5781E-15
 -3.1636E-09
 -1.3367E-09
  1.6530E-15
  1.3367E-09
 -2.2545E-16
  2.2545E-16
  6.3143E-16
  1.3367E-09
 -1.5781E-15
 -1.3367E-09
  2.4752E-10
  1.3060E-15
 -2.4751E-10
 -6.7635E-16
 -1.1272E-16
  6.3672E-16
 -2.4752E-10
 -1.8036E-15
  2.4751E-10
 -1.9487E-11
  1.2461E-15
  1.9489E-11
 -2.2545E-16
  6.9444E-29
  4.6499E-16
  1.9487E-11
 -1.3527E-15
 -1.9489E-11
  1.7516E-12
  1.9463E-16
 -1.7498E-12
 -5.3516E-27
  1.1272E-16
  2.4482E-16
 -1.7526E-12
 -4.5090E-16
  1.7503E-12
 -2.6973E-13
 -8.0140E-17
  2.7124E-13
  2.2545E-16
  2.0828E-28
  2.3514E-16
  2.7009E-13
  2.2545E-16
 -2.7038E-13
  1.8483E-14
 -3.0119E-16
 -1.9050E-14
  4.5090E-16
  2.2545E-16
  3.2937E-16
 -1.8036E-14
  6.7635E-16
  2.0012E-14
  7.3271E-16
 -1.5279E-15
 -3.8890E-15
  9.4269E-29
 -1.1272E-16
 -4.7380E-16
  3.2935E-29
  1.5781E-15
  2.7600E-15
 -1.6979E-15
 -1.0691E-15
 -1.3439E-15
  3.1160E-29
  1.1272E-16
 -2.8622E-16
  2.2545E-15
  1.5781E-15
  7.8203E-16
 -1.1642E-15
 -1.8503E-15
 -1.7737E-15
 -2.2545E-16
 -6.1630E-31
  5.0990E-16
  2.2545E-15
  1.5781E-15
  7.0805E-16
 -6.8339E-16
 -1.8626E-15
 -2.1506E-15
  2.2545E-16
 -1.1272E-16
 -1.1449E-17
  1.8036E-15
  1.3527E-15
  8.8947E-16
 -7.9612E-16
 -1.0321E-15
 -1.0955E-15
  4.5090E-16
 -1.1272E-16
 -4.2096E-16
  9.0180E-16
  6.7635E-16
  7.8907E-16
  4.6675E-16
 -2.0079E-16
 -3.3817E-16
  6.7635E-16
  3.3817E-16
  2.0167E-16
  9.0180E-16
  9.0180E-16
  7.7498E-16
 -9.8986E-16
 -7.6794E-16
 -6.3584E-16
 -2.2545E-16
 -3.3817E-16
 -4.3240E-16
  1.0088E-28
 -4.5090E-16
 -7.7498E-16
   2.0000E-01
  0.0000E+00
  0.0000E+00
  0.0000E+00
  0.0000E+00
  0.0000E+00
  0.0000E+00
  0.0000E+00
  0.0000E+00
  0.0000E+00
 -4.4902E-05
 -1.8766E-16
  4.4902E-05
  8.9006E-18
  3.3881E-21
 -1.0133E-16
  4.4902E-05
  1.2645E-17
 -4.4902E-05
  1.5831E-03
 -2.0443E-16
 -1.5831E-03
  1.6263E-19
 -1.1473E-16
  9.6657E-17
 -1.5831E-03
  2.1684E-19
  1.5831E-03
 -3.2347E-04
  9.4055E-17
  3.2347E-04
 -4.2013E-19
  0.0000E+00
  1.1152E-16
  3.2347E-04
 -2.3014E-16
 -3.2347E-04
  2.5325E-05
  2.0051E-16
 -2.5325E-05
  2.2933E-16
  2.2929E-16
  4.1195E-16
 -2.5325E-05
 -2.2919E-16
  2.5325E-05
 -7.3835E-07
  4.2995E-17
  7.3835E-07
 -5.2940E-22
 -1.1465E-16
  1.1465E-16
  7.3835E-07
 -2.2929E-16
 -7.3835E-07
  9.1807E-08
  5.7322E-17
 -9.1807E-08
  2.2929E-16
  1.1465E-16
  4.0484E-16
 -9.1807E-08
  1.1911E-22
  9.1807E-08
 -1.2919E-08
  2.7228E-16
  1.2919E-08
  4.8804E-23
  1.1465E-16
 -7.1653E-17
  1.2919E-08
 -2.2929E-16
 -1.2919E-08
 -3.1332E-09
  2.6870E-16
  3.1332E-09
 -4.8597E-24
  5.9165E-31
 -8.9566E-17
  3.1332E-09
 -8.2718E-25
 -3.1332E-09
  1.0633E-09
  6.4488E-17
 -1.0633E-09
  2.2929E-16
  1.1465E-16
 -3.5827E-17
 -1.0633E-09
  2.2929E-16
  1.0633E-09
 -1.3050E-10
  1.7555E-16
  1.3050E-10
  0.0000E+00
  1.1465E-16
 -5.7323E-17
  1.3050E-10
 -2.2929E-16
 -1.3050E-10
  9.7007E-12
 -5.3740E-17
 -9.7014E-12
  2.0195E-27
 -1.1465E-16
 -2.5079E-16
 -9.7008E-12
 -2.2929E-16
  9.7009E-12
 -9.4865E-13
  2.5079E-16
  9.4829E-13
  2.2929E-16
  2.2929E-16
  3.1527E-16
  9.4880E-13
 -4.5858E-16
 -9.4868E-13
  1.1917E-13
 -2.1496E-16
 -1.1965E-13
  2.2929E-16
 -2.2929E-16
 -3.7976E-16
 -1.1831E-13
 -2.2929E-16
  1.1851E-13
 -1.4259E-15
 -2.6870E-16
  1.2038E-15
  4.5858E-16
  2.2929E-16
  6.8070E-17
  1.3757E-15
  3.2195E-29
 -1.5549E-15
 -2.2929E-15
 -3.5827E-16
  2.6798E-15
 -2.2929E-16
 -1.1465E-16
  2.8661E-16
  2.7515E-15
  2.2929E-16
 -2.8231E-15
  3.4394E-16
 -3.9051E-16
  2.0779E-16
  0.0000E+00
 -6.1630E-33
 -1.0748E-17
 -9.1716E-16
 -2.4652E-32
 -4.3708E-16
  8.5984E-17
 -2.0779E-16
  1.9346E-16
  4.5858E-16
  8.5049E-31
  3.9409E-17
  4.5858E-16
  1.4791E-31
 -1.5764E-16
  8.2401E-16
 -3.4035E-16
 -1.7197E-16
 -2.2929E-16
 -1.1465E-16
  2.7945E-16
  0.0000E+00
  2.2929E-16
 -3.1527E-16
  5.2307E-16
  4.0484E-16
  7.0220E-16
 -2.9582E-31
 -3.2541E-30
  2.4362E-16
 -4.5858E-16
 -2.2929E-16
  7.1653E-17
 -6.4488E-17
 -4.4067E-16
 -1.0676E-15
 -7.3956E-32
 -2.2929E-16
 -3.5827E-17
  9.1716E-16
 -4.5858E-16
 -7.3803E-16
   3.0000E-01
  0.0000E+00
  0.0000E+00
  0.0000E+00
  0.0000E+00
  0.0000E+00
  0.0000E+00
  0.0000E+00
  0.0000E+00
  0.0000E+00
  2.0912E-04
 -1.9545E-16
 -2.0912E-04
 -1.3340E-16
 -5.8737E-17
  2.1597E-16
 -2.0912E-04
  2.3774E-16
  2.0912E-04
  2.8256E-03
  6.2342E-17
 -2.8256E-03
 -1.1644E-16
  1.7573E-16
  7.2099E-17
 -2.8256E-03
  2.3419E-16
  2.8256E-03
 -7.1684E-04
 -1.4618E-16
  7.1684E-04
  1.1734E-16
  5.8482E-17
  5.4779E-17
  7.1684E-04
  2.3416E-16
 -7.1684E-04
  6.8228E-05
  7.3116E-18
 -6.8228E-05
  6.0986E-20
 -1.1699E-16
 -3.2990E-17
 -6.8228E-05
 -1.3553E-20
  6.8228E-05
 -2.2488E-07
 -2.8518E-16
  2.2488E-07
 -1.1700E-16
 -1.1699E-16
 -1.3893E-16
  2.2488E-07
  2.3399E-16
 -2.2488E-07
 -4.1071E-07
  8.4089E-17
  4.1071E-07
 -1.8529E-22
 -5.8497E-17
  2.7055E-16
  4.1071E-07
 -2.3399E-16
 -4.1071E-07
  1.7970E-08
  6.2153E-17
 -1.7970E-08
  2.3399E-16
  1.7549E-16
  9.5058E-17
 -1.7970E-08
  2.3399E-16
  1.7970E-08
 -9.6375E-09
 -7.3121E-17
  9.6375E-09
  1.1699E-16
 -6.1013E-31
  1.3527E-16
  9.6375E-09
  1.1699E-16
 -9.6375E-09
  4.5882E-09
  2.3033E-16
 -4.5882E-09
  2.3399E-16
 -1.1699E-16
 -4.0582E-16
 -4.5882E-09
 -3.5098E-16
  4.5882E-09
 -8.5697E-10
 -4.3873E-17
  8.5697E-10
  0.0000E+00
  1.7549E-16
  1.6087E-16
  8.5697E-10
  1.1699E-16
 -8.5697E-10
  7.2466E-11
  2.2668E-16
 -7.2465E-11
  4.6798E-16
 -5.8497E-17
  1.1699E-16
 -7.2465E-11
 -3.5098E-16
  7.2466E-11
 -4.5272E-13
 -1.6452E-16
  4.5238E-13
 -6.5128E-27
 -1.2326E-32
 -1.8280E-17
  4.5206E-13
 -6.5381E-27
 -4.5209E-13
 -4.3046E-13
  1.8280E-17
  4.3066E-13
  3.7865E-29
 -1.1699E-16
 -3.2905E-17
  4.3007E-13
  7.5731E-29
 -4.2983E-13
  6.6847E-14
  2.1936E-16
 -6.6102E-14
  3.5098E-16
 -5.8497E-17
 -9.1402E-17
 -6.7389E-14
 -4.6798E-16
  6.6899E-14
 -2.3487E-14
  1.0968E-17
  2.4927E-14
  7.0196E-16
  0.0000E+00
 -8.0433E-17
  2.4335E-14
  2.3399E-16
 -2.4042E-14
  6.6760E-15
 -1.0968E-16
 -6.4347E-15
 -7.6914E-30
 -5.8497E-17
  2.0108E-16
 -6.5517E-15
 -2.3399E-16
  6.2592E-15
 -4.0217E-16
  6.9465E-17
  1.2577E-15
  2.3399E-16
 -1.1699E-16
 -2.5592E-17
  1.4039E-15
 -4.6798E-16
 -2.1717E-15
  8.0433E-17
 -2.3399E-16
 -5.7766E-16
 -1.1699E-16
  1.7549E-16
  4.0217E-16
 -4.6798E-16
 -2.3399E-16
 -1.0237E-16
  1.3162E-16
 -1.7183E-16
 -2.1936E-16
 -3.5098E-16
 -2.3399E-16
  2.5592E-16
  9.3595E-16
  1.1699E-16
 -2.1205E-16
  5.8497E-17
 -4.7529E-17
  1.1699E-16
  1.1699E-16
  2.3399E-16
  2.3033E-16
  0.0000E+00
  0.0000E+00
 -5.1185E-16
