Scalar TEMP under Temp for nodeset
189
   0.0000E+00
  0.0000E+00
  0.0000E+00
  0.0000E+00
  0.0000E+00
  0.0000E+00
  0.0000E+00
  0.0000E+00
  0.0000E+00
  0.0000E+00
  0.0000E+00
  0.0000E+00
  0.0000E+00
  0.0000E+00
  0.0000E+00
  0.0000E+00
  0.0000E+00
  0.0000E+00
  0.0000E+00
  0.0000E+00
  0.0000E+00
  0.0000E+00
  0.0000E+00
  0.0000E+00
  0.0000E+00
  0.0000E+00
  0.0000E+00
  0.0000E+00
  0.0000E+00
  0.0000E+00
  0.0000E+00
  0.0000E+00
  0.0000E+00
  0.0000E+00
  0.0000E+00
  0.0000E+00
  0.0000E+00
  0.0000E+00
  0.0000E+00
  0.0000E+00
  0.0000E+00
  0.0000E+00
  0.0000E+00
  0.0000E+00
  0.0000E+00
  0.0000E+00
  0.0000E+00
  0.0000E+00
  0.0000E+00
  0.0000E+00
  0.0000E+00
  0.0000E+00
  0.0000E+00
  0.0000E+00
  0.0000E+00
  0.0000E+00
  0.0000E+00
  0.0000E+00
  0.0000E+00
  0.0000E+00
  0.0000E+00
  0.0000E+00
  0.0000E+00
  0.0000E+00
  0.0000E+00
  0.0000E+00
  0.0000E+00
  0.0000E+00
  0.0000E+00
  0.0000E+00
  0.0000E+00
  0.0000E+00
  0.0000E+00
  0.0000E+00
  0.0000E+00
  0.0000E+00
  0.0000E+00
  0.0000E+00
  0.0000E+00
  0.0000E+00
  0.0000E+00
  0.0000E+00
  0.0000E+00
  0.0000E+00
  0.0000E+00
  0.0000E+00
  0.0000E+00
  0.0000E+00
  0.0000E+00
  0.0000E+00
  0.0000E+00
  0.0000E+00
  0.0000E+00
  0.0000E+00
  0.0000E+00
  0.0000E+00
  0.0000E+00
  0.0000E+00
  0.0000E+00
  0.0000E+00
  0.0000E+00
  0.0000E+00
  0.0000E+00
  0.0000E+00
  0.0000E+00
  0.0000E+00
  0.0000E+00
  0.0000E+00
  0.0000E+00
  0.0000E+00
  0.0000E+00
  0.0000E+00
  0.0000E+00
  0.0000E+00
  0.0000E+00
  0.0000E+00
  0.0000E+00
  0.0000E+00
  0.0000E+00
  0.0000E+00
  0.0000E+00
  0.0000E+00
  0.0000E+00
  0.0000E+00
  0.0000E+00
  0.0000E+00
  0.0000E+00
  0.0000E+00
  0.0000E+00
  0.0000E+00
  0.0000E+00
  0.0000E+00
  0.0000E+00
  0.0000E+00
  0.0000E+00
  0.0000E+00
  0.0000E+00
  0.0000E+00
  0.0000E+00
  0.0000E+00
  0.0000E+00
  0.0000E+00
  0.0000E+00
  0.0000E+00
  0.0000E+00
  0.0000E+00
  0.0000E+00
  0.0000E+00
  0.0000E+00
  0.0000E+00
  0.0000E+00
  0.0000E+00
  0.0000E+00
  0.0000E+00
  0.0000E+00
  0.0000E+00
  0.0000E+00
  0.0000E+00
  0.0000E+00
  0.0000E+00
  0.0000E+00
  0.0000E+00
  0.0000E+00
  0.0000E+00
  0.0000E+00
  0.0000E+00
  0.0000E+00
  0.0000E+00
  0.0000E+00
  0.0000E+00
  0.0000E+00
  0.0000E+00
  0.0000E+00
  0.0000E+00
  0.0000E+00
  0.0000E+00
  0.0000E+00
  0.0000E+00
  0.0000E+00
  0.0000E+00
  0.0000E+00
  0.0000E+00
  0.0000E+00
  0.0000E+00
  0.0000E+00
  0.0000E+00
  0.0000E+00
  0.0000E+00
  0.0000E+00
  0.0000E+00
   2.0000E+02
  0.0000E+00
  0.0000E+00
  0.0000E+00
  0.0000E+00
  0.0000E+00
  0.0000E+00
  0.0000E+00
  0.0000E+00
  0.0000E+00
 -9.0097E-42
 -9.0097E-42
 -9.0097E-42
 -9.0097E-42
 -9.0097E-42
 -9.0097E-42
 -9.0097E-42
 -9.0097E-42
 -9.0097E-42
 -2.6309E-39
 -2.6309E-39
 -2.6309E-39
 -2.6309E-39
 -2.6309E-39
 -2.6309E-39
 -2.6309E-39
 -2.6309E-39
 -2.6309E-39
 -7.3002E-37
 -7.3002E-37
 -7.3002E-37
 -7.3002E-37
 -7.3002E-37
 -7.3002E-37
 -7.3002E-37
 -7.3002E-37
 -7.3002E-37
 -1.9195E-34
 -1.9195E-34
 -1.9195E-34
 -1.9195E-34
 -1.9195E-34
 -1.9195E-34
 -1.9195E-34
 -1.9195E-34
 -1.9195E-34
 -4.7679E-32
 -4.7679E-32
 -4.7679E-32
 -4.7679E-32
 -4.7679E-32
 -4.7679E-32
 -4.7679E-32
 -4.7679E-32
 -4.7679E-32
 -1.1149E-29
 -1.1149E-29
 -1.1149E-29
 -1.1149E-29
 -1.1149E-29
 -1.1149E-29
 -1.1149E-29
 -1.1149E-29
 -1.1149E-29
 -2.4447E-27
 -2.4447E-27
 -2.4447E-27
 -2.4447E-27
 -2.4447E-27
 -2.4447E-27
 -2.4447E-27
 -2.4447E-27
 -2.4447E-27
 -5.0046E-25
 -5.0046E-25
 -5.0046E-25
 -5.0046E-25
 -5.0046E-25
 -5.0046E-25
 -5.0046E-25
 -5.0046E-25
 -5.0046E-25
 -9.5154E-23
 -9.5154E-23
 -9.5154E-23
 -9.5154E-23
 -9.5154E-23
 -9.5154E-23
 -9.5154E-23
 -9.5154E-23
 -9.5154E-23
 -1.6705E-20
 -1.6705E-20
 -1.6705E-20
 -1.6705E-20
 -1.6705E-20
 -1.6705E-20
 -1.6705E-20
 -1.6705E-20
 -1.6705E-20
 -2.6890E-18
 -2.6890E-18
 -2.6890E-18
 -2.6890E-18
 -2.6890E-18
 -2.6890E-18
 -2.6890E-18
 -2.6890E-18
 -2.6890E-18
 -3.9363E-16
 -3.9363E-16
 -3.9363E-16
 -3.9363E-16
 -3.9363E-16
 -3.9363E-16
 -3.9363E-16
 -3.9363E-16
 -3.9363E-16
 -5.1879E-14
 -5.1879E-14
 -5.1879E-14
 -5.1879E-14
 -5.1879E-14
 -5.1879E-14
 -5.1879E-14
 -5.1879E-14
 -5.1879E-14
 -6.0808E-12
 -6.0808E-12
 -6.0808E-12
 -6.0808E-12
 -6.0808E-12
 -6.0808E-12
 -6.0808E-12
 -6.0808E-12
 -6.0808E-12
 -6.2403E-10
 -6.2403E-10
 -6.2403E-10
 -6.2403E-10
 -6.2403E-10
 -6.2403E-10
 -6.2403E-10
 -6.2403E-10
 -6.2403E-10
 -5.4942E-08
 -5.4942E-08
 -5.4942E-08
 -5.4942E-08
 -5.4942E-08
 -5.4942E-08
 -5.4942E-08
 -5.4942E-08
 -5.4942E-08
 -4.0367E-06
 -4.0367E-06
 -4.0367E-06
 -4.0367E-06
 -4.0367E-06
 -4.0367E-06
 -4.0367E-06
 -4.0367E-06
 -4.0367E-06
 -2.3784E-04
 -2.3784E-04
 -2.3784E-04
 -2.3784E-04
 -2.3784E-04
 -2.3784E-04
 -2.3784E-04
 -2.3784E-04
 -2.3784E-04
 -1.0559E-02
 -1.0559E-02
 -1.0559E-02
 -1.0559E-02
 -1.0559E-02
 -1.0559E-02
 -1.0559E-02
 -1.0559E-02
 -1.0559E-02
 -3.1620E-01
 -3.1620E-01
 -3.1620E-01
 -3.1620E-01
 -3.1620E-01
 -3.1620E-01
 -3.1620E-01
 -3.1620E-01
 -3.1620E-01
