Scalar TEMPERATUREVEL under Temp for nodeset
189
   0.0000E+00
   0.0000E+00
   0.0000E+00
   0.0000E+00
   0.0000E+00
   0.0000E+00
   0.0000E+00
   0.0000E+00
   0.0000E+00
   0.0000E+00
   0.0000E+00
   0.0000E+00
   0.0000E+00
   0.0000E+00
   0.0000E+00
   0.0000E+00
   0.0000E+00
   0.0000E+00
   0.0000E+00
   0.0000E+00
   0.0000E+00
   0.0000E+00
   0.0000E+00
   0.0000E+00
   0.0000E+00
   0.0000E+00
   0.0000E+00
   0.0000E+00
   0.0000E+00
   0.0000E+00
   0.0000E+00
   0.0000E+00
   0.0000E+00
   0.0000E+00
   0.0000E+00
   0.0000E+00
   0.0000E+00
   0.0000E+00
   0.0000E+00
   0.0000E+00
   0.0000E+00
   0.0000E+00
   0.0000E+00
   0.0000E+00
   0.0000E+00
   0.0000E+00
   0.0000E+00
   0.0000E+00
   0.0000E+00
   0.0000E+00
   0.0000E+00
   0.0000E+00
   0.0000E+00
   0.0000E+00
   0.0000E+00
   0.0000E+00
   0.0000E+00
   0.0000E+00
   0.0000E+00
   0.0000E+00
   0.0000E+00
   0.0000E+00
   0.0000E+00
   0.0000E+00
   0.0000E+00
   0.0000E+00
   0.0000E+00
   0.0000E+00
   0.0000E+00
   0.0000E+00
   0.0000E+00
   0.0000E+00
   0.0000E+00
   0.0000E+00
   0.0000E+00
   0.0000E+00
   0.0000E+00
   0.0000E+00
   0.0000E+00
   0.0000E+00
   0.0000E+00
   0.0000E+00
   0.0000E+00
   0.0000E+00
   0.0000E+00
   0.0000E+00
   0.0000E+00
   0.0000E+00
   0.0000E+00
   0.0000E+00
   0.0000E+00
   0.0000E+00
   0.0000E+00
   0.0000E+00
   0.0000E+00
   0.0000E+00
   0.0000E+00
   0.0000E+00
   0.0000E+00
   0.0000E+00
   0.0000E+00
   0.0000E+00
   0.0000E+00
   0.0000E+00
   0.0000E+00
   0.0000E+00
   0.0000E+00
   0.0000E+00
   0.0000E+00
   0.0000E+00
   0.0000E+00
   0.0000E+00
   0.0000E+00
   0.0000E+00
   0.0000E+00
   0.0000E+00
   0.0000E+00
   0.0000E+00
   0.0000E+00
   0.0000E+00
   0.0000E+00
   0.0000E+00
   0.0000E+00
   0.0000E+00
   0.0000E+00
   0.0000E+00
   0.0000E+00
   0.0000E+00
   0.0000E+00
   0.0000E+00
   0.0000E+00
   0.0000E+00
   0.0000E+00
   0.0000E+00
   0.0000E+00
   0.0000E+00
   0.0000E+00
   0.0000E+00
   0.0000E+00
   0.0000E+00
   0.0000E+00
   0.0000E+00
   0.0000E+00
   0.0000E+00
   0.0000E+00
   0.0000E+00
   0.0000E+00
   0.0000E+00
   0.0000E+00
   0.0000E+00
   0.0000E+00
   0.0000E+00
   0.0000E+00
   0.0000E+00
   0.0000E+00
   0.0000E+00
   0.0000E+00
   0.0000E+00
   0.0000E+00
   0.0000E+00
   0.0000E+00
   0.0000E+00
   0.0000E+00
   0.0000E+00
   0.0000E+00
   0.0000E+00
   0.0000E+00
   0.0000E+00
   0.0000E+00
   0.0000E+00
   0.0000E+00
   0.0000E+00
   0.0000E+00
   0.0000E+00
   0.0000E+00
   0.0000E+00
   0.0000E+00
   0.0000E+00
   0.0000E+00
   0.0000E+00
   0.0000E+00
  -1.6890E-03
  -1.6890E-03
  -1.6890E-03
  -1.6890E-03
  -1.6890E-03
  -1.6890E-03
  -1.6890E-03
  -1.6890E-03
  -1.6890E-03
   2.0000E+02
   0.0000E+00
   0.0000E+00
   0.0000E+00
   0.0000E+00
   0.0000E+00
   0.0000E+00
   0.0000E+00
   0.0000E+00
   0.0000E+00
  -8.9323E-43
  -8.9323E-43
  -8.9323E-43
  -8.9323E-43
  -8.9323E-43
  -8.9323E-43
  -8.9323E-43
  -8.9323E-43
  -8.9323E-43
  -2.4776E-40
  -2.4776E-40
  -2.4776E-40
  -2.4776E-40
  -2.4776E-40
  -2.4776E-40
  -2.4776E-40
  -2.4776E-40
  -2.4776E-40
  -6.5121E-38
  -6.5121E-38
  -6.5121E-38
  -6.5121E-38
  -6.5121E-38
  -6.5121E-38
  -6.5121E-38
  -6.5121E-38
  -6.5121E-38
  -1.6168E-35
  -1.6168E-35
  -1.6168E-35
  -1.6168E-35
  -1.6168E-35
  -1.6168E-35
  -1.6168E-35
  -1.6168E-35
  -1.6168E-35
  -3.7789E-33
  -3.7789E-33
  -3.7789E-33
  -3.7789E-33
  -3.7789E-33
  -3.7789E-33
  -3.7789E-33
  -3.7789E-33
  -3.7789E-33
  -8.2814E-31
  -8.2814E-31
  -8.2814E-31
  -8.2814E-31
  -8.2814E-31
  -8.2814E-31
  -8.2814E-31
  -8.2814E-31
  -8.2814E-31
  -1.6942E-28
  -1.6942E-28
  -1.6942E-28
  -1.6942E-28
  -1.6942E-28
  -1.6942E-28
  -1.6942E-28
  -1.6942E-28
  -1.6942E-28
  -3.2188E-26
  -3.2188E-26
  -3.2188E-26
  -3.2188E-26
  -3.2188E-26
  -3.2188E-26
  -3.2188E-26
  -3.2188E-26
  -3.2188E-26
  -5.6457E-24
  -5.6457E-24
  -5.6457E-24
  -5.6457E-24
  -5.6457E-24
  -5.6457E-24
  -5.6457E-24
  -5.6457E-24
  -5.6457E-24
  -9.0786E-22
  -9.0786E-22
  -9.0786E-22
  -9.0786E-22
  -9.0786E-22
  -9.0786E-22
  -9.0786E-22
  -9.0786E-22
  -9.0786E-22
  -1.3273E-19
  -1.3273E-19
  -1.3273E-19
  -1.3273E-19
  -1.3273E-19
  -1.3273E-19
  -1.3273E-19
  -1.3273E-19
  -1.3273E-19
  -1.7467E-17
  -1.7467E-17
  -1.7467E-17
  -1.7467E-17
  -1.7467E-17
  -1.7467E-17
  -1.7467E-17
  -1.7467E-17
  -1.7467E-17
  -2.0434E-15
  -2.0434E-15
  -2.0434E-15
  -2.0434E-15
  -2.0434E-15
  -2.0434E-15
  -2.0434E-15
  -2.0434E-15
  -2.0434E-15
  -2.0919E-13
  -2.0919E-13
  -2.0919E-13
  -2.0919E-13
  -2.0919E-13
  -2.0919E-13
  -2.0919E-13
  -2.0919E-13
  -2.0919E-13
  -1.8358E-11
  -1.8358E-11
  -1.8358E-11
  -1.8358E-11
  -1.8358E-11
  -1.8358E-11
  -1.8358E-11
  -1.8358E-11
  -1.8358E-11
  -1.3426E-09
  -1.3426E-09
  -1.3426E-09
  -1.3426E-09
  -1.3426E-09
  -1.3426E-09
  -1.3426E-09
  -1.3426E-09
  -1.3426E-09
  -7.8564E-08
  -7.8564E-08
  -7.8564E-08
  -7.8564E-08
  -7.8564E-08
  -7.8564E-08
  -7.8564E-08
  -7.8564E-08
  -7.8564E-08
  -3.4486E-06
  -3.4486E-06
  -3.4486E-06
  -3.4486E-06
  -3.4486E-06
  -3.4486E-06
  -3.4486E-06
  -3.4486E-06
  -3.4486E-06
  -1.0096E-04
  -1.0096E-04
  -1.0096E-04
  -1.0096E-04
  -1.0096E-04
  -1.0096E-04
  -1.0096E-04
  -1.0096E-04
  -1.0096E-04
  -1.4800E-03
  -1.4800E-03
  -1.4800E-03
  -1.4800E-03
  -1.4800E-03
  -1.4800E-03
  -1.4800E-03
  -1.4800E-03
  -1.4800E-03
