Scalar STRAINXX under Static for NODALGROUP 1: NODENUMBER X0  Y0  Z0  RESULT-1 RESULT-2 ... RESULT-N
1540
   0.0000E+00
       14256 -7.8690E+00  2.1627E+00  0.0000E+00  3.8786E-02
       14257 -7.8535E+00  2.1465E+00  0.0000E+00  5.2773E-02
       14258 -7.8690E+00  2.1627E+00  1.0000E-01  3.8649E-02
       14259 -7.8535E+00  2.1465E+00  1.0000E-01  5.2683E-02
       14452 -7.8690E+00  2.1627E+00  2.0000E-01  3.8638E-02
       14453 -7.8535E+00  2.1465E+00  2.0000E-01  5.2664E-02
       14550 -7.8690E+00  2.1627E+00  3.0000E-01  3.8638E-02
       14551 -7.8535E+00  2.1465E+00  3.0000E-01  5.2666E-02
       14648 -7.8690E+00  2.1627E+00  4.0000E-01  3.8638E-02
       14649 -7.8535E+00  2.1465E+00  4.0000E-01  5.2666E-02
       14746 -7.8690E+00  2.1627E+00  5.0000E-01  3.8638E-02
       14747 -7.8535E+00  2.1465E+00  5.0000E-01  5.2666E-02
       14844 -7.8690E+00  2.1627E+00  6.0000E-01  3.8638E-02
       14845 -7.8535E+00  2.1465E+00  6.0000E-01  5.2666E-02
       14942 -7.8690E+00  2.1627E+00  7.0000E-01  3.8638E-02
       14943 -7.8535E+00  2.1465E+00  7.0000E-01  5.2666E-02
       15040 -7.8690E+00  2.1627E+00  8.0000E-01  3.8638E-02
       15041 -7.8535E+00  2.1465E+00  8.0000E-01  5.2664E-02
       15138 -7.8690E+00  2.1627E+00  9.0000E-01  3.8649E-02
       15139 -7.8535E+00  2.1465E+00  9.0000E-01  5.2683E-02
       15236 -7.8690E+00  2.1627E+00  1.0000E+00  3.8786E-02
       15237 -7.8535E+00  2.1465E+00  1.0000E+00  5.2773E-02
       15334 -7.8837E+00  2.1797E+00  0.0000E+00  2.7311E-02
       15335 -7.8837E+00  2.1797E+00  1.0000E-01  2.7519E-02
       15432 -7.8837E+00  2.1797E+00  2.0000E-01  2.7518E-02
       15481 -7.8837E+00  2.1797E+00  3.0000E-01  2.7517E-02
       15530 -7.8837E+00  2.1797E+00  4.0000E-01  2.7517E-02
       15579 -7.8837E+00  2.1797E+00  5.0000E-01  2.7517E-02
       15628 -7.8837E+00  2.1797E+00  6.0000E-01  2.7517E-02
       15677 -7.8837E+00  2.1797E+00  7.0000E-01  2.7517E-02
       15726 -7.8837E+00  2.1797E+00  8.0000E-01  2.7518E-02
       15775 -7.8837E+00  2.1797E+00  9.0000E-01  2.7519E-02
       15824 -7.8837E+00  2.1797E+00  1.0000E+00  2.7311E-02
       15873 -7.8976E+00  2.1972E+00  0.0000E+00  1.7750E-02
       15874 -7.8978E+00  2.1971E+00  1.0000E-01  1.8071E-02
       15971 -7.8978E+00  2.1971E+00  2.0000E-01  1.8075E-02
       16020 -7.8978E+00  2.1971E+00  3.0000E-01  1.8073E-02
       16069 -7.8978E+00  2.1971E+00  4.0000E-01  1.8073E-02
       16118 -7.8978E+00  2.1971E+00  5.0000E-01  1.8073E-02
       16167 -7.8978E+00  2.1971E+00  6.0000E-01  1.8073E-02
       16216 -7.8978E+00  2.1971E+00  7.0000E-01  1.8073E-02
       16265 -7.8978E+00  2.1971E+00  8.0000E-01  1.8075E-02
       16314 -7.8978E+00  2.1971E+00  9.0000E-01  1.8071E-02
       16363 -7.8976E+00  2.1972E+00  1.0000E+00  1.7750E-02
       16412 -7.9109E+00  2.2154E+00  0.0000E+00  9.9651E-03
       16413 -7.9109E+00  2.2153E+00  1.0000E-01  9.8881E-03
       16510 -7.9109E+00  2.2153E+00  2.0000E-01  9.8903E-03
       16559 -7.9109E+00  2.2153E+00  3.0000E-01  9.8891E-03
       16608 -7.9109E+00  2.2153E+00  4.0000E-01  9.8890E-03
       16657 -7.9109E+00  2.2153E+00  5.0000E-01  9.8889E-03
       16706 -7.9109E+00  2.2153E+00  6.0000E-01  9.8890E-03
       16755 -7.9109E+00  2.2153E+00  7.0000E-01  9.8891E-03
       16804 -7.9109E+00  2.2153E+00  8.0000E-01  9.8903E-03
       16853 -7.9109E+00  2.2153E+00  9.0000E-01  9.8881E-03
       16902 -7.9109E+00  2.2154E+00  1.0000E+00  9.9651E-03
       16951 -7.9233E+00  2.2340E+00  0.0000E+00  3.7490E-03
       16952 -7.9233E+00  2.2340E+00  1.0000E-01  3.7347E-03
       17049 -7.9233E+00  2.2340E+00  2.0000E-01  3.7345E-03
       17098 -7.9233E+00  2.2340E+00  3.0000E-01  3.7339E-03
       17147 -7.9233E+00  2.2340E+00  4.0000E-01  3.7336E-03
       17196 -7.9233E+00  2.2340E+00  5.0000E-01  3.7336E-03
       17245 -7.9233E+00  2.2340E+00  6.0000E-01  3.7336E-03
       17294 -7.9233E+00  2.2340E+00  7.0000E-01  3.7339E-03
       17343 -7.9233E+00  2.2340E+00  8.0000E-01  3.7345E-03
       17392 -7.9233E+00  2.2340E+00  9.0000E-01  3.7348E-03
       17441 -7.9233E+00  2.2340E+00  1.0000E+00  3.7490E-03
       17490 -7.9348E+00  2.2533E+00  0.0000E+00 -8.9525E-04
       17491 -7.9348E+00  2.2533E+00  1.0000E-01 -9.0523E-04
       17588 -7.9348E+00  2.2533E+00  2.0000E-01 -9.0789E-04
       17637 -7.9348E+00  2.2533E+00  3.0000E-01 -9.0818E-04
       17686 -7.9348E+00  2.2533E+00  4.0000E-01 -9.0841E-04
       17735 -7.9348E+00  2.2533E+00  5.0000E-01 -9.0844E-04
       17784 -7.9348E+00  2.2533E+00  6.0000E-01 -9.0841E-04
       17833 -7.9348E+00  2.2533E+00  7.0000E-01 -9.0818E-04
       17882 -7.9348E+00  2.2533E+00  8.0000E-01 -9.0789E-04
       17931 -7.9348E+00  2.2533E+00  9.0000E-01 -9.0526E-04
       17980 -7.9348E+00  2.2533E+00  1.0000E+00 -8.9526E-04
       18029 -7.9453E+00  2.2731E+00  0.0000E+00 -3.9842E-03
       18030 -7.9454E+00  2.2730E+00  1.0000E-01 -4.0405E-03
       18127 -7.9454E+00  2.2730E+00  2.0000E-01 -4.0451E-03
       18176 -7.9454E+00  2.2730E+00  3.0000E-01 -4.0449E-03
       18225 -7.9454E+00  2.2730E+00  4.0000E-01 -4.0452E-03
       18274 -7.9454E+00  2.2730E+00  5.0000E-01 -4.0452E-03
       18323 -7.9454E+00  2.2730E+00  6.0000E-01 -4.0452E-03
       18372 -7.9454E+00  2.2730E+00  7.0000E-01 -4.0449E-03
       18421 -7.9454E+00  2.2730E+00  8.0000E-01 -4.0451E-03
       18470 -7.9454E+00  2.2730E+00  9.0000E-01 -4.0405E-03
       18519 -7.9453E+00  2.2731E+00  1.0000E+00 -3.9842E-03
       18568 -7.9550E+00  2.2933E+00  0.0000E+00 -6.0102E-03
       18569 -7.9552E+00  2.2933E+00  1.0000E-01 -5.9150E-03
       18666 -7.9552E+00  2.2933E+00  2.0000E-01 -5.9187E-03
       18715 -7.9552E+00  2.2933E+00  3.0000E-01 -5.9187E-03
       18764 -7.9552E+00  2.2933E+00  4.0000E-01 -5.9188E-03
       18813 -7.9552E+00  2.2933E+00  5.0000E-01 -5.9189E-03
       18862 -7.9552E+00  2.2933E+00  6.0000E-01 -5.9188E-03
       18911 -7.9552E+00  2.2933E+00  7.0000E-01 -5.9187E-03
       18960 -7.9552E+00  2.2933E+00  8.0000E-01 -5.9187E-03
       19009 -7.9552E+00  2.2933E+00  9.0000E-01 -5.9151E-03
       19058 -7.9550E+00  2.2933E+00  1.0000E+00 -6.0101E-03
       19107 -7.9640E+00  2.3139E+00  0.0000E+00 -6.7844E-03
       19108 -7.9640E+00  2.3139E+00  1.0000E-01 -6.7278E-03
       19205 -7.9640E+00  2.3139E+00  2.0000E-01 -6.7298E-03
       19254 -7.9640E+00  2.3139E+00  3.0000E-01 -6.7299E-03
       19303 -7.9640E+00  2.3139E+00  4.0000E-01 -6.7300E-03
       19352 -7.9640E+00  2.3139E+00  5.0000E-01 -6.7300E-03
       19401 -7.9640E+00  2.3139E+00  6.0000E-01 -6.7300E-03
       19450 -7.9640E+00  2.3139E+00  7.0000E-01 -6.7299E-03
       19499 -7.9640E+00  2.3139E+00  8.0000E-01 -6.7298E-03
       19548 -7.9640E+00  2.3139E+00  9.0000E-01 -6.7278E-03
       19597 -7.9640E+00  2.3139E+00  1.0000E+00 -6.7844E-03
       19646 -7.9718E+00  2.3349E+00  0.0000E+00 -6.7200E-03
       19647 -7.9719E+00  2.3349E+00  1.0000E-01 -6.6863E-03
       19744 -7.9719E+00  2.3349E+00  2.0000E-01 -6.6870E-03
       19793 -7.9719E+00  2.3349E+00  3.0000E-01 -6.6871E-03
       19842 -7.9719E+00  2.3349E+00  4.0000E-01 -6.6872E-03
       19891 -7.9719E+00  2.3349E+00  5.0000E-01 -6.6872E-03
       19940 -7.9719E+00  2.3349E+00  6.0000E-01 -6.6872E-03
       19989 -7.9719E+00  2.3349E+00  7.0000E-01 -6.6871E-03
       20038 -7.9719E+00  2.3349E+00  8.0000E-01 -6.6870E-03
       20087 -7.9719E+00  2.3349E+00  9.0000E-01 -6.6863E-03
       20136 -7.9718E+00  2.3349E+00  1.0000E+00 -6.7197E-03
       20185 -7.9788E+00  2.3562E+00  0.0000E+00 -6.1702E-03
       20186 -7.9788E+00  2.3562E+00  1.0000E-01 -6.0967E-03
       20283 -7.9788E+00  2.3562E+00  2.0000E-01 -6.0964E-03
       20332 -7.9788E+00  2.3562E+00  3.0000E-01 -6.0966E-03
       20381 -7.9788E+00  2.3562E+00  4.0000E-01 -6.0966E-03
       20430 -7.9788E+00  2.3562E+00  5.0000E-01 -6.0966E-03
       20479 -7.9788E+00  2.3562E+00  6.0000E-01 -6.0966E-03
       20528 -7.9788E+00  2.3562E+00  7.0000E-01 -6.0966E-03
       20577 -7.9788E+00  2.3562E+00  8.0000E-01 -6.0964E-03
       20626 -7.9788E+00  2.3562E+00  9.0000E-01 -6.0967E-03
       20675 -7.9788E+00  2.3562E+00  1.0000E+00 -6.1711E-03
       20724 -7.9848E+00  2.3778E+00  5.5080E-17 -5.0069E-03
       20725 -7.9848E+00  2.3778E+00  1.0000E-01 -5.0097E-03
       20822 -7.9848E+00  2.3778E+00  2.0000E-01 -5.0094E-03
       20871 -7.9848E+00  2.3778E+00  3.0000E-01 -5.0095E-03
       20920 -7.9848E+00  2.3778E+00  4.0000E-01 -5.0095E-03
       20969 -7.9848E+00  2.3778E+00  5.0000E-01 -5.0095E-03
       21018 -7.9848E+00  2.3778E+00  6.0000E-01 -5.0095E-03
       21067 -7.9848E+00  2.3778E+00  7.0000E-01 -5.0095E-03
       21116 -7.9848E+00  2.3778E+00  8.0000E-01 -5.0094E-03
       21165 -7.9848E+00  2.3778E+00  9.0000E-01 -5.0097E-03
       21214 -7.9848E+00  2.3778E+00  1.0000E+00 -5.0070E-03
       21263 -7.9898E+00  2.3997E+00 -3.4700E-17 -3.6907E-03
       21264 -7.9898E+00  2.3997E+00  1.0000E-01 -3.6885E-03
       21361 -7.9898E+00  2.3997E+00  2.0000E-01 -3.6883E-03
       21410 -7.9898E+00  2.3997E+00  3.0000E-01 -3.6883E-03
       21459 -7.9898E+00  2.3997E+00  4.0000E-01 -3.6883E-03
       21508 -7.9898E+00  2.3997E+00  5.0000E-01 -3.6883E-03
       21557 -7.9898E+00  2.3997E+00  6.0000E-01 -3.6883E-03
       21606 -7.9898E+00  2.3997E+00  7.0000E-01 -3.6883E-03
       21655 -7.9898E+00  2.3997E+00  8.0000E-01 -3.6883E-03
       21704 -7.9898E+00  2.3997E+00  9.0000E-01 -3.6887E-03
       21753 -7.9898E+00  2.3997E+00  1.0000E+00 -3.6902E-03
       21802 -7.9937E+00  2.4218E+00  6.9390E-18 -2.4578E-03
       21803 -7.9937E+00  2.4218E+00  1.0000E-01 -2.4577E-03
       21900 -7.9937E+00  2.4218E+00  2.0000E-01 -2.4576E-03
       21949 -7.9937E+00  2.4218E+00  3.0000E-01 -2.4576E-03
       21998 -7.9937E+00  2.4218E+00  4.0000E-01 -2.4576E-03
       22047 -7.9937E+00  2.4218E+00  5.0000E-01 -2.4576E-03
       22096 -7.9937E+00  2.4218E+00  6.0000E-01 -2.4576E-03
       22145 -7.9937E+00  2.4218E+00  7.0000E-01 -2.4576E-03
       22194 -7.9937E+00  2.4218E+00  8.0000E-01 -2.4576E-03
       22243 -7.9937E+00  2.4218E+00  9.0000E-01 -2.4571E-03
       22292 -7.9937E+00  2.4218E+00  1.0000E+00 -2.4579E-03
       22341 -7.9967E+00  2.4440E+00  1.3880E-17 -1.4018E-03
       22342 -7.9967E+00  2.4440E+00  1.0000E-01 -1.4018E-03
       22439 -7.9967E+00  2.4440E+00  2.0000E-01 -1.4017E-03
       22488 -7.9967E+00  2.4440E+00  3.0000E-01 -1.4017E-03
       22537 -7.9967E+00  2.4440E+00  4.0000E-01 -1.4017E-03
       22586 -7.9967E+00  2.4440E+00  5.0000E-01 -1.4017E-03
       22635 -7.9967E+00  2.4440E+00  6.0000E-01 -1.4017E-03
       22684 -7.9967E+00  2.4440E+00  7.0000E-01 -1.4017E-03
       22733 -7.9967E+00  2.4440E+00  8.0000E-01 -1.4017E-03
       22782 -7.9967E+00  2.4440E+00  9.0000E-01 -1.4017E-03
       22831 -7.9967E+00  2.4440E+00  1.0000E+00 -1.4018E-03
       22880 -7.9987E+00  2.4664E+00 -1.3900E-17 -6.1860E-04
       22881 -7.9987E+00  2.4664E+00  1.0000E-01 -6.1804E-04
       22978 -7.9987E+00  2.4664E+00  2.0000E-01 -6.1802E-04
       23027 -7.9987E+00  2.4664E+00  3.0000E-01 -6.1802E-04
       23076 -7.9987E+00  2.4664E+00  4.0000E-01 -6.1802E-04
       23125 -7.9987E+00  2.4664E+00  5.0000E-01 -6.1802E-04
       23174 -7.9987E+00  2.4664E+00  6.0000E-01 -6.1802E-04
       23223 -7.9987E+00  2.4664E+00  7.0000E-01 -6.1802E-04
       23272 -7.9987E+00  2.4664E+00  8.0000E-01 -6.1802E-04
       23321 -7.9987E+00  2.4664E+00  9.0000E-01 -6.1851E-04
       23370 -7.9987E+00  2.4664E+00  1.0000E+00 -6.1861E-04
       23419 -7.9997E+00  2.4888E+00  0.0000E+00 -2.0404E-04
       23420 -7.9997E+00  2.4888E+00  1.0000E-01 -2.0414E-04
       23517 -7.9997E+00  2.4888E+00  2.0000E-01 -2.0413E-04
       23566 -7.9997E+00  2.4888E+00  3.0000E-01 -2.0413E-04
       23615 -7.9997E+00  2.4888E+00  4.0000E-01 -2.0413E-04
       23664 -7.9997E+00  2.4888E+00  5.0000E-01 -2.0413E-04
       23713 -7.9997E+00  2.4888E+00  6.0000E-01 -2.0413E-04
       23762 -7.9997E+00  2.4888E+00  7.0000E-01 -2.0413E-04
       23811 -7.9997E+00  2.4888E+00  8.0000E-01 -2.0413E-04
       23860 -7.9997E+00  2.4888E+00  9.0000E-01 -2.0401E-04
       23909 -7.9997E+00  2.4888E+00  1.0000E+00 -2.0403E-04
       23958 -7.9997E+00  2.5112E+00  0.0000E+00 -2.0393E-04
       23959 -7.9997E+00  2.5112E+00  1.0000E-01 -2.0387E-04
       24056 -7.9997E+00  2.5112E+00  2.0000E-01 -2.0387E-04
       24105 -7.9997E+00  2.5112E+00  3.0000E-01 -2.0386E-04
       24154 -7.9997E+00  2.5112E+00  4.0000E-01 -2.0387E-04
       24203 -7.9997E+00  2.5112E+00  5.0000E-01 -2.0387E-04
       24252 -7.9997E+00  2.5112E+00  6.0000E-01 -2.0387E-04
       24301 -7.9997E+00  2.5112E+00  7.0000E-01 -2.0386E-04
       24350 -7.9997E+00  2.5112E+00  8.0000E-01 -2.0387E-04
       24399 -7.9997E+00  2.5112E+00  9.0000E-01 -2.0391E-04
       24448 -7.9997E+00  2.5112E+00  1.0000E+00 -2.0393E-04
       24497 -7.9987E+00  2.5336E+00  0.0000E+00 -6.1861E-04
       24498 -7.9987E+00  2.5336E+00  1.0000E-01 -6.1852E-04
       24595 -7.9987E+00  2.5336E+00  2.0000E-01 -6.1850E-04
       24644 -7.9987E+00  2.5336E+00  3.0000E-01 -6.1850E-04
       24693 -7.9987E+00  2.5336E+00  4.0000E-01 -6.1850E-04
       24742 -7.9987E+00  2.5336E+00  5.0000E-01 -6.1850E-04
       24791 -7.9987E+00  2.5336E+00  6.0000E-01 -6.1850E-04
       24840 -7.9987E+00  2.5336E+00  7.0000E-01 -6.1850E-04
       24889 -7.9987E+00  2.5336E+00  8.0000E-01 -6.1850E-04
       24938 -7.9987E+00  2.5336E+00  9.0000E-01 -6.1851E-04
       24987 -7.9987E+00  2.5336E+00  1.0000E+00 -6.1861E-04
       25036 -7.9967E+00  2.5560E+00  0.0000E+00 -1.4024E-03
       25037 -7.9967E+00  2.5560E+00  1.0000E-01 -1.4023E-03
       25134 -7.9967E+00  2.5560E+00  2.0000E-01 -1.4023E-03
       25183 -7.9967E+00  2.5560E+00  3.0000E-01 -1.4023E-03
       25232 -7.9967E+00  2.5560E+00  4.0000E-01 -1.4023E-03
       25281 -7.9967E+00  2.5560E+00  5.0000E-01 -1.4023E-03
       25330 -7.9967E+00  2.5560E+00  6.0000E-01 -1.4023E-03
       25379 -7.9967E+00  2.5560E+00  7.0000E-01 -1.4023E-03
       25428 -7.9967E+00  2.5560E+00  8.0000E-01 -1.4023E-03
       25477 -7.9967E+00  2.5560E+00  9.0000E-01 -1.4023E-03
       25526 -7.9967E+00  2.5560E+00  1.0000E+00 -1.4024E-03
       25575 -7.9937E+00  2.5782E+00  2.7760E-17 -2.4583E-03
       25576 -7.9937E+00  2.5782E+00  1.0000E-01 -2.4574E-03
       25673 -7.9937E+00  2.5782E+00  2.0000E-01 -2.4573E-03
       25722 -7.9937E+00  2.5782E+00  3.0000E-01 -2.4573E-03
       25771 -7.9937E+00  2.5782E+00  4.0000E-01 -2.4573E-03
       25820 -7.9937E+00  2.5782E+00  5.0000E-01 -2.4573E-03
       25869 -7.9937E+00  2.5782E+00  6.0000E-01 -2.4573E-03
       25918 -7.9937E+00  2.5782E+00  7.0000E-01 -2.4573E-03
       25967 -7.9937E+00  2.5782E+00  8.0000E-01 -2.4573E-03
       26016 -7.9937E+00  2.5782E+00  9.0000E-01 -2.4574E-03
       26065 -7.9937E+00  2.5782E+00  1.0000E+00 -2.4583E-03
       26114 -7.9898E+00  2.6003E+00  0.0000E+00 -3.6905E-03
       26115 -7.9898E+00  2.6003E+00  1.0000E-01 -3.6890E-03
       26212 -7.9898E+00  2.6003E+00  2.0000E-01 -3.6888E-03
       26261 -7.9898E+00  2.6003E+00  3.0000E-01 -3.6889E-03
       26310 -7.9898E+00  2.6003E+00  4.0000E-01 -3.6889E-03
       26359 -7.9898E+00  2.6003E+00  5.0000E-01 -3.6889E-03
       26408 -7.9898E+00  2.6003E+00  6.0000E-01 -3.6889E-03
       26457 -7.9898E+00  2.6003E+00  7.0000E-01 -3.6889E-03
       26506 -7.9898E+00  2.6003E+00  8.0000E-01 -3.6888E-03
       26555 -7.9898E+00  2.6003E+00  9.0000E-01 -3.6890E-03
       26604 -7.9898E+00  2.6003E+00  1.0000E+00 -3.6905E-03
       26653 -7.9848E+00  2.6222E+00  0.0000E+00 -5.0066E-03
       26654 -7.9848E+00  2.6222E+00  1.0000E-01 -5.0092E-03
       26751 -7.9848E+00  2.6222E+00  2.0000E-01 -5.0089E-03
       26800 -7.9848E+00  2.6222E+00  3.0000E-01 -5.0090E-03
       26849 -7.9848E+00  2.6222E+00  4.0000E-01 -5.0090E-03
       26898 -7.9848E+00  2.6222E+00  5.0000E-01 -5.0090E-03
       26947 -7.9848E+00  2.6222E+00  6.0000E-01 -5.0090E-03
       26996 -7.9848E+00  2.6222E+00  7.0000E-01 -5.0090E-03
       27045 -7.9848E+00  2.6222E+00  8.0000E-01 -5.0088E-03
       27094 -7.9848E+00  2.6222E+00  9.0000E-01 -5.0092E-03
       27143 -7.9848E+00  2.6222E+00  1.0000E+00 -5.0066E-03
       27192 -7.9788E+00  2.6438E+00  1.4170E-14 -6.1705E-03
       27193 -7.9788E+00  2.6438E+00  1.0000E-01 -6.0965E-03
       27290 -7.9788E+00  2.6438E+00  2.0000E-01 -6.0961E-03
       27339 -7.9788E+00  2.6438E+00  3.0000E-01 -6.0963E-03
       27388 -7.9788E+00  2.6438E+00  4.0000E-01 -6.0963E-03
       27437 -7.9788E+00  2.6438E+00  5.0000E-01 -6.0963E-03
       27486 -7.9788E+00  2.6438E+00  6.0000E-01 -6.0963E-03
       27535 -7.9788E+00  2.6438E+00  7.0000E-01 -6.0963E-03
       27584 -7.9788E+00  2.6438E+00  8.0000E-01 -6.0961E-03
       27633 -7.9788E+00  2.6438E+00  9.0000E-01 -6.0964E-03
       27682 -7.9788E+00  2.6438E+00  1.0000E+00 -6.1705E-03
       27731 -7.9718E+00  2.6651E+00  0.0000E+00 -6.7204E-03
       27732 -7.9719E+00  2.6651E+00  1.0000E-01 -6.6870E-03
       27829 -7.9719E+00  2.6651E+00  2.0000E-01 -6.6876E-03
       27878 -7.9719E+00  2.6651E+00  3.0000E-01 -6.6878E-03
       27927 -7.9719E+00  2.6651E+00  4.0000E-01 -6.6879E-03
       27976 -7.9719E+00  2.6651E+00  5.0000E-01 -6.6879E-03
       28025 -7.9719E+00  2.6651E+00  6.0000E-01 -6.6879E-03
       28074 -7.9719E+00  2.6651E+00  7.0000E-01 -6.6878E-03
       28123 -7.9719E+00  2.6651E+00  8.0000E-01 -6.6876E-03
       28172 -7.9719E+00  2.6651E+00  9.0000E-01 -6.6870E-03
       28221 -7.9718E+00  2.6651E+00  1.0000E+00 -6.7204E-03
       28270 -7.9640E+00  2.6861E+00  0.0000E+00 -6.7850E-03
       28271 -7.9640E+00  2.6861E+00  1.0000E-01 -6.7276E-03
       28368 -7.9640E+00  2.6861E+00  2.0000E-01 -6.7296E-03
       28417 -7.9640E+00  2.6861E+00  3.0000E-01 -6.7297E-03
       28466 -7.9640E+00  2.6861E+00  4.0000E-01 -6.7298E-03
       28515 -7.9640E+00  2.6861E+00  5.0000E-01 -6.7298E-03
       28564 -7.9640E+00  2.6861E+00  6.0000E-01 -6.7298E-03
       28613 -7.9640E+00  2.6861E+00  7.0000E-01 -6.7297E-03
       28662 -7.9640E+00  2.6861E+00  8.0000E-01 -6.7296E-03
       28711 -7.9640E+00  2.6861E+00  9.0000E-01 -6.7276E-03
       28760 -7.9640E+00  2.6861E+00  1.0000E+00 -6.7850E-03
       28809 -7.9550E+00  2.7067E+00  0.0000E+00 -6.0095E-03
       28810 -7.9552E+00  2.7067E+00  1.0000E-01 -5.9146E-03
       28907 -7.9552E+00  2.7067E+00  2.0000E-01 -5.9183E-03
       28956 -7.9552E+00  2.7067E+00  3.0000E-01 -5.9182E-03
       29005 -7.9552E+00  2.7067E+00  4.0000E-01 -5.9184E-03
       29054 -7.9552E+00  2.7067E+00  5.0000E-01 -5.9184E-03
       29103 -7.9552E+00  2.7067E+00  6.0000E-01 -5.9184E-03
       29152 -7.9552E+00  2.7067E+00  7.0000E-01 -5.9182E-03
       29201 -7.9552E+00  2.7067E+00  8.0000E-01 -5.9183E-03
       29250 -7.9552E+00  2.7067E+00  9.0000E-01 -5.9146E-03
       29299 -7.9550E+00  2.7067E+00  1.0000E+00 -6.0095E-03
       29348 -7.9453E+00  2.7269E+00  0.0000E+00 -3.9842E-03
       29349 -7.9454E+00  2.7270E+00  1.0000E-01 -4.0405E-03
       29446 -7.9454E+00  2.7270E+00  2.0000E-01 -4.0450E-03
       29495 -7.9454E+00  2.7270E+00  3.0000E-01 -4.0449E-03
       29544 -7.9454E+00  2.7270E+00  4.0000E-01 -4.0451E-03
       29593 -7.9454E+00  2.7270E+00  5.0000E-01 -4.0451E-03
       29642 -7.9454E+00  2.7270E+00  6.0000E-01 -4.0451E-03
       29691 -7.9454E+00  2.7270E+00  7.0000E-01 -4.0449E-03
       29740 -7.9454E+00  2.7270E+00  8.0000E-01 -4.0450E-03
       29789 -7.9454E+00  2.7270E+00  9.0000E-01 -4.0405E-03
       29838 -7.9453E+00  2.7269E+00  1.0000E+00 -3.9842E-03
       29887 -7.9348E+00  2.7467E+00  0.0000E+00 -8.9533E-04
       29888 -7.9348E+00  2.7467E+00  1.0000E-01 -9.0548E-04
       29985 -7.9348E+00  2.7467E+00  2.0000E-01 -9.0815E-04
       30034 -7.9348E+00  2.7467E+00  3.0000E-01 -9.0844E-04
       30083 -7.9348E+00  2.7467E+00  4.0000E-01 -9.0866E-04
       30132 -7.9348E+00  2.7467E+00  5.0000E-01 -9.0870E-04
       30181 -7.9348E+00  2.7467E+00  6.0000E-01 -9.0866E-04
       30230 -7.9348E+00  2.7467E+00  7.0000E-01 -9.0844E-04
       30279 -7.9348E+00  2.7467E+00  8.0000E-01 -9.0815E-04
       30328 -7.9348E+00  2.7467E+00  9.0000E-01 -9.0549E-04
       30377 -7.9348E+00  2.7467E+00  1.0000E+00 -8.9533E-04
       30426 -7.9233E+00  2.7660E+00  0.0000E+00  3.7491E-03
       30427 -7.9233E+00  2.7660E+00  1.0000E-01  3.7354E-03
       30524 -7.9233E+00  2.7660E+00  2.0000E-01  3.7352E-03
       30573 -7.9233E+00  2.7660E+00  3.0000E-01  3.7345E-03
       30622 -7.9233E+00  2.7660E+00  4.0000E-01  3.7343E-03
       30671 -7.9233E+00  2.7660E+00  5.0000E-01  3.7342E-03
       30720 -7.9233E+00  2.7660E+00  6.0000E-01  3.7343E-03
       30769 -7.9233E+00  2.7660E+00  7.0000E-01  3.7345E-03
       30818 -7.9233E+00  2.7660E+00  8.0000E-01  3.7352E-03
       30867 -7.9233E+00  2.7660E+00  9.0000E-01  3.7354E-03
       30916 -7.9233E+00  2.7660E+00  1.0000E+00  3.7491E-03
       30965 -7.9109E+00  2.7846E+00  0.0000E+00  9.9650E-03
       30966 -7.9109E+00  2.7847E+00  1.0000E-01  9.8881E-03
       31063 -7.9109E+00  2.7847E+00  2.0000E-01  9.8903E-03
       31112 -7.9109E+00  2.7847E+00  3.0000E-01  9.8891E-03
       31161 -7.9109E+00  2.7847E+00  4.0000E-01  9.8889E-03
       31210 -7.9109E+00  2.7847E+00  5.0000E-01  9.8889E-03
       31259 -7.9109E+00  2.7847E+00  6.0000E-01  9.8889E-03
       31308 -7.9109E+00  2.7847E+00  7.0000E-01  9.8891E-03
       31357 -7.9109E+00  2.7847E+00  8.0000E-01  9.8903E-03
       31406 -7.9109E+00  2.7847E+00  9.0000E-01  9.8881E-03
       31455 -7.9109E+00  2.7846E+00  1.0000E+00  9.9650E-03
       31504 -7.8976E+00  2.8028E+00  0.0000E+00  1.7750E-02
       31505 -7.8978E+00  2.8029E+00  1.0000E-01  1.8072E-02
       31602 -7.8978E+00  2.8029E+00  2.0000E-01  1.8076E-02
       31651 -7.8978E+00  2.8029E+00  3.0000E-01  1.8074E-02
       31700 -7.8978E+00  2.8029E+00  4.0000E-01  1.8074E-02
       31749 -7.8978E+00  2.8029E+00  5.0000E-01  1.8074E-02
       31798 -7.8978E+00  2.8029E+00  6.0000E-01  1.8074E-02
       31847 -7.8978E+00  2.8029E+00  7.0000E-01  1.8074E-02
       31896 -7.8978E+00  2.8029E+00  8.0000E-01  1.8076E-02
       31945 -7.8978E+00  2.8029E+00  9.0000E-01  1.8072E-02
       31994 -7.8976E+00  2.8028E+00  1.0000E+00  1.7750E-02
       32043 -7.8837E+00  2.8203E+00  1.3880E-17  2.7309E-02
       32044 -7.8837E+00  2.8203E+00  1.0000E-01  2.7517E-02
       32141 -7.8837E+00  2.8203E+00  2.0000E-01  2.7516E-02
       32190 -7.8837E+00  2.8203E+00  3.0000E-01  2.7515E-02
       32239 -7.8837E+00  2.8203E+00  4.0000E-01  2.7515E-02
       32288 -7.8837E+00  2.8203E+00  5.0000E-01  2.7515E-02
       32337 -7.8837E+00  2.8203E+00  6.0000E-01  2.7515E-02
       32386 -7.8837E+00  2.8203E+00  7.0000E-01  2.7515E-02
       32435 -7.8837E+00  2.8203E+00  8.0000E-01  2.7516E-02
       32484 -7.8837E+00  2.8203E+00  9.0000E-01  2.7517E-02
       32533 -7.8837E+00  2.8203E+00  1.0000E+00  2.7309E-02
       32582 -7.8690E+00  2.8373E+00  0.0000E+00  3.8785E-02
       32583 -7.8690E+00  2.8373E+00  1.0000E-01  3.8648E-02
       32680 -7.8690E+00  2.8373E+00  2.0000E-01  3.8637E-02
       32729 -7.8690E+00  2.8373E+00  3.0000E-01  3.8637E-02
       32778 -7.8690E+00  2.8373E+00  4.0000E-01  3.8637E-02
       32827 -7.8690E+00  2.8373E+00  5.0000E-01  3.8637E-02
       32876 -7.8690E+00  2.8373E+00  6.0000E-01  3.8637E-02
       32925 -7.8690E+00  2.8373E+00  7.0000E-01  3.8637E-02
       32974 -7.8690E+00  2.8373E+00  8.0000E-01  3.8637E-02
       33023 -7.8690E+00  2.8373E+00  9.0000E-01  3.8648E-02
       33072 -7.8690E+00  2.8373E+00  1.0000E+00  3.8785E-02
       33121 -7.8535E+00  2.8535E+00  0.0000E+00  5.2776E-02
       33122 -7.8535E+00  2.8535E+00  1.0000E-01  5.2686E-02
       33219 -7.8535E+00  2.8535E+00  2.0000E-01  5.2667E-02
       33268 -7.8535E+00  2.8535E+00  3.0000E-01  5.2669E-02
       33317 -7.8535E+00  2.8535E+00  4.0000E-01  5.2669E-02
       33366 -7.8535E+00  2.8535E+00  5.0000E-01  5.2669E-02
       33415 -7.8535E+00  2.8535E+00  6.0000E-01  5.2669E-02
       33464 -7.8535E+00  2.8535E+00  7.0000E-01  5.2669E-02
       33513 -7.8535E+00  2.8535E+00  8.0000E-01  5.2667E-02
       33562 -7.8535E+00  2.8535E+00  9.0000E-01  5.2686E-02
       33611 -7.8535E+00  2.8535E+00  1.0000E+00  5.2776E-02
       33660 -7.1465E+00  2.1465E+00  1.0000E-01  5.2686E-02
       33661 -7.1465E+00  2.1465E+00  0.0000E+00  5.2776E-02
       33664 -7.1627E+00  2.1310E+00  1.0000E-01  6.7593E-02
       33665 -7.1627E+00  2.1310E+00  0.0000E+00  6.7790E-02
       33668 -7.1797E+00  2.1163E+00  1.0000E-01  8.2671E-02
       33669 -7.1797E+00  2.1163E+00  0.0000E+00  8.3552E-02
       33672 -7.1971E+00  2.1022E+00  1.0000E-01  1.0099E-01
       33673 -7.1972E+00  2.1024E+00  0.0000E+00  1.0083E-01
       33676 -7.2153E+00  2.0891E+00  1.0000E-01  1.2043E-01
       33677 -7.2154E+00  2.0891E+00  0.0000E+00  1.1944E-01
       33680 -7.2340E+00  2.0767E+00  1.0000E-01  1.3995E-01
       33681 -7.2340E+00  2.0767E+00  0.0000E+00  1.4047E-01
       33684 -7.2533E+00  2.0652E+00  1.0000E-01  1.6019E-01
       33685 -7.2533E+00  2.0653E+00  0.0000E+00  1.6125E-01
       33688 -7.2730E+00  2.0546E+00  1.0000E-01  1.8044E-01
       33689 -7.2731E+00  2.0547E+00  0.0000E+00  1.8009E-01
       33692 -7.2933E+00  2.0448E+00  1.0000E-01  2.0076E-01
       33693 -7.2933E+00  2.0450E+00  0.0000E+00  1.9937E-01
       33696 -7.3139E+00  2.0360E+00  1.0000E-01  2.2039E-01
       33697 -7.3139E+00  2.0361E+00  0.0000E+00  2.2016E-01
       33700 -7.3349E+00  2.0281E+00  1.0000E-01  2.3905E-01
       33701 -7.3349E+00  2.0282E+00  0.0000E+00  2.3904E-01
       33704 -7.3562E+00  2.0212E+00  1.0000E-01  2.5655E-01
       33705 -7.3562E+00  2.0212E+00  0.0000E+00  2.5663E-01
       33708 -7.3779E+00  2.0152E+00  1.0000E-01  2.7284E-01
       33709 -7.3779E+00  2.0152E+00  3.4690E-17  2.7324E-01
       33712 -7.3997E+00  2.0102E+00  1.0000E-01  2.8630E-01
       33713 -7.3997E+00  2.0102E+00  0.0000E+00  2.8638E-01
       33716 -7.4218E+00  2.0063E+00  1.0000E-01  2.9698E-01
       33717 -7.4218E+00  2.0063E+00  6.9390E-18  2.9703E-01
       33720 -7.4440E+00  2.0033E+00  1.0000E-01  3.0544E-01
       33721 -7.4440E+00  2.0033E+00 -2.7800E-17  3.0547E-01
       33724 -7.4664E+00  2.0013E+00  1.0000E-01  3.1121E-01
       33725 -7.4664E+00  2.0013E+00  0.0000E+00  3.1123E-01
       33728 -7.4888E+00  2.0003E+00  1.0000E-01  3.1413E-01
       33729 -7.4888E+00  2.0003E+00  0.0000E+00  3.1414E-01
       33732 -7.5112E+00  2.0003E+00  1.0000E-01  3.1413E-01
       33733 -7.5112E+00  2.0003E+00  0.0000E+00  3.1414E-01
       33736 -7.5336E+00  2.0013E+00  1.0000E-01  3.1122E-01
       33737 -7.5336E+00  2.0013E+00  2.7760E-17  3.1123E-01
       33740 -7.5560E+00  2.0033E+00  1.0000E-01  3.0544E-01
       33741 -7.5560E+00  2.0033E+00  0.0000E+00  3.0546E-01
       33744 -7.5782E+00  2.0063E+00  1.0000E-01  2.9697E-01
       33745 -7.5782E+00  2.0063E+00  0.0000E+00  2.9702E-01
       33748 -7.6003E+00  2.0102E+00  1.0000E-01  2.8631E-01
       33749 -7.6003E+00  2.0102E+00  0.0000E+00  2.8640E-01
       33752 -7.6221E+00  2.0152E+00  1.0000E-01  2.7285E-01
       33753 -7.6221E+00  2.0152E+00  0.0000E+00  2.7325E-01
       33756 -7.6438E+00  2.0212E+00  1.0000E-01  2.5654E-01
       33757 -7.6438E+00  2.0212E+00  1.7350E-17  2.5662E-01
       33760 -7.6651E+00  2.0281E+00  1.0000E-01  2.3905E-01
       33761 -7.6651E+00  2.0282E+00  0.0000E+00  2.3903E-01
       33764 -7.6861E+00  2.0360E+00  1.0000E-01  2.2039E-01
       33765 -7.6861E+00  2.0361E+00  0.0000E+00  2.2016E-01
       33768 -7.7067E+00  2.0448E+00  1.0000E-01  2.0076E-01
       33769 -7.7067E+00  2.0450E+00  0.0000E+00  1.9937E-01
       33772 -7.7270E+00  2.0546E+00  1.0000E-01  1.8044E-01
       33773 -7.7269E+00  2.0547E+00  0.0000E+00  1.8009E-01
       33776 -7.7467E+00  2.0652E+00  1.0000E-01  1.6019E-01
       33777 -7.7467E+00  2.0653E+00  0.0000E+00  1.6125E-01
       33780 -7.7660E+00  2.0767E+00  1.0000E-01  1.3995E-01
       33781 -7.7660E+00  2.0767E+00  0.0000E+00  1.4047E-01
       33784 -7.7847E+00  2.0891E+00  1.0000E-01  1.2043E-01
       33785 -7.7846E+00  2.0891E+00  0.0000E+00  1.1944E-01
       33788 -7.8029E+00  2.1022E+00  1.0000E-01  1.0099E-01
       33789 -7.8028E+00  2.1024E+00  0.0000E+00  1.0083E-01
       33792 -7.8203E+00  2.1163E+00  1.0000E-01  8.2670E-02
       33793 -7.8203E+00  2.1163E+00  1.3880E-17  8.3551E-02
       33796 -7.8373E+00  2.1310E+00  1.0000E-01  6.7593E-02
       33797 -7.8373E+00  2.1310E+00  1.1240E-21  6.7790E-02
       37160 -7.1465E+00  2.1465E+00  2.0000E-01  5.2667E-02
       37162 -7.1627E+00  2.1310E+00  2.0000E-01  6.7572E-02
       37164 -7.1797E+00  2.1163E+00  2.0000E-01  8.2662E-02
       37166 -7.1971E+00  2.1022E+00  2.0000E-01  1.0101E-01
       37168 -7.2153E+00  2.0891E+00  2.0000E-01  1.2046E-01
       37170 -7.2340E+00  2.0767E+00  2.0000E-01  1.3995E-01
       37172 -7.2533E+00  2.0652E+00  2.0000E-01  1.6020E-01
       37174 -7.2730E+00  2.0546E+00  2.0000E-01  1.8051E-01
       37176 -7.2933E+00  2.0448E+00  2.0000E-01  2.0084E-01
       37178 -7.3139E+00  2.0360E+00  2.0000E-01  2.2044E-01
       37180 -7.3349E+00  2.0281E+00  2.0000E-01  2.3905E-01
       37182 -7.3562E+00  2.0212E+00  2.0000E-01  2.5652E-01
       37184 -7.3779E+00  2.0152E+00  2.0000E-01  2.7280E-01
       37186 -7.3997E+00  2.0102E+00  2.0000E-01  2.8626E-01
       37188 -7.4218E+00  2.0063E+00  2.0000E-01  2.9696E-01
       37190 -7.4440E+00  2.0033E+00  2.0000E-01  3.0543E-01
       37192 -7.4664E+00  2.0013E+00  2.0000E-01  3.1120E-01
       37194 -7.4888E+00  2.0003E+00  2.0000E-01  3.1412E-01
       37196 -7.5112E+00  2.0003E+00  2.0000E-01  3.1412E-01
       37198 -7.5336E+00  2.0013E+00  2.0000E-01  3.1120E-01
       37200 -7.5560E+00  2.0033E+00  2.0000E-01  3.0542E-01
       37202 -7.5782E+00  2.0063E+00  2.0000E-01  2.9695E-01
       37204 -7.6003E+00  2.0102E+00  2.0000E-01  2.8628E-01
       37206 -7.6221E+00  2.0152E+00  2.0000E-01  2.7281E-01
       37208 -7.6438E+00  2.0212E+00  2.0000E-01  2.5651E-01
       37210 -7.6651E+00  2.0281E+00  2.0000E-01  2.3905E-01
       37212 -7.6861E+00  2.0360E+00  2.0000E-01  2.2044E-01
       37214 -7.7067E+00  2.0448E+00  2.0000E-01  2.0084E-01
       37216 -7.7270E+00  2.0546E+00  2.0000E-01  1.8051E-01
       37218 -7.7467E+00  2.0652E+00  2.0000E-01  1.6021E-01
       37220 -7.7660E+00  2.0767E+00  2.0000E-01  1.3995E-01
       37222 -7.7847E+00  2.0891E+00  2.0000E-01  1.2045E-01
       37224 -7.8029E+00  2.1022E+00  2.0000E-01  1.0101E-01
       37226 -7.8203E+00  2.1163E+00  2.0000E-01  8.2661E-02
       37228 -7.8373E+00  2.1310E+00  2.0000E-01  6.7572E-02
       38910 -7.1465E+00  2.1465E+00  3.0000E-01  5.2669E-02
       38912 -7.1627E+00  2.1310E+00  3.0000E-01  6.7575E-02
       38914 -7.1797E+00  2.1163E+00  3.0000E-01  8.2665E-02
       38916 -7.1971E+00  2.1022E+00  3.0000E-01  1.0101E-01
       38918 -7.2153E+00  2.0891E+00  3.0000E-01  1.2046E-01
       38920 -7.2340E+00  2.0767E+00  3.0000E-01  1.3996E-01
       38922 -7.2533E+00  2.0652E+00  3.0000E-01  1.6021E-01
       38924 -7.2730E+00  2.0546E+00  3.0000E-01  1.8051E-01
       38926 -7.2933E+00  2.0448E+00  3.0000E-01  2.0084E-01
       38928 -7.3139E+00  2.0360E+00  3.0000E-01  2.2044E-01
       38930 -7.3349E+00  2.0281E+00  3.0000E-01  2.3906E-01
       38932 -7.3562E+00  2.0212E+00  3.0000E-01  2.5653E-01
       38934 -7.3779E+00  2.0152E+00  3.0000E-01  2.7281E-01
       38936 -7.3997E+00  2.0102E+00  3.0000E-01  2.8626E-01
       38938 -7.4218E+00  2.0063E+00  3.0000E-01  2.9696E-01
       38940 -7.4440E+00  2.0033E+00  3.0000E-01  3.0542E-01
       38942 -7.4664E+00  2.0013E+00  3.0000E-01  3.1120E-01
       38944 -7.4888E+00  2.0003E+00  3.0000E-01  3.1411E-01
       38946 -7.5112E+00  2.0003E+00  3.0000E-01  3.1411E-01
       38948 -7.5336E+00  2.0013E+00  3.0000E-01  3.1120E-01
       38950 -7.5560E+00  2.0033E+00  3.0000E-01  3.0541E-01
       38952 -7.5782E+00  2.0063E+00  3.0000E-01  2.9694E-01
       38954 -7.6003E+00  2.0102E+00  3.0000E-01  2.8628E-01
       38956 -7.6221E+00  2.0152E+00  3.0000E-01  2.7282E-01
       38958 -7.6438E+00  2.0212E+00  3.0000E-01  2.5652E-01
       38960 -7.6651E+00  2.0281E+00  3.0000E-01  2.3906E-01
       38962 -7.6861E+00  2.0360E+00  3.0000E-01  2.2044E-01
       38964 -7.7067E+00  2.0448E+00  3.0000E-01  2.0084E-01
       38966 -7.7270E+00  2.0546E+00  3.0000E-01  1.8051E-01
       38968 -7.7467E+00  2.0652E+00  3.0000E-01  1.6022E-01
       38970 -7.7660E+00  2.0767E+00  3.0000E-01  1.3996E-01
       38972 -7.7847E+00  2.0891E+00  3.0000E-01  1.2045E-01
       38974 -7.8029E+00  2.1022E+00  3.0000E-01  1.0101E-01
       38976 -7.8203E+00  2.1163E+00  3.0000E-01  8.2664E-02
       38978 -7.8373E+00  2.1310E+00  3.0000E-01  6.7575E-02
       40660 -7.1465E+00  2.1465E+00  4.0000E-01  5.2669E-02
       40662 -7.1627E+00  2.1310E+00  4.0000E-01  6.7575E-02
       40664 -7.1797E+00  2.1163E+00  4.0000E-01  8.2665E-02
       40666 -7.1971E+00  2.1022E+00  4.0000E-01  1.0101E-01
       40668 -7.2153E+00  2.0891E+00  4.0000E-01  1.2046E-01
       40670 -7.2340E+00  2.0767E+00  4.0000E-01  1.3996E-01
       40672 -7.2533E+00  2.0652E+00  4.0000E-01  1.6021E-01
       40674 -7.2730E+00  2.0546E+00  4.0000E-01  1.8051E-01
       40676 -7.2933E+00  2.0448E+00  4.0000E-01  2.0084E-01
       40678 -7.3139E+00  2.0360E+00  4.0000E-01  2.2044E-01
       40680 -7.3349E+00  2.0281E+00  4.0000E-01  2.3906E-01
       40682 -7.3562E+00  2.0212E+00  4.0000E-01  2.5653E-01
       40684 -7.3779E+00  2.0152E+00  4.0000E-01  2.7281E-01
       40686 -7.3997E+00  2.0102E+00  4.0000E-01  2.8626E-01
       40688 -7.4218E+00  2.0063E+00  4.0000E-01  2.9696E-01
       40690 -7.4440E+00  2.0033E+00  4.0000E-01  3.0542E-01
       40692 -7.4664E+00  2.0013E+00  4.0000E-01  3.1119E-01
       40694 -7.4888E+00  2.0003E+00  4.0000E-01  3.1411E-01
       40696 -7.5112E+00  2.0003E+00  4.0000E-01  3.1411E-01
       40698 -7.5336E+00  2.0013E+00  4.0000E-01  3.1120E-01
       40700 -7.5560E+00  2.0033E+00  4.0000E-01  3.0541E-01
       40702 -7.5782E+00  2.0063E+00  4.0000E-01  2.9694E-01
       40704 -7.6003E+00  2.0102E+00  4.0000E-01  2.8628E-01
       40706 -7.6221E+00  2.0152E+00  4.0000E-01  2.7282E-01
       40708 -7.6438E+00  2.0212E+00  4.0000E-01  2.5652E-01
       40710 -7.6651E+00  2.0281E+00  4.0000E-01  2.3906E-01
       40712 -7.6861E+00  2.0360E+00  4.0000E-01  2.2044E-01
       40714 -7.7067E+00  2.0448E+00  4.0000E-01  2.0084E-01
       40716 -7.7270E+00  2.0546E+00  4.0000E-01  1.8051E-01
       40718 -7.7467E+00  2.0652E+00  4.0000E-01  1.6022E-01
       40720 -7.7660E+00  2.0767E+00  4.0000E-01  1.3996E-01
       40722 -7.7847E+00  2.0891E+00  4.0000E-01  1.2045E-01
       40724 -7.8029E+00  2.1022E+00  4.0000E-01  1.0101E-01
       40726 -7.8203E+00  2.1163E+00  4.0000E-01  8.2664E-02
       40728 -7.8373E+00  2.1310E+00  4.0000E-01  6.7575E-02
       42410 -7.1465E+00  2.1465E+00  5.0000E-01  5.2668E-02
       42412 -7.1627E+00  2.1310E+00  5.0000E-01  6.7575E-02
       42414 -7.1797E+00  2.1163E+00  5.0000E-01  8.2665E-02
       42416 -7.1971E+00  2.1022E+00  5.0000E-01  1.0101E-01
       42418 -7.2153E+00  2.0891E+00  5.0000E-01  1.2046E-01
       42420 -7.2340E+00  2.0767E+00  5.0000E-01  1.3996E-01
       42422 -7.2533E+00  2.0652E+00  5.0000E-01  1.6021E-01
       42424 -7.2730E+00  2.0546E+00  5.0000E-01  1.8051E-01
       42426 -7.2933E+00  2.0448E+00  5.0000E-01  2.0084E-01
       42428 -7.3139E+00  2.0360E+00  5.0000E-01  2.2044E-01
       42430 -7.3349E+00  2.0281E+00  5.0000E-01  2.3906E-01
       42432 -7.3562E+00  2.0212E+00  5.0000E-01  2.5653E-01
       42434 -7.3779E+00  2.0152E+00  5.0000E-01  2.7281E-01
       42436 -7.3997E+00  2.0102E+00  5.0000E-01  2.8626E-01
       42438 -7.4218E+00  2.0063E+00  5.0000E-01  2.9696E-01
       42440 -7.4440E+00  2.0033E+00  5.0000E-01  3.0542E-01
       42442 -7.4664E+00  2.0013E+00  5.0000E-01  3.1119E-01
       42444 -7.4888E+00  2.0003E+00  5.0000E-01  3.1411E-01
       42446 -7.5112E+00  2.0003E+00  5.0000E-01  3.1411E-01
       42448 -7.5336E+00  2.0013E+00  5.0000E-01  3.1120E-01
       42450 -7.5560E+00  2.0033E+00  5.0000E-01  3.0541E-01
       42452 -7.5782E+00  2.0063E+00  5.0000E-01  2.9694E-01
       42454 -7.6003E+00  2.0102E+00  5.0000E-01  2.8628E-01
       42456 -7.6221E+00  2.0152E+00  5.0000E-01  2.7282E-01
       42458 -7.6438E+00  2.0212E+00  5.0000E-01  2.5652E-01
       42460 -7.6651E+00  2.0281E+00  5.0000E-01  2.3906E-01
       42462 -7.6861E+00  2.0360E+00  5.0000E-01  2.2044E-01
       42464 -7.7067E+00  2.0448E+00  5.0000E-01  2.0084E-01
       42466 -7.7270E+00  2.0546E+00  5.0000E-01  1.8051E-01
       42468 -7.7467E+00  2.0652E+00  5.0000E-01  1.6022E-01
       42470 -7.7660E+00  2.0767E+00  5.0000E-01  1.3996E-01
       42472 -7.7847E+00  2.0891E+00  5.0000E-01  1.2045E-01
       42474 -7.8029E+00  2.1022E+00  5.0000E-01  1.0101E-01
       42476 -7.8203E+00  2.1163E+00  5.0000E-01  8.2664E-02
       42478 -7.8373E+00  2.1310E+00  5.0000E-01  6.7575E-02
       44160 -7.1465E+00  2.1465E+00  6.0000E-01  5.2668E-02
       44162 -7.1627E+00  2.1310E+00  6.0000E-01  6.7575E-02
       44164 -7.1797E+00  2.1163E+00  6.0000E-01  8.2665E-02
       44166 -7.1971E+00  2.1022E+00  6.0000E-01  1.0101E-01
       44168 -7.2153E+00  2.0891E+00  6.0000E-01  1.2046E-01
       44170 -7.2340E+00  2.0767E+00  6.0000E-01  1.3996E-01
       44172 -7.2533E+00  2.0652E+00  6.0000E-01  1.6021E-01
       44174 -7.2730E+00  2.0546E+00  6.0000E-01  1.8051E-01
       44176 -7.2933E+00  2.0448E+00  6.0000E-01  2.0084E-01
       44178 -7.3139E+00  2.0360E+00  6.0000E-01  2.2044E-01
       44180 -7.3349E+00  2.0281E+00  6.0000E-01  2.3906E-01
       44182 -7.3562E+00  2.0212E+00  6.0000E-01  2.5653E-01
       44184 -7.3779E+00  2.0152E+00  6.0000E-01  2.7281E-01
       44186 -7.3997E+00  2.0102E+00  6.0000E-01  2.8626E-01
       44188 -7.4218E+00  2.0063E+00  6.0000E-01  2.9696E-01
       44190 -7.4440E+00  2.0033E+00  6.0000E-01  3.0542E-01
       44192 -7.4664E+00  2.0013E+00  6.0000E-01  3.1119E-01
       44194 -7.4888E+00  2.0003E+00  6.0000E-01  3.1411E-01
       44196 -7.5112E+00  2.0003E+00  6.0000E-01  3.1411E-01
       44198 -7.5336E+00  2.0013E+00  6.0000E-01  3.1120E-01
       44200 -7.5560E+00  2.0033E+00  6.0000E-01  3.0541E-01
       44202 -7.5782E+00  2.0063E+00  6.0000E-01  2.9694E-01
       44204 -7.6003E+00  2.0102E+00  6.0000E-01  2.8628E-01
       44206 -7.6221E+00  2.0152E+00  6.0000E-01  2.7282E-01
       44208 -7.6438E+00  2.0212E+00  6.0000E-01  2.5652E-01
       44210 -7.6651E+00  2.0281E+00  6.0000E-01  2.3906E-01
       44212 -7.6861E+00  2.0360E+00  6.0000E-01  2.2044E-01
       44214 -7.7067E+00  2.0448E+00  6.0000E-01  2.0084E-01
       44216 -7.7270E+00  2.0546E+00  6.0000E-01  1.8051E-01
       44218 -7.7467E+00  2.0652E+00  6.0000E-01  1.6022E-01
       44220 -7.7660E+00  2.0767E+00  6.0000E-01  1.3996E-01
       44222 -7.7847E+00  2.0891E+00  6.0000E-01  1.2045E-01
       44224 -7.8029E+00  2.1022E+00  6.0000E-01  1.0101E-01
       44226 -7.8203E+00  2.1163E+00  6.0000E-01  8.2664E-02
       44228 -7.8373E+00  2.1310E+00  6.0000E-01  6.7575E-02
       45910 -7.1465E+00  2.1465E+00  7.0000E-01  5.2668E-02
       45912 -7.1627E+00  2.1310E+00  7.0000E-01  6.7575E-02
       45914 -7.1797E+00  2.1163E+00  7.0000E-01  8.2665E-02
       45916 -7.1971E+00  2.1022E+00  7.0000E-01  1.0101E-01
       45918 -7.2153E+00  2.0891E+00  7.0000E-01  1.2046E-01
       45920 -7.2340E+00  2.0767E+00  7.0000E-01  1.3996E-01
       45922 -7.2533E+00  2.0652E+00  7.0000E-01  1.6021E-01
       45924 -7.2730E+00  2.0546E+00  7.0000E-01  1.8051E-01
       45926 -7.2933E+00  2.0448E+00  7.0000E-01  2.0084E-01
       45928 -7.3139E+00  2.0360E+00  7.0000E-01  2.2044E-01
       45930 -7.3349E+00  2.0281E+00  7.0000E-01  2.3906E-01
       45932 -7.3562E+00  2.0212E+00  7.0000E-01  2.5653E-01
       45934 -7.3779E+00  2.0152E+00  7.0000E-01  2.7281E-01
       45936 -7.3997E+00  2.0102E+00  7.0000E-01  2.8626E-01
       45938 -7.4218E+00  2.0063E+00  7.0000E-01  2.9696E-01
       45940 -7.4440E+00  2.0033E+00  7.0000E-01  3.0542E-01
       45942 -7.4664E+00  2.0013E+00  7.0000E-01  3.1120E-01
       45944 -7.4888E+00  2.0003E+00  7.0000E-01  3.1411E-01
       45946 -7.5112E+00  2.0003E+00  7.0000E-01  3.1411E-01
       45948 -7.5336E+00  2.0013E+00  7.0000E-01  3.1120E-01
       45950 -7.5560E+00  2.0033E+00  7.0000E-01  3.0541E-01
       45952 -7.5782E+00  2.0063E+00  7.0000E-01  2.9694E-01
       45954 -7.6003E+00  2.0102E+00  7.0000E-01  2.8628E-01
       45956 -7.6221E+00  2.0152E+00  7.0000E-01  2.7282E-01
       45958 -7.6438E+00  2.0212E+00  7.0000E-01  2.5652E-01
       45960 -7.6651E+00  2.0281E+00  7.0000E-01  2.3906E-01
       45962 -7.6861E+00  2.0360E+00  7.0000E-01  2.2044E-01
       45964 -7.7067E+00  2.0448E+00  7.0000E-01  2.0084E-01
       45966 -7.7270E+00  2.0546E+00  7.0000E-01  1.8051E-01
       45968 -7.7467E+00  2.0652E+00  7.0000E-01  1.6022E-01
       45970 -7.7660E+00  2.0767E+00  7.0000E-01  1.3996E-01
       45972 -7.7847E+00  2.0891E+00  7.0000E-01  1.2045E-01
       45974 -7.8029E+00  2.1022E+00  7.0000E-01  1.0101E-01
       45976 -7.8203E+00  2.1163E+00  7.0000E-01  8.2664E-02
       45978 -7.8373E+00  2.1310E+00  7.0000E-01  6.7575E-02
       47660 -7.1465E+00  2.1465E+00  8.0000E-01  5.2666E-02
       47662 -7.1627E+00  2.1310E+00  8.0000E-01  6.7572E-02
       47664 -7.1797E+00  2.1163E+00  8.0000E-01  8.2662E-02
       47666 -7.1971E+00  2.1022E+00  8.0000E-01  1.0101E-01
       47668 -7.2153E+00  2.0891E+00  8.0000E-01  1.2046E-01
       47670 -7.2340E+00  2.0767E+00  8.0000E-01  1.3995E-01
       47672 -7.2533E+00  2.0652E+00  8.0000E-01  1.6020E-01
       47674 -7.2730E+00  2.0546E+00  8.0000E-01  1.8051E-01
       47676 -7.2933E+00  2.0448E+00  8.0000E-01  2.0084E-01
       47678 -7.3139E+00  2.0360E+00  8.0000E-01  2.2044E-01
       47680 -7.3349E+00  2.0281E+00  8.0000E-01  2.3905E-01
       47682 -7.3562E+00  2.0212E+00  8.0000E-01  2.5652E-01
       47684 -7.3779E+00  2.0152E+00  8.0000E-01  2.7280E-01
       47686 -7.3997E+00  2.0102E+00  8.0000E-01  2.8626E-01
       47688 -7.4218E+00  2.0063E+00  8.0000E-01  2.9696E-01
       47690 -7.4440E+00  2.0033E+00  8.0000E-01  3.0543E-01
       47692 -7.4664E+00  2.0013E+00  8.0000E-01  3.1120E-01
       47694 -7.4888E+00  2.0003E+00  8.0000E-01  3.1412E-01
       47696 -7.5112E+00  2.0003E+00  8.0000E-01  3.1412E-01
       47698 -7.5336E+00  2.0013E+00  8.0000E-01  3.1120E-01
       47700 -7.5560E+00  2.0033E+00  8.0000E-01  3.0542E-01
       47702 -7.5782E+00  2.0063E+00  8.0000E-01  2.9695E-01
       47704 -7.6003E+00  2.0102E+00  8.0000E-01  2.8628E-01
       47706 -7.6221E+00  2.0152E+00  8.0000E-01  2.7281E-01
       47708 -7.6438E+00  2.0212E+00  8.0000E-01  2.5651E-01
       47710 -7.6651E+00  2.0281E+00  8.0000E-01  2.3905E-01
       47712 -7.6861E+00  2.0360E+00  8.0000E-01  2.2044E-01
       47714 -7.7067E+00  2.0448E+00  8.0000E-01  2.0084E-01
       47716 -7.7270E+00  2.0546E+00  8.0000E-01  1.8051E-01
       47718 -7.7467E+00  2.0652E+00  8.0000E-01  1.6021E-01
       47720 -7.7660E+00  2.0767E+00  8.0000E-01  1.3995E-01
       47722 -7.7847E+00  2.0891E+00  8.0000E-01  1.2045E-01
       47724 -7.8029E+00  2.1022E+00  8.0000E-01  1.0101E-01
       47726 -7.8203E+00  2.1163E+00  8.0000E-01  8.2661E-02
       47728 -7.8373E+00  2.1310E+00  8.0000E-01  6.7572E-02
       49410 -7.1465E+00  2.1465E+00  9.0000E-01  5.2686E-02
       49412 -7.1627E+00  2.1310E+00  9.0000E-01  6.7593E-02
       49414 -7.1797E+00  2.1163E+00  9.0000E-01  8.2671E-02
       49416 -7.1971E+00  2.1022E+00  9.0000E-01  1.0099E-01
       49418 -7.2153E+00  2.0891E+00  9.0000E-01  1.2043E-01
       49420 -7.2340E+00  2.0767E+00  9.0000E-01  1.3995E-01
       49422 -7.2533E+00  2.0652E+00  9.0000E-01  1.6019E-01
       49424 -7.2730E+00  2.0546E+00  9.0000E-01  1.8044E-01
       49426 -7.2933E+00  2.0448E+00  9.0000E-01  2.0076E-01
       49428 -7.3139E+00  2.0360E+00  9.0000E-01  2.2039E-01
       49430 -7.3349E+00  2.0281E+00  9.0000E-01  2.3905E-01
       49432 -7.3562E+00  2.0212E+00  9.0000E-01  2.5655E-01
       49434 -7.3779E+00  2.0152E+00  9.0000E-01  2.7284E-01
       49436 -7.3997E+00  2.0102E+00  9.0000E-01  2.8630E-01
       49438 -7.4218E+00  2.0063E+00  9.0000E-01  2.9698E-01
       49440 -7.4440E+00  2.0033E+00  9.0000E-01  3.0544E-01
       49442 -7.4664E+00  2.0013E+00  9.0000E-01  3.1121E-01
       49444 -7.4888E+00  2.0003E+00  9.0000E-01  3.1413E-01
       49446 -7.5112E+00  2.0003E+00  9.0000E-01  3.1413E-01
       49448 -7.5336E+00  2.0013E+00  9.0000E-01  3.1122E-01
       49450 -7.5560E+00  2.0033E+00  9.0000E-01  3.0544E-01
       49452 -7.5782E+00  2.0063E+00  9.0000E-01  2.9697E-01
       49454 -7.6003E+00  2.0102E+00  9.0000E-01  2.8631E-01
       49456 -7.6221E+00  2.0152E+00  9.0000E-01  2.7285E-01
       49458 -7.6438E+00  2.0212E+00  9.0000E-01  2.5654E-01
       49460 -7.6651E+00  2.0281E+00  9.0000E-01  2.3905E-01
       49462 -7.6861E+00  2.0360E+00  9.0000E-01  2.2039E-01
       49464 -7.7067E+00  2.0448E+00  9.0000E-01  2.0076E-01
       49466 -7.7270E+00  2.0546E+00  9.0000E-01  1.8044E-01
       49468 -7.7467E+00  2.0652E+00  9.0000E-01  1.6019E-01
       49470 -7.7660E+00  2.0767E+00  9.0000E-01  1.3995E-01
       49472 -7.7847E+00  2.0891E+00  9.0000E-01  1.2043E-01
       49474 -7.8029E+00  2.1022E+00  9.0000E-01  1.0099E-01
       49476 -7.8203E+00  2.1163E+00  9.0000E-01  8.2670E-02
       49478 -7.8373E+00  2.1310E+00  9.0000E-01  6.7593E-02
       51160 -7.1465E+00  2.1465E+00  1.0000E+00  5.2776E-02
       51162 -7.1627E+00  2.1310E+00  1.0000E+00  6.7790E-02
       51164 -7.1797E+00  2.1163E+00  1.0000E+00  8.3551E-02
       51166 -7.1972E+00  2.1024E+00  1.0000E+00  1.0083E-01
       51168 -7.2154E+00  2.0891E+00  1.0000E+00  1.1944E-01
       51170 -7.2340E+00  2.0767E+00  1.0000E+00  1.4047E-01
       51172 -7.2533E+00  2.0653E+00  1.0000E+00  1.6125E-01
       51174 -7.2731E+00  2.0547E+00  1.0000E+00  1.8009E-01
       51176 -7.2933E+00  2.0450E+00  1.0000E+00  1.9937E-01
       51178 -7.3139E+00  2.0361E+00  1.0000E+00  2.2017E-01
       51180 -7.3349E+00  2.0282E+00  1.0000E+00  2.3903E-01
       51182 -7.3562E+00  2.0212E+00  1.0000E+00  2.5662E-01
       51184 -7.3779E+00  2.0152E+00  1.0000E+00  2.7324E-01
       51186 -7.3997E+00  2.0102E+00  1.0000E+00  2.8638E-01
       51188 -7.4218E+00  2.0063E+00  1.0000E+00  2.9703E-01
       51190 -7.4440E+00  2.0033E+00  1.0000E+00  3.0547E-01
       51192 -7.4664E+00  2.0013E+00  1.0000E+00  3.1123E-01
       51194 -7.4888E+00  2.0003E+00  1.0000E+00  3.1414E-01
       51196 -7.5112E+00  2.0003E+00  1.0000E+00  3.1414E-01
       51198 -7.5336E+00  2.0013E+00  1.0000E+00  3.1123E-01
       51200 -7.5560E+00  2.0033E+00  1.0000E+00  3.0546E-01
       51202 -7.5782E+00  2.0063E+00  1.0000E+00  2.9701E-01
       51204 -7.6003E+00  2.0102E+00  1.0000E+00  2.8639E-01
       51206 -7.6221E+00  2.0152E+00  1.0000E+00  2.7325E-01
       51208 -7.6438E+00  2.0212E+00  1.0000E+00  2.5663E-01
       51210 -7.6651E+00  2.0282E+00  1.0000E+00  2.3903E-01
       51212 -7.6861E+00  2.0361E+00  1.0000E+00  2.2016E-01
       51214 -7.7067E+00  2.0450E+00  1.0000E+00  1.9937E-01
       51216 -7.7269E+00  2.0547E+00  1.0000E+00  1.8009E-01
       51218 -7.7467E+00  2.0653E+00  1.0000E+00  1.6125E-01
       51220 -7.7660E+00  2.0767E+00  1.0000E+00  1.4047E-01
       51222 -7.7846E+00  2.0891E+00  1.0000E+00  1.1944E-01
       51224 -7.8028E+00  2.1024E+00  1.0000E+00  1.0083E-01
       51226 -7.8203E+00  2.1163E+00  1.0000E+00  8.3551E-02
       51228 -7.8373E+00  2.1310E+00  1.0000E+00  6.7790E-02
       67155 -7.1310E+00  2.1627E+00  6.9390E-18  3.8787E-02
       67156 -7.1310E+00  2.1627E+00  1.0000E-01  3.8655E-02
       67253 -7.1310E+00  2.1627E+00  2.0000E-01  3.8644E-02
       67302 -7.1310E+00  2.1627E+00  3.0000E-01  3.8644E-02
       67351 -7.1310E+00  2.1627E+00  4.0000E-01  3.8644E-02
       67400 -7.1310E+00  2.1627E+00  5.0000E-01  3.8640E-02
       67449 -7.1310E+00  2.1627E+00  6.0000E-01  3.8640E-02
       67498 -7.1310E+00  2.1627E+00  7.0000E-01  3.8640E-02
       67547 -7.1310E+00  2.1627E+00  8.0000E-01  3.8639E-02
       67596 -7.1310E+00  2.1627E+00  9.0000E-01  3.8651E-02
       67645 -7.1310E+00  2.1627E+00  1.0000E+00  3.8787E-02
       67694 -7.1163E+00  2.1797E+00  0.0000E+00  2.7309E-02
       67695 -7.1163E+00  2.1797E+00  1.0000E-01  2.7508E-02
       67792 -7.1163E+00  2.1797E+00  2.0000E-01  2.7506E-02
       67841 -7.1163E+00  2.1797E+00  3.0000E-01  2.7505E-02
       67890 -7.1163E+00  2.1797E+00  4.0000E-01  2.7505E-02
       67939 -7.1163E+00  2.1797E+00  5.0000E-01  2.7515E-02
       67988 -7.1163E+00  2.1797E+00  6.0000E-01  2.7514E-02
       68037 -7.1163E+00  2.1797E+00  7.0000E-01  2.7516E-02
       68086 -7.1163E+00  2.1797E+00  8.0000E-01  2.7517E-02
       68135 -7.1163E+00  2.1797E+00  9.0000E-01  2.7518E-02
       68184 -7.1163E+00  2.1797E+00  1.0000E+00  2.7310E-02
       68233 -7.1024E+00  2.1972E+00  0.0000E+00  1.7750E-02
       68234 -7.1022E+00  2.1971E+00  1.0000E-01  1.8066E-02
       68331 -7.1022E+00  2.1971E+00  2.0000E-01  1.8070E-02
       68380 -7.1022E+00  2.1971E+00  3.0000E-01  1.8068E-02
       68429 -7.1022E+00  2.1971E+00  4.0000E-01  1.8068E-02
       68478 -7.1022E+00  2.1971E+00  5.0000E-01  1.8072E-02
       68527 -7.1022E+00  2.1971E+00  6.0000E-01  1.8073E-02
       68576 -7.1022E+00  2.1971E+00  7.0000E-01  1.8073E-02
       68625 -7.1022E+00  2.1971E+00  8.0000E-01  1.8076E-02
       68674 -7.1022E+00  2.1971E+00  9.0000E-01  1.8071E-02
       68723 -7.1024E+00  2.1972E+00  1.0000E+00  1.7750E-02
       68772 -7.0891E+00  2.2154E+00  0.0000E+00  9.9645E-03
       68773 -7.0891E+00  2.2153E+00  1.0000E-01  9.8952E-03
       68870 -7.0891E+00  2.2153E+00  2.0000E-01  9.8974E-03
       68919 -7.0891E+00  2.2153E+00  3.0000E-01  9.8963E-03
       68968 -7.0891E+00  2.2153E+00  4.0000E-01  9.8961E-03
       69017 -7.0891E+00  2.2153E+00  5.0000E-01  9.8894E-03
       69066 -7.0891E+00  2.2153E+00  6.0000E-01  9.8897E-03
       69115 -7.0891E+00  2.2153E+00  7.0000E-01  9.8891E-03
       69164 -7.0891E+00  2.2153E+00  8.0000E-01  9.8903E-03
       69213 -7.0891E+00  2.2153E+00  9.0000E-01  9.8881E-03
       69262 -7.0891E+00  2.2154E+00  1.0000E+00  9.9651E-03
       69311 -7.0767E+00  2.2340E+00  0.0000E+00  3.7496E-03
       69312 -7.0767E+00  2.2340E+00  1.0000E-01  3.7351E-03
       69409 -7.0767E+00  2.2340E+00  2.0000E-01  3.7350E-03
       69458 -7.0767E+00  2.2340E+00  3.0000E-01  3.7343E-03
       69507 -7.0767E+00  2.2340E+00  4.0000E-01  3.7341E-03
       69556 -7.0767E+00  2.2340E+00  5.0000E-01  3.7337E-03
       69605 -7.0767E+00  2.2340E+00  6.0000E-01  3.7337E-03
       69654 -7.0767E+00  2.2340E+00  7.0000E-01  3.7340E-03
       69703 -7.0767E+00  2.2340E+00  8.0000E-01  3.7346E-03
       69752 -7.0767E+00  2.2340E+00  9.0000E-01  3.7349E-03
       69801 -7.0767E+00  2.2340E+00  1.0000E+00  3.7492E-03
       69850 -7.0652E+00  2.2533E+00  0.0000E+00 -8.9626E-04
       69851 -7.0652E+00  2.2533E+00  1.0000E-01 -9.0501E-04
       69948 -7.0652E+00  2.2533E+00  2.0000E-01 -9.0751E-04
       69997 -7.0652E+00  2.2533E+00  3.0000E-01 -9.0779E-04
       70046 -7.0652E+00  2.2533E+00  4.0000E-01 -9.0803E-04
       70095 -7.0652E+00  2.2533E+00  5.0000E-01 -9.0848E-04
       70144 -7.0652E+00  2.2533E+00  6.0000E-01 -9.0845E-04
       70193 -7.0652E+00  2.2533E+00  7.0000E-01 -9.0826E-04
       70242 -7.0652E+00  2.2533E+00  8.0000E-01 -9.0797E-04
       70291 -7.0652E+00  2.2533E+00  9.0000E-01 -9.0532E-04
       70340 -7.0652E+00  2.2533E+00  1.0000E+00 -8.9596E-04
       70389 -7.0547E+00  2.2731E+00  0.0000E+00 -3.9882E-03
       70390 -7.0546E+00  2.2730E+00  1.0000E-01 -4.0404E-03
       70487 -7.0546E+00  2.2730E+00  2.0000E-01 -4.0448E-03
       70536 -7.0546E+00  2.2730E+00  3.0000E-01 -4.0447E-03
       70585 -7.0546E+00  2.2730E+00  4.0000E-01 -4.0449E-03
       70634 -7.0546E+00  2.2730E+00  5.0000E-01 -4.0451E-03
       70683 -7.0546E+00  2.2730E+00  6.0000E-01 -4.0451E-03
       70732 -7.0546E+00  2.2730E+00  7.0000E-01 -4.0449E-03
       70781 -7.0546E+00  2.2730E+00  8.0000E-01 -4.0450E-03
       70830 -7.0546E+00  2.2730E+00  9.0000E-01 -4.0405E-03
       70879 -7.0547E+00  2.2731E+00  1.0000E+00 -3.9841E-03
       70928 -7.0450E+00  2.2933E+00  0.0000E+00 -6.0012E-03
       70929 -7.0448E+00  2.2933E+00  1.0000E-01 -5.9151E-03
       71026 -7.0448E+00  2.2933E+00  2.0000E-01 -5.9188E-03
       71075 -7.0448E+00  2.2933E+00  3.0000E-01 -5.9187E-03
       71124 -7.0448E+00  2.2933E+00  4.0000E-01 -5.9189E-03
       71173 -7.0448E+00  2.2933E+00  5.0000E-01 -5.9189E-03
       71222 -7.0448E+00  2.2933E+00  6.0000E-01 -5.9189E-03
       71271 -7.0448E+00  2.2933E+00  7.0000E-01 -5.9187E-03
       71320 -7.0448E+00  2.2933E+00  8.0000E-01 -5.9188E-03
       71369 -7.0448E+00  2.2933E+00  9.0000E-01 -5.9151E-03
       71418 -7.0450E+00  2.2933E+00  1.0000E+00 -6.0099E-03
       71467 -7.0361E+00  2.3139E+00  0.0000E+00 -6.7802E-03
       71468 -7.0360E+00  2.3139E+00  1.0000E-01 -6.7278E-03
       71565 -7.0360E+00  2.3139E+00  2.0000E-01 -6.7298E-03
       71614 -7.0360E+00  2.3139E+00  3.0000E-01 -6.7298E-03
       71663 -7.0360E+00  2.3139E+00  4.0000E-01 -6.7299E-03
       71712 -7.0360E+00  2.3139E+00  5.0000E-01 -6.7300E-03
       71761 -7.0360E+00  2.3139E+00  6.0000E-01 -6.7300E-03
       71810 -7.0360E+00  2.3139E+00  7.0000E-01 -6.7299E-03
       71859 -7.0360E+00  2.3139E+00  8.0000E-01 -6.7298E-03
       71908 -7.0360E+00  2.3139E+00  9.0000E-01 -6.7278E-03
       71957 -7.0360E+00  2.3139E+00  1.0000E+00 -6.7847E-03
       72006 -7.0282E+00  2.3349E+00  0.0000E+00 -6.7306E-03
       72007 -7.0281E+00  2.3349E+00  1.0000E-01 -6.6863E-03
       72104 -7.0281E+00  2.3349E+00  2.0000E-01 -6.6872E-03
       72153 -7.0281E+00  2.3349E+00  3.0000E-01 -6.6874E-03
       72202 -7.0281E+00  2.3349E+00  4.0000E-01 -6.6874E-03
       72251 -7.0281E+00  2.3349E+00  5.0000E-01 -6.6874E-03
       72300 -7.0281E+00  2.3349E+00  6.0000E-01 -6.6874E-03
       72349 -7.0281E+00  2.3349E+00  7.0000E-01 -6.6874E-03
       72398 -7.0281E+00  2.3349E+00  8.0000E-01 -6.6872E-03
       72447 -7.0281E+00  2.3349E+00  9.0000E-01 -6.6865E-03
       72496 -7.0282E+00  2.3349E+00  1.0000E+00 -6.7199E-03
       72545 -7.0212E+00  2.3562E+00  0.0000E+00 -6.1738E-03
       72546 -7.0212E+00  2.3562E+00  1.0000E-01 -6.1003E-03
       72643 -7.0212E+00  2.3562E+00  2.0000E-01 -6.0957E-03
       72692 -7.0212E+00  2.3562E+00  3.0000E-01 -6.0959E-03
       72741 -7.0212E+00  2.3562E+00  4.0000E-01 -6.0960E-03
       72790 -7.0212E+00  2.3562E+00  5.0000E-01 -6.0960E-03
       72839 -7.0212E+00  2.3562E+00  6.0000E-01 -6.0960E-03
       72888 -7.0212E+00  2.3562E+00  7.0000E-01 -6.0960E-03
       72937 -7.0212E+00  2.3562E+00  8.0000E-01 -6.0957E-03
       72986 -7.0212E+00  2.3562E+00  9.0000E-01 -6.0961E-03
       73035 -7.0212E+00  2.3562E+00  1.0000E+00 -6.1705E-03
       73084 -7.0152E+00  2.3778E+00 -5.5500E-17 -4.9962E-03
       73085 -7.0152E+00  2.3778E+00  1.0000E-01 -4.9987E-03
       73182 -7.0152E+00  2.3778E+00  2.0000E-01 -5.0085E-03
       73231 -7.0152E+00  2.3778E+00  3.0000E-01 -5.0088E-03
       73280 -7.0152E+00  2.3778E+00  4.0000E-01 -5.0088E-03
       73329 -7.0152E+00  2.3778E+00  5.0000E-01 -5.0088E-03
       73378 -7.0152E+00  2.3778E+00  6.0000E-01 -5.0088E-03
       73427 -7.0152E+00  2.3778E+00  7.0000E-01 -5.0088E-03
       73476 -7.0152E+00  2.3778E+00  8.0000E-01 -5.0086E-03
       73525 -7.0152E+00  2.3778E+00  9.0000E-01 -5.0090E-03
       73574 -7.0152E+00  2.3778E+00  1.0000E+00 -5.0064E-03
       73623 -7.0102E+00  2.3997E+00  0.0000E+00 -3.6863E-03
       73624 -7.0102E+00  2.3997E+00  1.0000E-01 -3.6848E-03
       73721 -7.0102E+00  2.3997E+00  2.0000E-01 -3.6888E-03
       73770 -7.0102E+00  2.3997E+00  3.0000E-01 -3.6889E-03
       73819 -7.0102E+00  2.3997E+00  4.0000E-01 -3.6889E-03
       73868 -7.0102E+00  2.3997E+00  5.0000E-01 -3.6889E-03
       73917 -7.0102E+00  2.3997E+00  6.0000E-01 -3.6889E-03
       73966 -7.0102E+00  2.3997E+00  7.0000E-01 -3.6889E-03
       74015 -7.0102E+00  2.3997E+00  8.0000E-01 -3.6889E-03
       74064 -7.0102E+00  2.3997E+00  9.0000E-01 -3.6891E-03
       74113 -7.0102E+00  2.3997E+00  1.0000E+00 -3.6905E-03
       74162 -7.0063E+00  2.4218E+00  0.0000E+00 -2.4688E-03
       74163 -7.0063E+00  2.4218E+00  1.0000E-01 -2.4679E-03
       74260 -7.0063E+00  2.4218E+00  2.0000E-01 -2.4578E-03
       74309 -7.0063E+00  2.4218E+00  3.0000E-01 -2.4577E-03
       74358 -7.0063E+00  2.4218E+00  4.0000E-01 -2.4577E-03
       74407 -7.0063E+00  2.4218E+00  5.0000E-01 -2.4577E-03
       74456 -7.0063E+00  2.4218E+00  6.0000E-01 -2.4577E-03
       74505 -7.0063E+00  2.4218E+00  7.0000E-01 -2.4577E-03
       74554 -7.0063E+00  2.4218E+00  8.0000E-01 -2.4577E-03
       74603 -7.0063E+00  2.4218E+00  9.0000E-01 -2.4578E-03
       74652 -7.0063E+00  2.4218E+00  1.0000E+00 -2.4588E-03
       74701 -7.0033E+00  2.4440E+00  0.0000E+00 -1.4014E-03
       74702 -7.0033E+00  2.4440E+00  1.0000E-01 -1.4013E-03
       74799 -7.0033E+00  2.4440E+00  2.0000E-01 -1.4021E-03
       74848 -7.0033E+00  2.4440E+00  3.0000E-01 -1.4021E-03
       74897 -7.0033E+00  2.4440E+00  4.0000E-01 -1.4021E-03
       74946 -7.0033E+00  2.4440E+00  5.0000E-01 -1.4021E-03
       74995 -7.0033E+00  2.4440E+00  6.0000E-01 -1.4021E-03
       75044 -7.0033E+00  2.4440E+00  7.0000E-01 -1.4021E-03
       75093 -7.0033E+00  2.4440E+00  8.0000E-01 -1.4021E-03
       75142 -7.0033E+00  2.4440E+00  9.0000E-01 -1.4021E-03
       75191 -7.0033E+00  2.4440E+00  1.0000E+00 -1.4021E-03
       75240 -7.0013E+00  2.4664E+00  0.0000E+00 -6.1837E-04
       75241 -7.0013E+00  2.4664E+00  1.0000E-01 -6.1826E-04
       75338 -7.0013E+00  2.4664E+00  2.0000E-01 -6.1823E-04
       75387 -7.0013E+00  2.4664E+00  3.0000E-01 -6.1821E-04
       75436 -7.0013E+00  2.4664E+00  4.0000E-01 -6.1822E-04
       75485 -7.0013E+00  2.4664E+00  5.0000E-01 -6.1822E-04
       75534 -7.0013E+00  2.4664E+00  6.0000E-01 -6.1822E-04
       75583 -7.0013E+00  2.4664E+00  7.0000E-01 -6.1822E-04
       75632 -7.0013E+00  2.4664E+00  8.0000E-01 -6.1820E-04
       75681 -7.0013E+00  2.4664E+00  9.0000E-01 -6.1821E-04
       75730 -7.0013E+00  2.4664E+00  1.0000E+00 -6.1840E-04
       75779 -7.0003E+00  2.4888E+00  0.0000E+00 -2.0354E-04
       75780 -7.0003E+00  2.4888E+00  1.0000E-01 -2.0351E-04
       75877 -7.0003E+00  2.4888E+00  2.0000E-01 -2.0346E-04
       75926 -7.0003E+00  2.4888E+00  3.0000E-01 -2.0345E-04
       75975 -7.0003E+00  2.4888E+00  4.0000E-01 -2.0345E-04
       76024 -7.0003E+00  2.4888E+00  5.0000E-01 -2.0345E-04
       76073 -7.0003E+00  2.4888E+00  6.0000E-01 -2.0345E-04
       76122 -7.0003E+00  2.4888E+00  7.0000E-01 -2.0345E-04
       76171 -7.0003E+00  2.4888E+00  8.0000E-01 -2.0350E-04
       76220 -7.0003E+00  2.4888E+00  9.0000E-01 -2.0351E-04
       76269 -7.0003E+00  2.4888E+00  1.0000E+00 -2.0346E-04
       76318 -7.0003E+00  2.5112E+00 -2.7800E-17 -2.0404E-04
       76319 -7.0003E+00  2.5112E+00  1.0000E-01 -2.0401E-04
       76416 -7.0003E+00  2.5112E+00  2.0000E-01 -2.0397E-04
       76465 -7.0003E+00  2.5112E+00  3.0000E-01 -2.0396E-04
       76514 -7.0003E+00  2.5112E+00  4.0000E-01 -2.0397E-04
       76563 -7.0003E+00  2.5112E+00  5.0000E-01 -2.0397E-04
       76612 -7.0003E+00  2.5112E+00  6.0000E-01 -2.0397E-04
       76661 -7.0003E+00  2.5112E+00  7.0000E-01 -2.0397E-04
       76710 -7.0003E+00  2.5112E+00  8.0000E-01 -2.0390E-04
       76759 -7.0003E+00  2.5112E+00  9.0000E-01 -2.0391E-04
       76808 -7.0003E+00  2.5112E+00  1.0000E+00 -2.0398E-04
       76857 -7.0013E+00  2.5336E+00 -1.3900E-17 -6.1876E-04
       76858 -7.0013E+00  2.5336E+00  1.0000E-01 -6.1865E-04
       76955 -7.0013E+00  2.5336E+00  2.0000E-01 -6.1859E-04
       77004 -7.0013E+00  2.5336E+00  3.0000E-01 -6.1857E-04
       77053 -7.0013E+00  2.5336E+00  4.0000E-01 -6.1858E-04
       77102 -7.0013E+00  2.5336E+00  5.0000E-01 -6.1858E-04
       77151 -7.0013E+00  2.5336E+00  6.0000E-01 -6.1858E-04
       77200 -7.0013E+00  2.5336E+00  7.0000E-01 -6.1858E-04
       77249 -7.0013E+00  2.5336E+00  8.0000E-01 -6.1867E-04
       77298 -7.0013E+00  2.5336E+00  9.0000E-01 -6.1869E-04
       77347 -7.0013E+00  2.5336E+00  1.0000E+00 -6.1876E-04
       77396 -7.0033E+00  2.5560E+00  0.0000E+00 -1.4013E-03
       77397 -7.0033E+00  2.5560E+00  1.0000E-01 -1.4013E-03
       77494 -7.0033E+00  2.5560E+00  2.0000E-01 -1.4021E-03
       77543 -7.0033E+00  2.5560E+00  3.0000E-01 -1.4021E-03
       77592 -7.0033E+00  2.5560E+00  4.0000E-01 -1.4021E-03
       77641 -7.0033E+00  2.5560E+00  5.0000E-01 -1.4021E-03
       77690 -7.0033E+00  2.5560E+00  6.0000E-01 -1.4021E-03
       77739 -7.0033E+00  2.5560E+00  7.0000E-01 -1.4021E-03
       77788 -7.0033E+00  2.5560E+00  8.0000E-01 -1.4020E-03
       77837 -7.0033E+00  2.5560E+00  9.0000E-01 -1.4020E-03
       77886 -7.0033E+00  2.5560E+00  1.0000E+00 -1.4021E-03
       77935 -7.0063E+00  2.5782E+00  0.0000E+00 -2.4688E-03
       77936 -7.0063E+00  2.5782E+00  1.0000E-01 -2.4679E-03
       78033 -7.0063E+00  2.5782E+00  2.0000E-01 -2.4575E-03
       78082 -7.0063E+00  2.5782E+00  3.0000E-01 -2.4575E-03
       78131 -7.0063E+00  2.5782E+00  4.0000E-01 -2.4575E-03
       78180 -7.0063E+00  2.5782E+00  5.0000E-01 -2.4575E-03
       78229 -7.0063E+00  2.5782E+00  6.0000E-01 -2.4575E-03
       78278 -7.0063E+00  2.5782E+00  7.0000E-01 -2.4575E-03
       78327 -7.0063E+00  2.5782E+00  8.0000E-01 -2.4576E-03
       78376 -7.0063E+00  2.5782E+00  9.0000E-01 -2.4577E-03
       78425 -7.0063E+00  2.5782E+00  1.0000E+00 -2.4585E-03
       78474 -7.0102E+00  2.6003E+00 -1.3900E-17 -3.6862E-03
       78475 -7.0102E+00  2.6003E+00  1.0000E-01 -3.6848E-03
       78572 -7.0102E+00  2.6003E+00  2.0000E-01 -3.6887E-03
       78621 -7.0102E+00  2.6003E+00  3.0000E-01 -3.6889E-03
       78670 -7.0102E+00  2.6003E+00  4.0000E-01 -3.6888E-03
       78719 -7.0102E+00  2.6003E+00  5.0000E-01 -3.6889E-03
       78768 -7.0102E+00  2.6003E+00  6.0000E-01 -3.6889E-03
       78817 -7.0102E+00  2.6003E+00  7.0000E-01 -3.6888E-03
       78866 -7.0102E+00  2.6003E+00  8.0000E-01 -3.6888E-03
       78915 -7.0102E+00  2.6003E+00  9.0000E-01 -3.6889E-03
       78964 -7.0102E+00  2.6003E+00  1.0000E+00 -3.6904E-03
       79013 -7.0152E+00  2.6222E+00  0.0000E+00 -4.9961E-03
       79014 -7.0152E+00  2.6222E+00  1.0000E-01 -4.9986E-03
       79111 -7.0152E+00  2.6222E+00  2.0000E-01 -5.0088E-03
       79160 -7.0152E+00  2.6222E+00  3.0000E-01 -5.0090E-03
       79209 -7.0152E+00  2.6222E+00  4.0000E-01 -5.0090E-03
       79258 -7.0152E+00  2.6222E+00  5.0000E-01 -5.0090E-03
       79307 -7.0152E+00  2.6222E+00  6.0000E-01 -5.0090E-03
       79356 -7.0152E+00  2.6222E+00  7.0000E-01 -5.0090E-03
       79405 -7.0152E+00  2.6222E+00  8.0000E-01 -5.0089E-03
       79454 -7.0152E+00  2.6222E+00  9.0000E-01 -5.0092E-03
       79503 -7.0152E+00  2.6222E+00  1.0000E+00 -5.0066E-03
       79552 -7.0212E+00  2.6438E+00  0.0000E+00 -6.1739E-03
       79553 -7.0212E+00  2.6438E+00  1.0000E-01 -6.1008E-03
       79650 -7.0212E+00  2.6438E+00  2.0000E-01 -6.0961E-03
       79699 -7.0212E+00  2.6438E+00  3.0000E-01 -6.0964E-03
       79748 -7.0212E+00  2.6438E+00  4.0000E-01 -6.0964E-03
       79797 -7.0212E+00  2.6438E+00  5.0000E-01 -6.0964E-03
       79846 -7.0212E+00  2.6438E+00  6.0000E-01 -6.0964E-03
       79895 -7.0212E+00  2.6438E+00  7.0000E-01 -6.0964E-03
       79944 -7.0212E+00  2.6438E+00  8.0000E-01 -6.0962E-03
       79993 -7.0212E+00  2.6438E+00  9.0000E-01 -6.0966E-03
       80042 -7.0212E+00  2.6438E+00  1.0000E+00 -6.1705E-03
       80091 -7.0282E+00  2.6651E+00  0.0000E+00 -6.7311E-03
       80092 -7.0281E+00  2.6651E+00  1.0000E-01 -6.6868E-03
       80189 -7.0281E+00  2.6651E+00  2.0000E-01 -6.6877E-03
       80238 -7.0281E+00  2.6651E+00  3.0000E-01 -6.6879E-03
       80287 -7.0281E+00  2.6651E+00  4.0000E-01 -6.6879E-03
       80336 -7.0281E+00  2.6651E+00  5.0000E-01 -6.6876E-03
       80385 -7.0281E+00  2.6651E+00  6.0000E-01 -6.6876E-03
       80434 -7.0281E+00  2.6651E+00  7.0000E-01 -6.6875E-03
       80483 -7.0281E+00  2.6651E+00  8.0000E-01 -6.6873E-03
       80532 -7.0281E+00  2.6651E+00  9.0000E-01 -6.6866E-03
       80581 -7.0282E+00  2.6651E+00  1.0000E+00 -6.7204E-03
       80630 -7.0361E+00  2.6861E+00  0.0000E+00 -6.7801E-03
       80631 -7.0360E+00  2.6861E+00  1.0000E-01 -6.7274E-03
       80728 -7.0360E+00  2.6861E+00  2.0000E-01 -6.7294E-03
       80777 -7.0360E+00  2.6861E+00  3.0000E-01 -6.7294E-03
       80826 -7.0360E+00  2.6861E+00  4.0000E-01 -6.7295E-03
       80875 -7.0360E+00  2.6861E+00  5.0000E-01 -6.7294E-03
       80924 -7.0360E+00  2.6861E+00  6.0000E-01 -6.7294E-03
       80973 -7.0360E+00  2.6861E+00  7.0000E-01 -6.7293E-03
       81022 -7.0360E+00  2.6861E+00  8.0000E-01 -6.7292E-03
       81071 -7.0360E+00  2.6861E+00  9.0000E-01 -6.7275E-03
       81120 -7.0360E+00  2.6861E+00  1.0000E+00 -6.7847E-03
       81169 -7.0450E+00  2.7067E+00  0.0000E+00 -6.0008E-03
       81170 -7.0448E+00  2.7067E+00  1.0000E-01 -5.9146E-03
       81267 -7.0448E+00  2.7067E+00  2.0000E-01 -5.9183E-03
       81316 -7.0448E+00  2.7067E+00  3.0000E-01 -5.9182E-03
       81365 -7.0448E+00  2.7067E+00  4.0000E-01 -5.9183E-03
       81414 -7.0448E+00  2.7067E+00  5.0000E-01 -5.9191E-03
       81463 -7.0448E+00  2.7067E+00  6.0000E-01 -5.9191E-03
       81512 -7.0448E+00  2.7067E+00  7.0000E-01 -5.9189E-03
       81561 -7.0448E+00  2.7067E+00  8.0000E-01 -5.9190E-03
       81610 -7.0448E+00  2.7067E+00  9.0000E-01 -5.9155E-03
       81659 -7.0450E+00  2.7067E+00  1.0000E+00 -6.0095E-03
       81708 -7.0547E+00  2.7269E+00  0.0000E+00 -3.9884E-03
       81709 -7.0546E+00  2.7270E+00  1.0000E-01 -4.0409E-03
       81806 -7.0546E+00  2.7270E+00  2.0000E-01 -4.0454E-03
       81855 -7.0546E+00  2.7270E+00  3.0000E-01 -4.0452E-03
       81904 -7.0546E+00  2.7270E+00  4.0000E-01 -4.0455E-03
       81953 -7.0546E+00  2.7270E+00  5.0000E-01 -4.0453E-03
       82002 -7.0546E+00  2.7270E+00  6.0000E-01 -4.0453E-03
       82051 -7.0546E+00  2.7270E+00  7.0000E-01 -4.0450E-03
       82100 -7.0546E+00  2.7270E+00  8.0000E-01 -4.0451E-03
       82149 -7.0546E+00  2.7270E+00  9.0000E-01 -4.0396E-03
       82198 -7.0547E+00  2.7269E+00  1.0000E+00 -3.9845E-03
       82247 -7.0652E+00  2.7467E+00  0.0000E+00 -8.9526E-04
       82248 -7.0652E+00  2.7467E+00  1.0000E-01 -9.0551E-04
       82345 -7.0652E+00  2.7467E+00  2.0000E-01 -9.0805E-04
       82394 -7.0652E+00  2.7467E+00  3.0000E-01 -9.0833E-04
       82443 -7.0652E+00  2.7467E+00  4.0000E-01 -9.0854E-04
       82492 -7.0652E+00  2.7467E+00  5.0000E-01 -9.0863E-04
       82541 -7.0652E+00  2.7467E+00  6.0000E-01 -9.0860E-04
       82590 -7.0652E+00  2.7467E+00  7.0000E-01 -9.0837E-04
       82639 -7.0652E+00  2.7467E+00  8.0000E-01 -9.0808E-04
       82688 -7.0652E+00  2.7467E+00  9.0000E-01 -9.0529E-04
       82737 -7.0652E+00  2.7467E+00  1.0000E+00 -8.9527E-04
       82786 -7.0767E+00  2.7660E+00  0.0000E+00  3.7487E-03
       82787 -7.0767E+00  2.7660E+00  1.0000E-01  3.7354E-03
       82884 -7.0767E+00  2.7660E+00  2.0000E-01  3.7353E-03
       82933 -7.0767E+00  2.7660E+00  3.0000E-01  3.7346E-03
       82982 -7.0767E+00  2.7660E+00  4.0000E-01  3.7344E-03
       83031 -7.0767E+00  2.7660E+00  5.0000E-01  3.7344E-03
       83080 -7.0767E+00  2.7660E+00  6.0000E-01  3.7344E-03
       83129 -7.0767E+00  2.7660E+00  7.0000E-01  3.7347E-03
       83178 -7.0767E+00  2.7660E+00  8.0000E-01  3.7353E-03
       83227 -7.0767E+00  2.7660E+00  9.0000E-01  3.7348E-03
       83276 -7.0767E+00  2.7660E+00  1.0000E+00  3.7491E-03
       83325 -7.0891E+00  2.7846E+00  0.0000E+00  9.9643E-03
       83326 -7.0891E+00  2.7847E+00  1.0000E-01  9.8884E-03
       83423 -7.0891E+00  2.7847E+00  2.0000E-01  9.8906E-03
       83472 -7.0891E+00  2.7847E+00  3.0000E-01  9.8895E-03
       83521 -7.0891E+00  2.7847E+00  4.0000E-01  9.8893E-03
       83570 -7.0891E+00  2.7847E+00  5.0000E-01  9.8893E-03
       83619 -7.0891E+00  2.7847E+00  6.0000E-01  9.8893E-03
       83668 -7.0891E+00  2.7847E+00  7.0000E-01  9.8895E-03
       83717 -7.0891E+00  2.7847E+00  8.0000E-01  9.8907E-03
       83766 -7.0891E+00  2.7847E+00  9.0000E-01  9.8887E-03
       83815 -7.0891E+00  2.7846E+00  1.0000E+00  9.9644E-03
       83864 -7.1024E+00  2.8028E+00  0.0000E+00  1.7750E-02
       83865 -7.1022E+00  2.8029E+00  1.0000E-01  1.8070E-02
       83962 -7.1022E+00  2.8029E+00  2.0000E-01  1.8075E-02
       84011 -7.1022E+00  2.8029E+00  3.0000E-01  1.8073E-02
       84060 -7.1022E+00  2.8029E+00  4.0000E-01  1.8073E-02
       84109 -7.1022E+00  2.8029E+00  5.0000E-01  1.8073E-02
       84158 -7.1022E+00  2.8029E+00  6.0000E-01  1.8073E-02
       84207 -7.1022E+00  2.8029E+00  7.0000E-01  1.8073E-02
       84256 -7.1022E+00  2.8029E+00  8.0000E-01  1.8075E-02
       84305 -7.1022E+00  2.8029E+00  9.0000E-01  1.8070E-02
       84354 -7.1024E+00  2.8028E+00  1.0000E+00  1.7750E-02
       84403 -7.1163E+00  2.8203E+00  0.0000E+00  2.7309E-02
       84404 -7.1163E+00  2.8203E+00  1.0000E-01  2.7517E-02
       84501 -7.1163E+00  2.8203E+00  2.0000E-01  2.7516E-02
       84550 -7.1163E+00  2.8203E+00  3.0000E-01  2.7514E-02
       84599 -7.1163E+00  2.8203E+00  4.0000E-01  2.7514E-02
       84648 -7.1163E+00  2.8203E+00  5.0000E-01  2.7514E-02
       84697 -7.1163E+00  2.8203E+00  6.0000E-01  2.7514E-02
       84746 -7.1163E+00  2.8203E+00  7.0000E-01  2.7514E-02
       84795 -7.1163E+00  2.8203E+00  8.0000E-01  2.7516E-02
       84844 -7.1163E+00  2.8203E+00  9.0000E-01  2.7517E-02
       84893 -7.1163E+00  2.8203E+00  1.0000E+00  2.7309E-02
       84942 -7.1310E+00  2.8373E+00  0.0000E+00  3.8788E-02
       84943 -7.1310E+00  2.8373E+00  1.0000E-01  3.8652E-02
       85040 -7.1310E+00  2.8373E+00  2.0000E-01  3.8640E-02
       85089 -7.1310E+00  2.8373E+00  3.0000E-01  3.8640E-02
       85138 -7.1310E+00  2.8373E+00  4.0000E-01  3.8640E-02
       85187 -7.1310E+00  2.8373E+00  5.0000E-01  3.8640E-02
       85236 -7.1310E+00  2.8373E+00  6.0000E-01  3.8640E-02
       85285 -7.1310E+00  2.8373E+00  7.0000E-01  3.8640E-02
       85334 -7.1310E+00  2.8373E+00  8.0000E-01  3.8640E-02
       85383 -7.1310E+00  2.8373E+00  9.0000E-01  3.8652E-02
       85432 -7.1310E+00  2.8373E+00  1.0000E+00  3.8788E-02
       85481 -7.1465E+00  2.8535E+00 -4.7700E-17  5.2775E-02
       85482 -7.1465E+00  2.8535E+00  1.0000E-01  5.2685E-02
       85579 -7.1465E+00  2.8535E+00  2.0000E-01  5.2666E-02
       85628 -7.1465E+00  2.8535E+00  3.0000E-01  5.2668E-02
       85677 -7.1465E+00  2.8535E+00  4.0000E-01  5.2668E-02
       85726 -7.1465E+00  2.8535E+00  5.0000E-01  5.2668E-02
       85775 -7.1465E+00  2.8535E+00  6.0000E-01  5.2668E-02
       85824 -7.1465E+00  2.8535E+00  7.0000E-01  5.2668E-02
       85873 -7.1465E+00  2.8535E+00  8.0000E-01  5.2666E-02
       85922 -7.1465E+00  2.8535E+00  9.0000E-01  5.2685E-02
       85971 -7.1465E+00  2.8535E+00  1.0000E+00  5.2775E-02
       86020 -7.1627E+00  2.8690E+00  0.0000E+00  6.7791E-02
       86021 -7.1627E+00  2.8690E+00  1.0000E-01  6.7594E-02
       86024 -7.1797E+00  2.8837E+00 -1.3900E-17  8.3552E-02
       86025 -7.1797E+00  2.8837E+00  1.0000E-01  8.2671E-02
       86028 -7.1972E+00  2.8976E+00  0.0000E+00  1.0083E-01
       86029 -7.1971E+00  2.8978E+00  1.0000E-01  1.0099E-01
       86032 -7.2154E+00  2.9109E+00  0.0000E+00  1.1944E-01
       86033 -7.2153E+00  2.9109E+00  1.0000E-01  1.2043E-01
       86036 -7.2340E+00  2.9233E+00  0.0000E+00  1.4047E-01
       86037 -7.2340E+00  2.9233E+00  1.0000E-01  1.3995E-01
       86040 -7.2533E+00  2.9347E+00  0.0000E+00  1.6124E-01
       86041 -7.2533E+00  2.9348E+00  1.0000E-01  1.6019E-01
       86044 -7.2731E+00  2.9453E+00  0.0000E+00  1.8010E-01
       86045 -7.2730E+00  2.9454E+00  1.0000E-01  1.8044E-01
       86048 -7.2933E+00  2.9550E+00  0.0000E+00  1.9937E-01
       86049 -7.2933E+00  2.9552E+00  1.0000E-01  2.0076E-01
       86052 -7.3139E+00  2.9639E+00  0.0000E+00  2.2016E-01
       86053 -7.3139E+00  2.9640E+00  1.0000E-01  2.2040E-01
       86056 -7.3349E+00  2.9718E+00  0.0000E+00  2.3904E-01
       86057 -7.3349E+00  2.9719E+00  1.0000E-01  2.3905E-01
       86060 -7.3562E+00  2.9788E+00 -2.4300E-17  2.5662E-01
       86061 -7.3562E+00  2.9788E+00  1.0000E-01  2.5653E-01
       86064 -7.3779E+00  2.9848E+00  0.0000E+00  2.7324E-01
       86065 -7.3779E+00  2.9848E+00  1.0000E-01  2.7285E-01
       86068 -7.3997E+00  2.9898E+00  0.0000E+00  2.8639E-01
       86069 -7.3997E+00  2.9898E+00  1.0000E-01  2.8631E-01
       86072 -7.4218E+00  2.9937E+00  2.7760E-17  2.9703E-01
       86073 -7.4218E+00  2.9937E+00  1.0000E-01  2.9698E-01
       86076 -7.4440E+00  2.9967E+00  1.8000E-10  3.0546E-01
       86077 -7.4440E+00  2.9967E+00  1.0000E-01  3.0544E-01
       86080 -7.4664E+00  2.9987E+00  1.9640E-10  3.1123E-01
       86081 -7.4664E+00  2.9987E+00  1.0000E-01  3.1121E-01
       86084 -7.4888E+00  2.9997E+00  9.8360E-11  3.1414E-01
       86085 -7.4888E+00  2.9997E+00  1.0000E-01  3.1413E-01
       86088 -7.5112E+00  2.9997E+00  1.2140E-13  3.1414E-01
       86089 -7.5112E+00  2.9997E+00  1.0000E-01  3.1413E-01
       86092 -7.5336E+00  2.9987E+00  6.7580E-14  3.1122E-01
       86093 -7.5336E+00  2.9987E+00  1.0000E-01  3.1121E-01
       86096 -7.5560E+00  2.9967E+00  0.0000E+00  3.0546E-01
       86097 -7.5560E+00  2.9967E+00  1.0000E-01  3.0544E-01
       86100 -7.5782E+00  2.9937E+00  0.0000E+00  2.9703E-01
       86101 -7.5782E+00  2.9937E+00  1.0000E-01  2.9698E-01
       86104 -7.6003E+00  2.9898E+00 -6.9400E-18  2.8639E-01
       86105 -7.6003E+00  2.9898E+00  1.0000E-01  2.8631E-01
       86108 -7.6221E+00  2.9848E+00 -2.7800E-17  2.7324E-01
       86109 -7.6221E+00  2.9848E+00  1.0000E-01  2.7285E-01
       86112 -7.6438E+00  2.9788E+00  0.0000E+00  2.5662E-01
       86113 -7.6438E+00  2.9788E+00  1.0000E-01  2.5653E-01
       86116 -7.6651E+00  2.9718E+00  0.0000E+00  2.3903E-01
       86117 -7.6651E+00  2.9719E+00  1.0000E-01  2.3905E-01
       86120 -7.6861E+00  2.9639E+00  0.0000E+00  2.2017E-01
       86121 -7.6861E+00  2.9640E+00  1.0000E-01  2.2040E-01
       86124 -7.7067E+00  2.9550E+00  0.0000E+00  1.9938E-01
       86125 -7.7067E+00  2.9552E+00  1.0000E-01  2.0076E-01
       86128 -7.7269E+00  2.9453E+00  0.0000E+00  1.8009E-01
       86129 -7.7270E+00  2.9454E+00  1.0000E-01  1.8045E-01
       86132 -7.7467E+00  2.9347E+00  0.0000E+00  1.6124E-01
       86133 -7.7467E+00  2.9348E+00  1.0000E-01  1.6019E-01
       86136 -7.7660E+00  2.9233E+00  0.0000E+00  1.4047E-01
       86137 -7.7660E+00  2.9233E+00  1.0000E-01  1.3995E-01
       86140 -7.7846E+00  2.9109E+00  0.0000E+00  1.1944E-01
       86141 -7.7847E+00  2.9109E+00  1.0000E-01  1.2044E-01
       86144 -7.8028E+00  2.8976E+00  0.0000E+00  1.0083E-01
       86145 -7.8029E+00  2.8978E+00  1.0000E-01  1.0099E-01
       86148 -7.8203E+00  2.8837E+00  0.0000E+00  8.3546E-02
       86149 -7.8203E+00  2.8837E+00  1.0000E-01  8.2665E-02
       86152 -7.8373E+00  2.8690E+00  1.5280E-20  6.7791E-02
       86153 -7.8373E+00  2.8690E+00  1.0000E-01  6.7594E-02
       89420 -7.1627E+00  2.8690E+00  2.0000E-01  6.7572E-02
       89422 -7.1797E+00  2.8837E+00  2.0000E-01  8.2662E-02
       89424 -7.1971E+00  2.8978E+00  2.0000E-01  1.0101E-01
       89426 -7.2153E+00  2.9109E+00  2.0000E-01  1.2046E-01
       89428 -7.2340E+00  2.9233E+00  2.0000E-01  1.3995E-01
       89430 -7.2533E+00  2.9348E+00  2.0000E-01  1.6020E-01
       89432 -7.2730E+00  2.9454E+00  2.0000E-01  1.8051E-01
       89434 -7.2933E+00  2.9552E+00  2.0000E-01  2.0085E-01
       89436 -7.3139E+00  2.9640E+00  2.0000E-01  2.2045E-01
       89438 -7.3349E+00  2.9719E+00  2.0000E-01  2.3905E-01
       89440 -7.3562E+00  2.9788E+00  2.0000E-01  2.5651E-01
       89442 -7.3779E+00  2.9848E+00  2.0000E-01  2.7281E-01
       89444 -7.3997E+00  2.9898E+00  2.0000E-01  2.8628E-01
       89446 -7.4218E+00  2.9937E+00  2.0000E-01  2.9696E-01
       89448 -7.4440E+00  2.9967E+00  2.0000E-01  3.0542E-01
       89450 -7.4664E+00  2.9987E+00  2.0000E-01  3.1120E-01
       89452 -7.4888E+00  2.9997E+00  2.0000E-01  3.1412E-01
       89454 -7.5112E+00  2.9997E+00  2.0000E-01  3.1412E-01
       89456 -7.5336E+00  2.9987E+00  2.0000E-01  3.1120E-01
       89458 -7.5560E+00  2.9967E+00  2.0000E-01  3.0542E-01
       89460 -7.5782E+00  2.9937E+00  2.0000E-01  2.9696E-01
       89462 -7.6003E+00  2.9898E+00  2.0000E-01  2.8628E-01
       89464 -7.6221E+00  2.9848E+00  2.0000E-01  2.7281E-01
       89466 -7.6438E+00  2.9788E+00  2.0000E-01  2.5651E-01
       89468 -7.6651E+00  2.9719E+00  2.0000E-01  2.3905E-01
       89470 -7.6861E+00  2.9640E+00  2.0000E-01  2.2045E-01
       89472 -7.7067E+00  2.9552E+00  2.0000E-01  2.0085E-01
       89474 -7.7270E+00  2.9454E+00  2.0000E-01  1.8051E-01
       89476 -7.7467E+00  2.9348E+00  2.0000E-01  1.6020E-01
       89478 -7.7660E+00  2.9233E+00  2.0000E-01  1.3995E-01
       89480 -7.7847E+00  2.9109E+00  2.0000E-01  1.2046E-01
       89482 -7.8029E+00  2.8978E+00  2.0000E-01  1.0101E-01
       89484 -7.8203E+00  2.8837E+00  2.0000E-01  8.2656E-02
       89486 -7.8373E+00  2.8690E+00  2.0000E-01  6.7572E-02
       91120 -7.1627E+00  2.8690E+00  3.0000E-01  6.7575E-02
       91122 -7.1797E+00  2.8837E+00  3.0000E-01  8.2665E-02
       91124 -7.1971E+00  2.8978E+00  3.0000E-01  1.0101E-01
       91126 -7.2153E+00  2.9109E+00  3.0000E-01  1.2046E-01
       91128 -7.2340E+00  2.9233E+00  3.0000E-01  1.3996E-01
       91130 -7.2533E+00  2.9348E+00  3.0000E-01  1.6021E-01
       91132 -7.2730E+00  2.9454E+00  3.0000E-01  1.8051E-01
       91134 -7.2933E+00  2.9552E+00  3.0000E-01  2.0084E-01
       91136 -7.3139E+00  2.9640E+00  3.0000E-01  2.2045E-01
       91138 -7.3349E+00  2.9719E+00  3.0000E-01  2.3906E-01
       91140 -7.3562E+00  2.9788E+00  3.0000E-01  2.5651E-01
       91142 -7.3779E+00  2.9848E+00  3.0000E-01  2.7281E-01
       91144 -7.3997E+00  2.9898E+00  3.0000E-01  2.8628E-01
       91146 -7.4218E+00  2.9937E+00  3.0000E-01  2.9695E-01
       91148 -7.4440E+00  2.9967E+00  3.0000E-01  3.0542E-01
       91150 -7.4664E+00  2.9987E+00  3.0000E-01  3.1119E-01
       91152 -7.4888E+00  2.9997E+00  3.0000E-01  3.1411E-01
       91154 -7.5112E+00  2.9997E+00  3.0000E-01  3.1411E-01
       91156 -7.5336E+00  2.9987E+00  3.0000E-01  3.1119E-01
       91158 -7.5560E+00  2.9967E+00  3.0000E-01  3.0542E-01
       91160 -7.5782E+00  2.9937E+00  3.0000E-01  2.9695E-01
       91162 -7.6003E+00  2.9898E+00  3.0000E-01  2.8628E-01
       91164 -7.6221E+00  2.9848E+00  3.0000E-01  2.7281E-01
       91166 -7.6438E+00  2.9788E+00  3.0000E-01  2.5651E-01
       91168 -7.6651E+00  2.9719E+00  3.0000E-01  2.3906E-01
       91170 -7.6861E+00  2.9640E+00  3.0000E-01  2.2045E-01
       91172 -7.7067E+00  2.9552E+00  3.0000E-01  2.0084E-01
       91174 -7.7270E+00  2.9454E+00  3.0000E-01  1.8051E-01
       91176 -7.7467E+00  2.9348E+00  3.0000E-01  1.6021E-01
       91178 -7.7660E+00  2.9233E+00  3.0000E-01  1.3996E-01
       91180 -7.7847E+00  2.9109E+00  3.0000E-01  1.2046E-01
       91182 -7.8029E+00  2.8978E+00  3.0000E-01  1.0101E-01
       91184 -7.8203E+00  2.8837E+00  3.0000E-01  8.2658E-02
       91186 -7.8373E+00  2.8690E+00  3.0000E-01  6.7576E-02
       92820 -7.1627E+00  2.8690E+00  4.0000E-01  6.7575E-02
       92822 -7.1797E+00  2.8837E+00  4.0000E-01  8.2665E-02
       92824 -7.1971E+00  2.8978E+00  4.0000E-01  1.0101E-01
       92826 -7.2153E+00  2.9109E+00  4.0000E-01  1.2046E-01
       92828 -7.2340E+00  2.9233E+00  4.0000E-01  1.3996E-01
       92830 -7.2533E+00  2.9348E+00  4.0000E-01  1.6021E-01
       92832 -7.2730E+00  2.9454E+00  4.0000E-01  1.8051E-01
       92834 -7.2933E+00  2.9552E+00  4.0000E-01  2.0085E-01
       92836 -7.3139E+00  2.9640E+00  4.0000E-01  2.2045E-01
       92838 -7.3349E+00  2.9719E+00  4.0000E-01  2.3906E-01
       92840 -7.3562E+00  2.9788E+00  4.0000E-01  2.5651E-01
       92842 -7.3779E+00  2.9848E+00  4.0000E-01  2.7281E-01
       92844 -7.3997E+00  2.9898E+00  4.0000E-01  2.8628E-01
       92846 -7.4218E+00  2.9937E+00  4.0000E-01  2.9695E-01
       92848 -7.4440E+00  2.9967E+00  4.0000E-01  3.0541E-01
       92850 -7.4664E+00  2.9987E+00  4.0000E-01  3.1119E-01
       92852 -7.4888E+00  2.9997E+00  4.0000E-01  3.1411E-01
       92854 -7.5112E+00  2.9997E+00  4.0000E-01  3.1411E-01
       92856 -7.5336E+00  2.9987E+00  4.0000E-01  3.1119E-01
       92858 -7.5560E+00  2.9967E+00  4.0000E-01  3.0541E-01
       92860 -7.5782E+00  2.9937E+00  4.0000E-01  2.9695E-01
       92862 -7.6003E+00  2.9898E+00  4.0000E-01  2.8627E-01
       92864 -7.6221E+00  2.9848E+00  4.0000E-01  2.7281E-01
       92866 -7.6438E+00  2.9788E+00  4.0000E-01  2.5651E-01
       92868 -7.6651E+00  2.9719E+00  4.0000E-01  2.3906E-01
       92870 -7.6861E+00  2.9640E+00  4.0000E-01  2.2045E-01
       92872 -7.7067E+00  2.9552E+00  4.0000E-01  2.0085E-01
       92874 -7.7270E+00  2.9454E+00  4.0000E-01  1.8052E-01
       92876 -7.7467E+00  2.9348E+00  4.0000E-01  1.6021E-01
       92878 -7.7660E+00  2.9233E+00  4.0000E-01  1.3996E-01
       92880 -7.7847E+00  2.9109E+00  4.0000E-01  1.2046E-01
       92882 -7.8029E+00  2.8978E+00  4.0000E-01  1.0101E-01
       92884 -7.8203E+00  2.8837E+00  4.0000E-01  8.2659E-02
       92886 -7.8373E+00  2.8690E+00  4.0000E-01  6.7575E-02
       94520 -7.1627E+00  2.8690E+00  5.0000E-01  6.7576E-02
       94522 -7.1797E+00  2.8837E+00  5.0000E-01  8.2665E-02
       94524 -7.1971E+00  2.8978E+00  5.0000E-01  1.0101E-01
       94526 -7.2153E+00  2.9109E+00  5.0000E-01  1.2046E-01
       94528 -7.2340E+00  2.9233E+00  5.0000E-01  1.3996E-01
       94530 -7.2533E+00  2.9348E+00  5.0000E-01  1.6021E-01
       94532 -7.2730E+00  2.9454E+00  5.0000E-01  1.8051E-01
       94534 -7.2933E+00  2.9552E+00  5.0000E-01  2.0084E-01
       94536 -7.3139E+00  2.9640E+00  5.0000E-01  2.2045E-01
       94538 -7.3349E+00  2.9719E+00  5.0000E-01  2.3906E-01
       94540 -7.3562E+00  2.9788E+00  5.0000E-01  2.5651E-01
       94542 -7.3779E+00  2.9848E+00  5.0000E-01  2.7281E-01
       94544 -7.3997E+00  2.9898E+00  5.0000E-01  2.8628E-01
       94546 -7.4218E+00  2.9937E+00  5.0000E-01  2.9695E-01
       94548 -7.4440E+00  2.9967E+00  5.0000E-01  3.0541E-01
       94550 -7.4664E+00  2.9987E+00  5.0000E-01  3.1119E-01
       94552 -7.4888E+00  2.9997E+00  5.0000E-01  3.1411E-01
       94554 -7.5112E+00  2.9997E+00  5.0000E-01  3.1411E-01
       94556 -7.5336E+00  2.9987E+00  5.0000E-01  3.1119E-01
       94558 -7.5560E+00  2.9967E+00  5.0000E-01  3.0541E-01
       94560 -7.5782E+00  2.9937E+00  5.0000E-01  2.9695E-01
       94562 -7.6003E+00  2.9898E+00  5.0000E-01  2.8627E-01
       94564 -7.6221E+00  2.9848E+00  5.0000E-01  2.7281E-01
       94566 -7.6438E+00  2.9788E+00  5.0000E-01  2.5651E-01
       94568 -7.6651E+00  2.9719E+00  5.0000E-01  2.3906E-01
       94570 -7.6861E+00  2.9640E+00  5.0000E-01  2.2045E-01
       94572 -7.7067E+00  2.9552E+00  5.0000E-01  2.0085E-01
       94574 -7.7270E+00  2.9454E+00  5.0000E-01  1.8052E-01
       94576 -7.7467E+00  2.9348E+00  5.0000E-01  1.6021E-01
       94578 -7.7660E+00  2.9233E+00  5.0000E-01  1.3996E-01
       94580 -7.7847E+00  2.9109E+00  5.0000E-01  1.2046E-01
       94582 -7.8029E+00  2.8978E+00  5.0000E-01  1.0101E-01
       94584 -7.8203E+00  2.8837E+00  5.0000E-01  8.2659E-02
       94586 -7.8373E+00  2.8690E+00  5.0000E-01  6.7576E-02
       96220 -7.1627E+00  2.8690E+00  6.0000E-01  6.7575E-02
       96222 -7.1797E+00  2.8837E+00  6.0000E-01  8.2665E-02
       96224 -7.1971E+00  2.8978E+00  6.0000E-01  1.0101E-01
       96226 -7.2153E+00  2.9109E+00  6.0000E-01  1.2046E-01
       96228 -7.2340E+00  2.9233E+00  6.0000E-01  1.3996E-01
       96230 -7.2533E+00  2.9348E+00  6.0000E-01  1.6021E-01
       96232 -7.2730E+00  2.9454E+00  6.0000E-01  1.8051E-01
       96234 -7.2933E+00  2.9552E+00  6.0000E-01  2.0085E-01
       96236 -7.3139E+00  2.9640E+00  6.0000E-01  2.2045E-01
       96238 -7.3349E+00  2.9719E+00  6.0000E-01  2.3906E-01
       96240 -7.3562E+00  2.9788E+00  6.0000E-01  2.5651E-01
       96242 -7.3779E+00  2.9848E+00  6.0000E-01  2.7281E-01
       96244 -7.3997E+00  2.9898E+00  6.0000E-01  2.8628E-01
       96246 -7.4218E+00  2.9937E+00  6.0000E-01  2.9695E-01
       96248 -7.4440E+00  2.9967E+00  6.0000E-01  3.0541E-01
       96250 -7.4664E+00  2.9987E+00  6.0000E-01  3.1119E-01
       96252 -7.4888E+00  2.9997E+00  6.0000E-01  3.1411E-01
       96254 -7.5112E+00  2.9997E+00  6.0000E-01  3.1411E-01
       96256 -7.5336E+00  2.9987E+00  6.0000E-01  3.1119E-01
       96258 -7.5560E+00  2.9967E+00  6.0000E-01  3.0541E-01
       96260 -7.5782E+00  2.9937E+00  6.0000E-01  2.9695E-01
       96262 -7.6003E+00  2.9898E+00  6.0000E-01  2.8627E-01
       96264 -7.6221E+00  2.9848E+00  6.0000E-01  2.7281E-01
       96266 -7.6438E+00  2.9788E+00  6.0000E-01  2.5651E-01
       96268 -7.6651E+00  2.9719E+00  6.0000E-01  2.3906E-01
       96270 -7.6861E+00  2.9640E+00  6.0000E-01  2.2045E-01
       96272 -7.7067E+00  2.9552E+00  6.0000E-01  2.0085E-01
       96274 -7.7270E+00  2.9454E+00  6.0000E-01  1.8052E-01
       96276 -7.7467E+00  2.9348E+00  6.0000E-01  1.6021E-01
       96278 -7.7660E+00  2.9233E+00  6.0000E-01  1.3996E-01
       96280 -7.7847E+00  2.9109E+00  6.0000E-01  1.2046E-01
       96282 -7.8029E+00  2.8978E+00  6.0000E-01  1.0101E-01
       96284 -7.8203E+00  2.8837E+00  6.0000E-01  8.2659E-02
       96286 -7.8373E+00  2.8690E+00  6.0000E-01  6.7575E-02
       97920 -7.1627E+00  2.8690E+00  7.0000E-01  6.7576E-02
       97922 -7.1797E+00  2.8837E+00  7.0000E-01  8.2665E-02
       97924 -7.1971E+00  2.8978E+00  7.0000E-01  1.0101E-01
       97926 -7.2153E+00  2.9109E+00  7.0000E-01  1.2046E-01
       97928 -7.2340E+00  2.9233E+00  7.0000E-01  1.3996E-01
       97930 -7.2533E+00  2.9348E+00  7.0000E-01  1.6021E-01
       97932 -7.2730E+00  2.9454E+00  7.0000E-01  1.8051E-01
       97934 -7.2933E+00  2.9552E+00  7.0000E-01  2.0084E-01
       97936 -7.3139E+00  2.9640E+00  7.0000E-01  2.2045E-01
       97938 -7.3349E+00  2.9719E+00  7.0000E-01  2.3906E-01
       97940 -7.3562E+00  2.9788E+00  7.0000E-01  2.5651E-01
       97942 -7.3779E+00  2.9848E+00  7.0000E-01  2.7281E-01
       97944 -7.3997E+00  2.9898E+00  7.0000E-01  2.8628E-01
       97946 -7.4218E+00  2.9937E+00  7.0000E-01  2.9695E-01
       97948 -7.4440E+00  2.9967E+00  7.0000E-01  3.0542E-01
       97950 -7.4664E+00  2.9987E+00  7.0000E-01  3.1119E-01
       97952 -7.4888E+00  2.9997E+00  7.0000E-01  3.1411E-01
       97954 -7.5112E+00  2.9997E+00  7.0000E-01  3.1411E-01
       97956 -7.5336E+00  2.9987E+00  7.0000E-01  3.1119E-01
       97958 -7.5560E+00  2.9967E+00  7.0000E-01  3.0542E-01
       97960 -7.5782E+00  2.9937E+00  7.0000E-01  2.9695E-01
       97962 -7.6003E+00  2.9898E+00  7.0000E-01  2.8628E-01
       97964 -7.6221E+00  2.9848E+00  7.0000E-01  2.7281E-01
       97966 -7.6438E+00  2.9788E+00  7.0000E-01  2.5651E-01
       97968 -7.6651E+00  2.9719E+00  7.0000E-01  2.3906E-01
       97970 -7.6861E+00  2.9640E+00  7.0000E-01  2.2045E-01
       97972 -7.7067E+00  2.9552E+00  7.0000E-01  2.0084E-01
       97974 -7.7270E+00  2.9454E+00  7.0000E-01  1.8051E-01
       97976 -7.7467E+00  2.9348E+00  7.0000E-01  1.6021E-01
       97978 -7.7660E+00  2.9233E+00  7.0000E-01  1.3996E-01
       97980 -7.7847E+00  2.9109E+00  7.0000E-01  1.2046E-01
       97982 -7.8029E+00  2.8978E+00  7.0000E-01  1.0101E-01
       97984 -7.8203E+00  2.8837E+00  7.0000E-01  8.2658E-02
       97986 -7.8373E+00  2.8690E+00  7.0000E-01  6.7576E-02
       99620 -7.1627E+00  2.8690E+00  8.0000E-01  6.7572E-02
       99622 -7.1797E+00  2.8837E+00  8.0000E-01  8.2662E-02
       99624 -7.1971E+00  2.8978E+00  8.0000E-01  1.0101E-01
       99626 -7.2153E+00  2.9109E+00  8.0000E-01  1.2046E-01
       99628 -7.2340E+00  2.9233E+00  8.0000E-01  1.3995E-01
       99630 -7.2533E+00  2.9348E+00  8.0000E-01  1.6020E-01
       99632 -7.2730E+00  2.9454E+00  8.0000E-01  1.8051E-01
       99634 -7.2933E+00  2.9552E+00  8.0000E-01  2.0085E-01
       99636 -7.3139E+00  2.9640E+00  8.0000E-01  2.2045E-01
       99638 -7.3349E+00  2.9719E+00  8.0000E-01  2.3905E-01
       99640 -7.3562E+00  2.9788E+00  8.0000E-01  2.5651E-01
       99642 -7.3779E+00  2.9848E+00  8.0000E-01  2.7281E-01
       99644 -7.3997E+00  2.9898E+00  8.0000E-01  2.8628E-01
       99646 -7.4218E+00  2.9937E+00  8.0000E-01  2.9696E-01
       99648 -7.4440E+00  2.9967E+00  8.0000E-01  3.0542E-01
       99650 -7.4664E+00  2.9987E+00  8.0000E-01  3.1120E-01
       99652 -7.4888E+00  2.9997E+00  8.0000E-01  3.1412E-01
       99654 -7.5112E+00  2.9997E+00  8.0000E-01  3.1412E-01
       99656 -7.5336E+00  2.9987E+00  8.0000E-01  3.1120E-01
       99658 -7.5560E+00  2.9967E+00  8.0000E-01  3.0542E-01
       99660 -7.5782E+00  2.9937E+00  8.0000E-01  2.9696E-01
       99662 -7.6003E+00  2.9898E+00  8.0000E-01  2.8628E-01
       99664 -7.6221E+00  2.9848E+00  8.0000E-01  2.7281E-01
       99666 -7.6438E+00  2.9788E+00  8.0000E-01  2.5651E-01
       99668 -7.6651E+00  2.9719E+00  8.0000E-01  2.3905E-01
       99670 -7.6861E+00  2.9640E+00  8.0000E-01  2.2045E-01
       99672 -7.7067E+00  2.9552E+00  8.0000E-01  2.0085E-01
       99674 -7.7270E+00  2.9454E+00  8.0000E-01  1.8051E-01
       99676 -7.7467E+00  2.9348E+00  8.0000E-01  1.6020E-01
       99678 -7.7660E+00  2.9233E+00  8.0000E-01  1.3995E-01
       99680 -7.7847E+00  2.9109E+00  8.0000E-01  1.2046E-01
       99682 -7.8029E+00  2.8978E+00  8.0000E-01  1.0101E-01
       99684 -7.8203E+00  2.8837E+00  8.0000E-01  8.2656E-02
       99686 -7.8373E+00  2.8690E+00  8.0000E-01  6.7572E-02
      101320 -7.1627E+00  2.8690E+00  9.0000E-01  6.7594E-02
      101322 -7.1797E+00  2.8837E+00  9.0000E-01  8.2671E-02
      101324 -7.1971E+00  2.8978E+00  9.0000E-01  1.0099E-01
      101326 -7.2153E+00  2.9109E+00  9.0000E-01  1.2043E-01
      101328 -7.2340E+00  2.9233E+00  9.0000E-01  1.3995E-01
      101330 -7.2533E+00  2.9348E+00  9.0000E-01  1.6019E-01
      101332 -7.2730E+00  2.9454E+00  9.0000E-01  1.8044E-01
      101334 -7.2933E+00  2.9552E+00  9.0000E-01  2.0076E-01
      101336 -7.3139E+00  2.9640E+00  9.0000E-01  2.2040E-01
      101338 -7.3349E+00  2.9719E+00  9.0000E-01  2.3905E-01
      101340 -7.3562E+00  2.9788E+00  9.0000E-01  2.5653E-01
      101342 -7.3779E+00  2.9848E+00  9.0000E-01  2.7285E-01
      101344 -7.3997E+00  2.9898E+00  9.0000E-01  2.8631E-01
      101346 -7.4218E+00  2.9937E+00  9.0000E-01  2.9698E-01
      101348 -7.4440E+00  2.9967E+00  9.0000E-01  3.0544E-01
      101350 -7.4664E+00  2.9987E+00  9.0000E-01  3.1121E-01
      101352 -7.4888E+00  2.9997E+00  9.0000E-01  3.1413E-01
      101354 -7.5112E+00  2.9997E+00  9.0000E-01  3.1413E-01
      101356 -7.5336E+00  2.9987E+00  9.0000E-01  3.1121E-01
      101358 -7.5560E+00  2.9967E+00  9.0000E-01  3.0544E-01
      101360 -7.5782E+00  2.9937E+00  9.0000E-01  2.9698E-01
      101362 -7.6003E+00  2.9898E+00  9.0000E-01  2.8631E-01
      101364 -7.6221E+00  2.9848E+00  9.0000E-01  2.7285E-01
      101366 -7.6438E+00  2.9788E+00  9.0000E-01  2.5653E-01
      101368 -7.6651E+00  2.9719E+00  9.0000E-01  2.3905E-01
      101370 -7.6861E+00  2.9640E+00  9.0000E-01  2.2040E-01
      101372 -7.7067E+00  2.9552E+00  9.0000E-01  2.0076E-01
      101374 -7.7270E+00  2.9454E+00  9.0000E-01  1.8045E-01
      101376 -7.7467E+00  2.9348E+00  9.0000E-01  1.6019E-01
      101378 -7.7660E+00  2.9233E+00  9.0000E-01  1.3995E-01
      101380 -7.7847E+00  2.9109E+00  9.0000E-01  1.2044E-01
      101382 -7.8029E+00  2.8978E+00  9.0000E-01  1.0099E-01
      101384 -7.8203E+00  2.8837E+00  9.0000E-01  8.2665E-02
      101386 -7.8373E+00  2.8690E+00  9.0000E-01  6.7594E-02
      103020 -7.1627E+00  2.8690E+00  1.0000E+00  6.7791E-02
      103022 -7.1797E+00  2.8837E+00  1.0000E+00  8.3552E-02
      103024 -7.1972E+00  2.8976E+00  1.0000E+00  1.0083E-01
      103026 -7.2154E+00  2.9109E+00  1.0000E+00  1.1944E-01
      103028 -7.2340E+00  2.9233E+00  1.0000E+00  1.4047E-01
      103030 -7.2533E+00  2.9347E+00  1.0000E+00  1.6124E-01
      103032 -7.2731E+00  2.9453E+00  1.0000E+00  1.8010E-01
      103034 -7.2933E+00  2.9550E+00  1.0000E+00  1.9937E-01
      103036 -7.3139E+00  2.9639E+00  1.0000E+00  2.2016E-01
      103038 -7.3349E+00  2.9718E+00  1.0000E+00  2.3904E-01
      103040 -7.3562E+00  2.9788E+00  1.0000E+00  2.5662E-01
      103042 -7.3779E+00  2.9848E+00  1.0000E+00  2.7324E-01
      103044 -7.3997E+00  2.9898E+00  1.0000E+00  2.8639E-01
      103046 -7.4218E+00  2.9937E+00  1.0000E+00  2.9703E-01
      103048 -7.4440E+00  2.9967E+00  1.0000E+00  3.0546E-01
      103050 -7.4664E+00  2.9987E+00  1.0000E+00  3.1122E-01
      103052 -7.4888E+00  2.9997E+00  1.0000E+00  3.1413E-01
      103054 -7.5112E+00  2.9997E+00  1.0000E+00  3.1414E-01
      103056 -7.5336E+00  2.9987E+00  1.0000E+00  3.1124E-01
      103058 -7.5560E+00  2.9967E+00  1.0000E+00  3.0546E-01
      103060 -7.5782E+00  2.9937E+00  1.0000E+00  2.9702E-01
      103062 -7.6003E+00  2.9898E+00  1.0000E+00  2.8639E-01
      103064 -7.6221E+00  2.9848E+00  1.0000E+00  2.7324E-01
      103066 -7.6438E+00  2.9788E+00  1.0000E+00  2.5662E-01
      103068 -7.6651E+00  2.9718E+00  1.0000E+00  2.3903E-01
      103070 -7.6861E+00  2.9639E+00  1.0000E+00  2.2017E-01
      103072 -7.7067E+00  2.9550E+00  1.0000E+00  1.9938E-01
      103074 -7.7269E+00  2.9453E+00  1.0000E+00  1.8009E-01
      103076 -7.7467E+00  2.9347E+00  1.0000E+00  1.6124E-01
      103078 -7.7660E+00  2.9233E+00  1.0000E+00  1.4047E-01
      103080 -7.7846E+00  2.9109E+00  1.0000E+00  1.1944E-01
      103082 -7.8028E+00  2.8976E+00  1.0000E+00  1.0083E-01
      103084 -7.8203E+00  2.8837E+00  1.0000E+00  8.3546E-02
      103086 -7.8373E+00  2.8690E+00  1.0000E+00  6.7791E-02
