Scalar STRAINXX under Static for NODALGROUP 1: NODENUMBER X0  Y0  Z0  RESULT-1 RESULT-2 ... RESULT-N
1540
   0.0000E+00
 14257 -7.8690E+00  2.1627E+00  0.0000E+00  3.8786E-02
 14258 -7.8535E+00  2.1465E+00  0.0000E+00  5.2773E-02
 14259 -7.8690E+00  2.1627E+00  1.0000E-01  3.8649E-02
 14260 -7.8535E+00  2.1465E+00  1.0000E-01  5.2683E-02
 14453 -7.8690E+00  2.1627E+00  2.0000E-01  3.8638E-02
 14454 -7.8535E+00  2.1465E+00  2.0000E-01  5.2664E-02
 14551 -7.8690E+00  2.1627E+00  3.0000E-01  3.8638E-02
 14552 -7.8535E+00  2.1465E+00  3.0000E-01  5.2666E-02
 14649 -7.8690E+00  2.1627E+00  4.0000E-01  3.8638E-02
 14650 -7.8535E+00  2.1465E+00  4.0000E-01  5.2666E-02
 14747 -7.8690E+00  2.1627E+00  5.0000E-01  3.8638E-02
 14748 -7.8535E+00  2.1465E+00  5.0000E-01  5.2666E-02
 14845 -7.8690E+00  2.1627E+00  6.0000E-01  3.8638E-02
 14846 -7.8535E+00  2.1465E+00  6.0000E-01  5.2666E-02
 14943 -7.8690E+00  2.1627E+00  7.0000E-01  3.8638E-02
 14944 -7.8535E+00  2.1465E+00  7.0000E-01  5.2666E-02
 15041 -7.8690E+00  2.1627E+00  8.0000E-01  3.8638E-02
 15042 -7.8535E+00  2.1465E+00  8.0000E-01  5.2664E-02
 15139 -7.8690E+00  2.1627E+00  9.0000E-01  3.8649E-02
 15140 -7.8535E+00  2.1465E+00  9.0000E-01  5.2683E-02
 15237 -7.8690E+00  2.1627E+00  1.0000E+00  3.8786E-02
 15238 -7.8535E+00  2.1465E+00  1.0000E+00  5.2773E-02
 15335 -7.8837E+00  2.1797E+00  0.0000E+00  2.7311E-02
 15336 -7.8837E+00  2.1797E+00  1.0000E-01  2.7519E-02
 15433 -7.8837E+00  2.1797E+00  2.0000E-01  2.7518E-02
 15482 -7.8837E+00  2.1797E+00  3.0000E-01  2.7517E-02
 15531 -7.8837E+00  2.1797E+00  4.0000E-01  2.7517E-02
 15580 -7.8837E+00  2.1797E+00  5.0000E-01  2.7517E-02
 15629 -7.8837E+00  2.1797E+00  6.0000E-01  2.7517E-02
 15678 -7.8837E+00  2.1797E+00  7.0000E-01  2.7517E-02
 15727 -7.8837E+00  2.1797E+00  8.0000E-01  2.7518E-02
 15776 -7.8837E+00  2.1797E+00  9.0000E-01  2.7519E-02
 15825 -7.8837E+00  2.1797E+00  1.0000E+00  2.7311E-02
 15874 -7.8976E+00  2.1972E+00  0.0000E+00  1.7750E-02
 15875 -7.8978E+00  2.1971E+00  1.0000E-01  1.8071E-02
 15972 -7.8978E+00  2.1971E+00  2.0000E-01  1.8075E-02
 16021 -7.8978E+00  2.1971E+00  3.0000E-01  1.8073E-02
 16070 -7.8978E+00  2.1971E+00  4.0000E-01  1.8073E-02
 16119 -7.8978E+00  2.1971E+00  5.0000E-01  1.8073E-02
 16168 -7.8978E+00  2.1971E+00  6.0000E-01  1.8073E-02
 16217 -7.8978E+00  2.1971E+00  7.0000E-01  1.8073E-02
 16266 -7.8978E+00  2.1971E+00  8.0000E-01  1.8075E-02
 16315 -7.8978E+00  2.1971E+00  9.0000E-01  1.8071E-02
 16364 -7.8976E+00  2.1972E+00  1.0000E+00  1.7750E-02
 16413 -7.9109E+00  2.2154E+00  0.0000E+00  9.9651E-03
 16414 -7.9109E+00  2.2153E+00  1.0000E-01  9.8881E-03
 16511 -7.9109E+00  2.2153E+00  2.0000E-01  9.8903E-03
 16560 -7.9109E+00  2.2153E+00  3.0000E-01  9.8891E-03
 16609 -7.9109E+00  2.2153E+00  4.0000E-01  9.8890E-03
 16658 -7.9109E+00  2.2153E+00  5.0000E-01  9.8889E-03
 16707 -7.9109E+00  2.2153E+00  6.0000E-01  9.8890E-03
 16756 -7.9109E+00  2.2153E+00  7.0000E-01  9.8891E-03
 16805 -7.9109E+00  2.2153E+00  8.0000E-01  9.8903E-03
 16854 -7.9109E+00  2.2153E+00  9.0000E-01  9.8881E-03
 16903 -7.9109E+00  2.2154E+00  1.0000E+00  9.9651E-03
 16952 -7.9233E+00  2.2340E+00  0.0000E+00  3.7490E-03
 16953 -7.9233E+00  2.2340E+00  1.0000E-01  3.7347E-03
 17050 -7.9233E+00  2.2340E+00  2.0000E-01  3.7345E-03
 17099 -7.9233E+00  2.2340E+00  3.0000E-01  3.7339E-03
 17148 -7.9233E+00  2.2340E+00  4.0000E-01  3.7336E-03
 17197 -7.9233E+00  2.2340E+00  5.0000E-01  3.7336E-03
 17246 -7.9233E+00  2.2340E+00  6.0000E-01  3.7336E-03
 17295 -7.9233E+00  2.2340E+00  7.0000E-01  3.7339E-03
 17344 -7.9233E+00  2.2340E+00  8.0000E-01  3.7345E-03
 17393 -7.9233E+00  2.2340E+00  9.0000E-01  3.7348E-03
 17442 -7.9233E+00  2.2340E+00  1.0000E+00  3.7490E-03
 17491 -7.9348E+00  2.2533E+00  0.0000E+00 -8.9525E-04
 17492 -7.9348E+00  2.2533E+00  1.0000E-01 -9.0523E-04
 17589 -7.9348E+00  2.2533E+00  2.0000E-01 -9.0789E-04
 17638 -7.9348E+00  2.2533E+00  3.0000E-01 -9.0818E-04
 17687 -7.9348E+00  2.2533E+00  4.0000E-01 -9.0841E-04
 17736 -7.9348E+00  2.2533E+00  5.0000E-01 -9.0844E-04
 17785 -7.9348E+00  2.2533E+00  6.0000E-01 -9.0841E-04
 17834 -7.9348E+00  2.2533E+00  7.0000E-01 -9.0818E-04
 17883 -7.9348E+00  2.2533E+00  8.0000E-01 -9.0789E-04
 17932 -7.9348E+00  2.2533E+00  9.0000E-01 -9.0526E-04
 17981 -7.9348E+00  2.2533E+00  1.0000E+00 -8.9526E-04
 18030 -7.9453E+00  2.2731E+00  0.0000E+00 -3.9842E-03
 18031 -7.9454E+00  2.2730E+00  1.0000E-01 -4.0405E-03
 18128 -7.9454E+00  2.2730E+00  2.0000E-01 -4.0451E-03
 18177 -7.9454E+00  2.2730E+00  3.0000E-01 -4.0449E-03
 18226 -7.9454E+00  2.2730E+00  4.0000E-01 -4.0452E-03
 18275 -7.9454E+00  2.2730E+00  5.0000E-01 -4.0452E-03
 18324 -7.9454E+00  2.2730E+00  6.0000E-01 -4.0452E-03
 18373 -7.9454E+00  2.2730E+00  7.0000E-01 -4.0449E-03
 18422 -7.9454E+00  2.2730E+00  8.0000E-01 -4.0451E-03
 18471 -7.9454E+00  2.2730E+00  9.0000E-01 -4.0405E-03
 18520 -7.9453E+00  2.2731E+00  1.0000E+00 -3.9842E-03
 18569 -7.9550E+00  2.2933E+00  0.0000E+00 -6.0102E-03
 18570 -7.9552E+00  2.2933E+00  1.0000E-01 -5.9150E-03
 18667 -7.9552E+00  2.2933E+00  2.0000E-01 -5.9187E-03
 18716 -7.9552E+00  2.2933E+00  3.0000E-01 -5.9187E-03
 18765 -7.9552E+00  2.2933E+00  4.0000E-01 -5.9188E-03
 18814 -7.9552E+00  2.2933E+00  5.0000E-01 -5.9189E-03
 18863 -7.9552E+00  2.2933E+00  6.0000E-01 -5.9188E-03
 18912 -7.9552E+00  2.2933E+00  7.0000E-01 -5.9187E-03
 18961 -7.9552E+00  2.2933E+00  8.0000E-01 -5.9187E-03
 19010 -7.9552E+00  2.2933E+00  9.0000E-01 -5.9151E-03
 19059 -7.9550E+00  2.2933E+00  1.0000E+00 -6.0101E-03
 19108 -7.9640E+00  2.3139E+00  0.0000E+00 -6.7844E-03
 19109 -7.9640E+00  2.3139E+00  1.0000E-01 -6.7278E-03
 19206 -7.9640E+00  2.3139E+00  2.0000E-01 -6.7298E-03
 19255 -7.9640E+00  2.3139E+00  3.0000E-01 -6.7299E-03
 19304 -7.9640E+00  2.3139E+00  4.0000E-01 -6.7300E-03
 19353 -7.9640E+00  2.3139E+00  5.0000E-01 -6.7300E-03
 19402 -7.9640E+00  2.3139E+00  6.0000E-01 -6.7300E-03
 19451 -7.9640E+00  2.3139E+00  7.0000E-01 -6.7299E-03
 19500 -7.9640E+00  2.3139E+00  8.0000E-01 -6.7298E-03
 19549 -7.9640E+00  2.3139E+00  9.0000E-01 -6.7278E-03
 19598 -7.9640E+00  2.3139E+00  1.0000E+00 -6.7844E-03
 19647 -7.9718E+00  2.3349E+00  0.0000E+00 -6.7200E-03
 19648 -7.9719E+00  2.3349E+00  1.0000E-01 -6.6863E-03
 19745 -7.9719E+00  2.3349E+00  2.0000E-01 -6.6870E-03
 19794 -7.9719E+00  2.3349E+00  3.0000E-01 -6.6871E-03
 19843 -7.9719E+00  2.3349E+00  4.0000E-01 -6.6872E-03
 19892 -7.9719E+00  2.3349E+00  5.0000E-01 -6.6872E-03
 19941 -7.9719E+00  2.3349E+00  6.0000E-01 -6.6872E-03
 19990 -7.9719E+00  2.3349E+00  7.0000E-01 -6.6871E-03
 20039 -7.9719E+00  2.3349E+00  8.0000E-01 -6.6870E-03
 20088 -7.9719E+00  2.3349E+00  9.0000E-01 -6.6863E-03
 20137 -7.9718E+00  2.3349E+00  1.0000E+00 -6.7197E-03
 20186 -7.9788E+00  2.3562E+00  0.0000E+00 -6.1702E-03
 20187 -7.9788E+00  2.3562E+00  1.0000E-01 -6.0967E-03
 20284 -7.9788E+00  2.3562E+00  2.0000E-01 -6.0964E-03
 20333 -7.9788E+00  2.3562E+00  3.0000E-01 -6.0966E-03
 20382 -7.9788E+00  2.3562E+00  4.0000E-01 -6.0966E-03
 20431 -7.9788E+00  2.3562E+00  5.0000E-01 -6.0966E-03
 20480 -7.9788E+00  2.3562E+00  6.0000E-01 -6.0966E-03
 20529 -7.9788E+00  2.3562E+00  7.0000E-01 -6.0966E-03
 20578 -7.9788E+00  2.3562E+00  8.0000E-01 -6.0964E-03
 20627 -7.9788E+00  2.3562E+00  9.0000E-01 -6.0967E-03
 20676 -7.9788E+00  2.3562E+00  1.0000E+00 -6.1711E-03
 20725 -7.9848E+00  2.3778E+00  5.5080E-17 -5.0069E-03
 20726 -7.9848E+00  2.3778E+00  1.0000E-01 -5.0097E-03
 20823 -7.9848E+00  2.3778E+00  2.0000E-01 -5.0094E-03
 20872 -7.9848E+00  2.3778E+00  3.0000E-01 -5.0095E-03
 20921 -7.9848E+00  2.3778E+00  4.0000E-01 -5.0095E-03
 20970 -7.9848E+00  2.3778E+00  5.0000E-01 -5.0095E-03
 21019 -7.9848E+00  2.3778E+00  6.0000E-01 -5.0095E-03
 21068 -7.9848E+00  2.3778E+00  7.0000E-01 -5.0095E-03
 21117 -7.9848E+00  2.3778E+00  8.0000E-01 -5.0094E-03
 21166 -7.9848E+00  2.3778E+00  9.0000E-01 -5.0097E-03
 21215 -7.9848E+00  2.3778E+00  1.0000E+00 -5.0070E-03
 21264 -7.9898E+00  2.3997E+00 -3.4700E-17 -3.6907E-03
 21265 -7.9898E+00  2.3997E+00  1.0000E-01 -3.6885E-03
 21362 -7.9898E+00  2.3997E+00  2.0000E-01 -3.6883E-03
 21411 -7.9898E+00  2.3997E+00  3.0000E-01 -3.6883E-03
 21460 -7.9898E+00  2.3997E+00  4.0000E-01 -3.6883E-03
 21509 -7.9898E+00  2.3997E+00  5.0000E-01 -3.6883E-03
 21558 -7.9898E+00  2.3997E+00  6.0000E-01 -3.6883E-03
 21607 -7.9898E+00  2.3997E+00  7.0000E-01 -3.6883E-03
 21656 -7.9898E+00  2.3997E+00  8.0000E-01 -3.6883E-03
 21705 -7.9898E+00  2.3997E+00  9.0000E-01 -3.6887E-03
 21754 -7.9898E+00  2.3997E+00  1.0000E+00 -3.6902E-03
 21803 -7.9937E+00  2.4218E+00  6.9390E-18 -2.4578E-03
 21804 -7.9937E+00  2.4218E+00  1.0000E-01 -2.4577E-03
 21901 -7.9937E+00  2.4218E+00  2.0000E-01 -2.4576E-03
 21950 -7.9937E+00  2.4218E+00  3.0000E-01 -2.4576E-03
 21999 -7.9937E+00  2.4218E+00  4.0000E-01 -2.4576E-03
 22048 -7.9937E+00  2.4218E+00  5.0000E-01 -2.4576E-03
 22097 -7.9937E+00  2.4218E+00  6.0000E-01 -2.4576E-03
 22146 -7.9937E+00  2.4218E+00  7.0000E-01 -2.4576E-03
 22195 -7.9937E+00  2.4218E+00  8.0000E-01 -2.4576E-03
 22244 -7.9937E+00  2.4218E+00  9.0000E-01 -2.4571E-03
 22293 -7.9937E+00  2.4218E+00  1.0000E+00 -2.4579E-03
 22342 -7.9967E+00  2.4440E+00  1.3880E-17 -1.4018E-03
 22343 -7.9967E+00  2.4440E+00  1.0000E-01 -1.4018E-03
 22440 -7.9967E+00  2.4440E+00  2.0000E-01 -1.4017E-03
 22489 -7.9967E+00  2.4440E+00  3.0000E-01 -1.4017E-03
 22538 -7.9967E+00  2.4440E+00  4.0000E-01 -1.4017E-03
 22587 -7.9967E+00  2.4440E+00  5.0000E-01 -1.4017E-03
 22636 -7.9967E+00  2.4440E+00  6.0000E-01 -1.4017E-03
 22685 -7.9967E+00  2.4440E+00  7.0000E-01 -1.4017E-03
 22734 -7.9967E+00  2.4440E+00  8.0000E-01 -1.4017E-03
 22783 -7.9967E+00  2.4440E+00  9.0000E-01 -1.4017E-03
 22832 -7.9967E+00  2.4440E+00  1.0000E+00 -1.4018E-03
 22881 -7.9987E+00  2.4664E+00 -1.3900E-17 -6.1860E-04
 22882 -7.9987E+00  2.4664E+00  1.0000E-01 -6.1804E-04
 22979 -7.9987E+00  2.4664E+00  2.0000E-01 -6.1802E-04
 23028 -7.9987E+00  2.4664E+00  3.0000E-01 -6.1802E-04
 23077 -7.9987E+00  2.4664E+00  4.0000E-01 -6.1802E-04
 23126 -7.9987E+00  2.4664E+00  5.0000E-01 -6.1802E-04
 23175 -7.9987E+00  2.4664E+00  6.0000E-01 -6.1802E-04
 23224 -7.9987E+00  2.4664E+00  7.0000E-01 -6.1802E-04
 23273 -7.9987E+00  2.4664E+00  8.0000E-01 -6.1802E-04
 23322 -7.9987E+00  2.4664E+00  9.0000E-01 -6.1851E-04
 23371 -7.9987E+00  2.4664E+00  1.0000E+00 -6.1861E-04
 23420 -7.9997E+00  2.4888E+00  0.0000E+00 -2.0404E-04
 23421 -7.9997E+00  2.4888E+00  1.0000E-01 -2.0414E-04
 23518 -7.9997E+00  2.4888E+00  2.0000E-01 -2.0413E-04
 23567 -7.9997E+00  2.4888E+00  3.0000E-01 -2.0413E-04
 23616 -7.9997E+00  2.4888E+00  4.0000E-01 -2.0413E-04
 23665 -7.9997E+00  2.4888E+00  5.0000E-01 -2.0413E-04
 23714 -7.9997E+00  2.4888E+00  6.0000E-01 -2.0413E-04
 23763 -7.9997E+00  2.4888E+00  7.0000E-01 -2.0413E-04
 23812 -7.9997E+00  2.4888E+00  8.0000E-01 -2.0413E-04
 23861 -7.9997E+00  2.4888E+00  9.0000E-01 -2.0401E-04
 23910 -7.9997E+00  2.4888E+00  1.0000E+00 -2.0403E-04
 23959 -7.9997E+00  2.5112E+00  0.0000E+00 -2.0393E-04
 23960 -7.9997E+00  2.5112E+00  1.0000E-01 -2.0387E-04
 24057 -7.9997E+00  2.5112E+00  2.0000E-01 -2.0387E-04
 24106 -7.9997E+00  2.5112E+00  3.0000E-01 -2.0386E-04
 24155 -7.9997E+00  2.5112E+00  4.0000E-01 -2.0387E-04
 24204 -7.9997E+00  2.5112E+00  5.0000E-01 -2.0387E-04
 24253 -7.9997E+00  2.5112E+00  6.0000E-01 -2.0387E-04
 24302 -7.9997E+00  2.5112E+00  7.0000E-01 -2.0386E-04
 24351 -7.9997E+00  2.5112E+00  8.0000E-01 -2.0387E-04
 24400 -7.9997E+00  2.5112E+00  9.0000E-01 -2.0391E-04
 24449 -7.9997E+00  2.5112E+00  1.0000E+00 -2.0393E-04
 24498 -7.9987E+00  2.5336E+00  0.0000E+00 -6.1861E-04
 24499 -7.9987E+00  2.5336E+00  1.0000E-01 -6.1852E-04
 24596 -7.9987E+00  2.5336E+00  2.0000E-01 -6.1850E-04
 24645 -7.9987E+00  2.5336E+00  3.0000E-01 -6.1850E-04
 24694 -7.9987E+00  2.5336E+00  4.0000E-01 -6.1850E-04
 24743 -7.9987E+00  2.5336E+00  5.0000E-01 -6.1850E-04
 24792 -7.9987E+00  2.5336E+00  6.0000E-01 -6.1850E-04
 24841 -7.9987E+00  2.5336E+00  7.0000E-01 -6.1850E-04
 24890 -7.9987E+00  2.5336E+00  8.0000E-01 -6.1850E-04
 24939 -7.9987E+00  2.5336E+00  9.0000E-01 -6.1851E-04
 24988 -7.9987E+00  2.5336E+00  1.0000E+00 -6.1861E-04
 25037 -7.9967E+00  2.5560E+00  0.0000E+00 -1.4024E-03
 25038 -7.9967E+00  2.5560E+00  1.0000E-01 -1.4023E-03
 25135 -7.9967E+00  2.5560E+00  2.0000E-01 -1.4023E-03
 25184 -7.9967E+00  2.5560E+00  3.0000E-01 -1.4023E-03
 25233 -7.9967E+00  2.5560E+00  4.0000E-01 -1.4023E-03
 25282 -7.9967E+00  2.5560E+00  5.0000E-01 -1.4023E-03
 25331 -7.9967E+00  2.5560E+00  6.0000E-01 -1.4023E-03
 25380 -7.9967E+00  2.5560E+00  7.0000E-01 -1.4023E-03
 25429 -7.9967E+00  2.5560E+00  8.0000E-01 -1.4023E-03
 25478 -7.9967E+00  2.5560E+00  9.0000E-01 -1.4023E-03
 25527 -7.9967E+00  2.5560E+00  1.0000E+00 -1.4024E-03
 25576 -7.9937E+00  2.5782E+00  2.7760E-17 -2.4583E-03
 25577 -7.9937E+00  2.5782E+00  1.0000E-01 -2.4574E-03
 25674 -7.9937E+00  2.5782E+00  2.0000E-01 -2.4573E-03
 25723 -7.9937E+00  2.5782E+00  3.0000E-01 -2.4573E-03
 25772 -7.9937E+00  2.5782E+00  4.0000E-01 -2.4573E-03
 25821 -7.9937E+00  2.5782E+00  5.0000E-01 -2.4573E-03
 25870 -7.9937E+00  2.5782E+00  6.0000E-01 -2.4573E-03
 25919 -7.9937E+00  2.5782E+00  7.0000E-01 -2.4573E-03
 25968 -7.9937E+00  2.5782E+00  8.0000E-01 -2.4573E-03
 26017 -7.9937E+00  2.5782E+00  9.0000E-01 -2.4574E-03
 26066 -7.9937E+00  2.5782E+00  1.0000E+00 -2.4583E-03
 26115 -7.9898E+00  2.6003E+00  0.0000E+00 -3.6905E-03
 26116 -7.9898E+00  2.6003E+00  1.0000E-01 -3.6890E-03
 26213 -7.9898E+00  2.6003E+00  2.0000E-01 -3.6888E-03
 26262 -7.9898E+00  2.6003E+00  3.0000E-01 -3.6889E-03
 26311 -7.9898E+00  2.6003E+00  4.0000E-01 -3.6889E-03
 26360 -7.9898E+00  2.6003E+00  5.0000E-01 -3.6889E-03
 26409 -7.9898E+00  2.6003E+00  6.0000E-01 -3.6889E-03
 26458 -7.9898E+00  2.6003E+00  7.0000E-01 -3.6889E-03
 26507 -7.9898E+00  2.6003E+00  8.0000E-01 -3.6888E-03
 26556 -7.9898E+00  2.6003E+00  9.0000E-01 -3.6890E-03
 26605 -7.9898E+00  2.6003E+00  1.0000E+00 -3.6905E-03
 26654 -7.9848E+00  2.6222E+00  0.0000E+00 -5.0066E-03
 26655 -7.9848E+00  2.6222E+00  1.0000E-01 -5.0092E-03
 26752 -7.9848E+00  2.6222E+00  2.0000E-01 -5.0089E-03
 26801 -7.9848E+00  2.6222E+00  3.0000E-01 -5.0090E-03
 26850 -7.9848E+00  2.6222E+00  4.0000E-01 -5.0090E-03
 26899 -7.9848E+00  2.6222E+00  5.0000E-01 -5.0090E-03
 26948 -7.9848E+00  2.6222E+00  6.0000E-01 -5.0090E-03
 26997 -7.9848E+00  2.6222E+00  7.0000E-01 -5.0090E-03
 27046 -7.9848E+00  2.6222E+00  8.0000E-01 -5.0088E-03
 27095 -7.9848E+00  2.6222E+00  9.0000E-01 -5.0092E-03
 27144 -7.9848E+00  2.6222E+00  1.0000E+00 -5.0066E-03
 27193 -7.9788E+00  2.6438E+00  1.4170E-14 -6.1705E-03
 27194 -7.9788E+00  2.6438E+00  1.0000E-01 -6.0965E-03
 27291 -7.9788E+00  2.6438E+00  2.0000E-01 -6.0961E-03
 27340 -7.9788E+00  2.6438E+00  3.0000E-01 -6.0963E-03
 27389 -7.9788E+00  2.6438E+00  4.0000E-01 -6.0963E-03
 27438 -7.9788E+00  2.6438E+00  5.0000E-01 -6.0963E-03
 27487 -7.9788E+00  2.6438E+00  6.0000E-01 -6.0963E-03
 27536 -7.9788E+00  2.6438E+00  7.0000E-01 -6.0963E-03
 27585 -7.9788E+00  2.6438E+00  8.0000E-01 -6.0961E-03
 27634 -7.9788E+00  2.6438E+00  9.0000E-01 -6.0964E-03
 27683 -7.9788E+00  2.6438E+00  1.0000E+00 -6.1705E-03
 27732 -7.9718E+00  2.6651E+00  0.0000E+00 -6.7204E-03
 27733 -7.9719E+00  2.6651E+00  1.0000E-01 -6.6870E-03
 27830 -7.9719E+00  2.6651E+00  2.0000E-01 -6.6876E-03
 27879 -7.9719E+00  2.6651E+00  3.0000E-01 -6.6878E-03
 27928 -7.9719E+00  2.6651E+00  4.0000E-01 -6.6879E-03
 27977 -7.9719E+00  2.6651E+00  5.0000E-01 -6.6879E-03
 28026 -7.9719E+00  2.6651E+00  6.0000E-01 -6.6879E-03
 28075 -7.9719E+00  2.6651E+00  7.0000E-01 -6.6878E-03
 28124 -7.9719E+00  2.6651E+00  8.0000E-01 -6.6876E-03
 28173 -7.9719E+00  2.6651E+00  9.0000E-01 -6.6870E-03
 28222 -7.9718E+00  2.6651E+00  1.0000E+00 -6.7204E-03
 28271 -7.9640E+00  2.6861E+00  0.0000E+00 -6.7850E-03
 28272 -7.9640E+00  2.6861E+00  1.0000E-01 -6.7276E-03
 28369 -7.9640E+00  2.6861E+00  2.0000E-01 -6.7296E-03
 28418 -7.9640E+00  2.6861E+00  3.0000E-01 -6.7297E-03
 28467 -7.9640E+00  2.6861E+00  4.0000E-01 -6.7298E-03
 28516 -7.9640E+00  2.6861E+00  5.0000E-01 -6.7298E-03
 28565 -7.9640E+00  2.6861E+00  6.0000E-01 -6.7298E-03
 28614 -7.9640E+00  2.6861E+00  7.0000E-01 -6.7297E-03
 28663 -7.9640E+00  2.6861E+00  8.0000E-01 -6.7296E-03
 28712 -7.9640E+00  2.6861E+00  9.0000E-01 -6.7276E-03
 28761 -7.9640E+00  2.6861E+00  1.0000E+00 -6.7850E-03
 28810 -7.9550E+00  2.7067E+00  0.0000E+00 -6.0095E-03
 28811 -7.9552E+00  2.7067E+00  1.0000E-01 -5.9146E-03
 28908 -7.9552E+00  2.7067E+00  2.0000E-01 -5.9183E-03
 28957 -7.9552E+00  2.7067E+00  3.0000E-01 -5.9182E-03
 29006 -7.9552E+00  2.7067E+00  4.0000E-01 -5.9184E-03
 29055 -7.9552E+00  2.7067E+00  5.0000E-01 -5.9184E-03
 29104 -7.9552E+00  2.7067E+00  6.0000E-01 -5.9184E-03
 29153 -7.9552E+00  2.7067E+00  7.0000E-01 -5.9182E-03
 29202 -7.9552E+00  2.7067E+00  8.0000E-01 -5.9183E-03
 29251 -7.9552E+00  2.7067E+00  9.0000E-01 -5.9146E-03
 29300 -7.9550E+00  2.7067E+00  1.0000E+00 -6.0095E-03
 29349 -7.9453E+00  2.7269E+00  0.0000E+00 -3.9842E-03
 29350 -7.9454E+00  2.7270E+00  1.0000E-01 -4.0405E-03
 29447 -7.9454E+00  2.7270E+00  2.0000E-01 -4.0450E-03
 29496 -7.9454E+00  2.7270E+00  3.0000E-01 -4.0449E-03
 29545 -7.9454E+00  2.7270E+00  4.0000E-01 -4.0451E-03
 29594 -7.9454E+00  2.7270E+00  5.0000E-01 -4.0451E-03
 29643 -7.9454E+00  2.7270E+00  6.0000E-01 -4.0451E-03
 29692 -7.9454E+00  2.7270E+00  7.0000E-01 -4.0449E-03
 29741 -7.9454E+00  2.7270E+00  8.0000E-01 -4.0450E-03
 29790 -7.9454E+00  2.7270E+00  9.0000E-01 -4.0405E-03
 29839 -7.9453E+00  2.7269E+00  1.0000E+00 -3.9842E-03
 29888 -7.9348E+00  2.7467E+00  0.0000E+00 -8.9533E-04
 29889 -7.9348E+00  2.7467E+00  1.0000E-01 -9.0548E-04
 29986 -7.9348E+00  2.7467E+00  2.0000E-01 -9.0815E-04
 30035 -7.9348E+00  2.7467E+00  3.0000E-01 -9.0844E-04
 30084 -7.9348E+00  2.7467E+00  4.0000E-01 -9.0866E-04
 30133 -7.9348E+00  2.7467E+00  5.0000E-01 -9.0870E-04
 30182 -7.9348E+00  2.7467E+00  6.0000E-01 -9.0866E-04
 30231 -7.9348E+00  2.7467E+00  7.0000E-01 -9.0844E-04
 30280 -7.9348E+00  2.7467E+00  8.0000E-01 -9.0815E-04
 30329 -7.9348E+00  2.7467E+00  9.0000E-01 -9.0549E-04
 30378 -7.9348E+00  2.7467E+00  1.0000E+00 -8.9533E-04
 30427 -7.9233E+00  2.7660E+00  0.0000E+00  3.7491E-03
 30428 -7.9233E+00  2.7660E+00  1.0000E-01  3.7354E-03
 30525 -7.9233E+00  2.7660E+00  2.0000E-01  3.7352E-03
 30574 -7.9233E+00  2.7660E+00  3.0000E-01  3.7345E-03
 30623 -7.9233E+00  2.7660E+00  4.0000E-01  3.7343E-03
 30672 -7.9233E+00  2.7660E+00  5.0000E-01  3.7342E-03
 30721 -7.9233E+00  2.7660E+00  6.0000E-01  3.7343E-03
 30770 -7.9233E+00  2.7660E+00  7.0000E-01  3.7345E-03
 30819 -7.9233E+00  2.7660E+00  8.0000E-01  3.7352E-03
 30868 -7.9233E+00  2.7660E+00  9.0000E-01  3.7354E-03
 30917 -7.9233E+00  2.7660E+00  1.0000E+00  3.7491E-03
 30966 -7.9109E+00  2.7846E+00  0.0000E+00  9.9650E-03
 30967 -7.9109E+00  2.7847E+00  1.0000E-01  9.8881E-03
 31064 -7.9109E+00  2.7847E+00  2.0000E-01  9.8903E-03
 31113 -7.9109E+00  2.7847E+00  3.0000E-01  9.8891E-03
 31162 -7.9109E+00  2.7847E+00  4.0000E-01  9.8889E-03
 31211 -7.9109E+00  2.7847E+00  5.0000E-01  9.8889E-03
 31260 -7.9109E+00  2.7847E+00  6.0000E-01  9.8889E-03
 31309 -7.9109E+00  2.7847E+00  7.0000E-01  9.8891E-03
 31358 -7.9109E+00  2.7847E+00  8.0000E-01  9.8903E-03
 31407 -7.9109E+00  2.7847E+00  9.0000E-01  9.8881E-03
 31456 -7.9109E+00  2.7846E+00  1.0000E+00  9.9650E-03
 31505 -7.8976E+00  2.8028E+00  0.0000E+00  1.7750E-02
 31506 -7.8978E+00  2.8029E+00  1.0000E-01  1.8072E-02
 31603 -7.8978E+00  2.8029E+00  2.0000E-01  1.8076E-02
 31652 -7.8978E+00  2.8029E+00  3.0000E-01  1.8074E-02
 31701 -7.8978E+00  2.8029E+00  4.0000E-01  1.8074E-02
 31750 -7.8978E+00  2.8029E+00  5.0000E-01  1.8074E-02
 31799 -7.8978E+00  2.8029E+00  6.0000E-01  1.8074E-02
 31848 -7.8978E+00  2.8029E+00  7.0000E-01  1.8074E-02
 31897 -7.8978E+00  2.8029E+00  8.0000E-01  1.8076E-02
 31946 -7.8978E+00  2.8029E+00  9.0000E-01  1.8072E-02
 31995 -7.8976E+00  2.8028E+00  1.0000E+00  1.7750E-02
 32044 -7.8837E+00  2.8203E+00  1.3880E-17  2.7309E-02
 32045 -7.8837E+00  2.8203E+00  1.0000E-01  2.7517E-02
 32142 -7.8837E+00  2.8203E+00  2.0000E-01  2.7516E-02
 32191 -7.8837E+00  2.8203E+00  3.0000E-01  2.7515E-02
 32240 -7.8837E+00  2.8203E+00  4.0000E-01  2.7515E-02
 32289 -7.8837E+00  2.8203E+00  5.0000E-01  2.7515E-02
 32338 -7.8837E+00  2.8203E+00  6.0000E-01  2.7515E-02
 32387 -7.8837E+00  2.8203E+00  7.0000E-01  2.7515E-02
 32436 -7.8837E+00  2.8203E+00  8.0000E-01  2.7516E-02
 32485 -7.8837E+00  2.8203E+00  9.0000E-01  2.7517E-02
 32534 -7.8837E+00  2.8203E+00  1.0000E+00  2.7309E-02
 32583 -7.8690E+00  2.8373E+00  0.0000E+00  3.8785E-02
 32584 -7.8690E+00  2.8373E+00  1.0000E-01  3.8648E-02
 32681 -7.8690E+00  2.8373E+00  2.0000E-01  3.8637E-02
 32730 -7.8690E+00  2.8373E+00  3.0000E-01  3.8637E-02
 32779 -7.8690E+00  2.8373E+00  4.0000E-01  3.8637E-02
 32828 -7.8690E+00  2.8373E+00  5.0000E-01  3.8637E-02
 32877 -7.8690E+00  2.8373E+00  6.0000E-01  3.8637E-02
 32926 -7.8690E+00  2.8373E+00  7.0000E-01  3.8637E-02
 32975 -7.8690E+00  2.8373E+00  8.0000E-01  3.8637E-02
 33024 -7.8690E+00  2.8373E+00  9.0000E-01  3.8648E-02
 33073 -7.8690E+00  2.8373E+00  1.0000E+00  3.8785E-02
 33122 -7.8535E+00  2.8535E+00  0.0000E+00  5.2776E-02
 33123 -7.8535E+00  2.8535E+00  1.0000E-01  5.2686E-02
 33220 -7.8535E+00  2.8535E+00  2.0000E-01  5.2667E-02
 33269 -7.8535E+00  2.8535E+00  3.0000E-01  5.2669E-02
 33318 -7.8535E+00  2.8535E+00  4.0000E-01  5.2669E-02
 33367 -7.8535E+00  2.8535E+00  5.0000E-01  5.2669E-02
 33416 -7.8535E+00  2.8535E+00  6.0000E-01  5.2669E-02
 33465 -7.8535E+00  2.8535E+00  7.0000E-01  5.2669E-02
 33514 -7.8535E+00  2.8535E+00  8.0000E-01  5.2667E-02
 33563 -7.8535E+00  2.8535E+00  9.0000E-01  5.2686E-02
 33612 -7.8535E+00  2.8535E+00  1.0000E+00  5.2776E-02
 33661 -7.1465E+00  2.1465E+00  1.0000E-01  5.2686E-02
 33662 -7.1465E+00  2.1465E+00  0.0000E+00  5.2776E-02
 33665 -7.1627E+00  2.1310E+00  1.0000E-01  6.7593E-02
 33666 -7.1627E+00  2.1310E+00  0.0000E+00  6.7790E-02
 33669 -7.1797E+00  2.1163E+00  1.0000E-01  8.2671E-02
 33670 -7.1797E+00  2.1163E+00  0.0000E+00  8.3552E-02
 33673 -7.1971E+00  2.1022E+00  1.0000E-01  1.0099E-01
 33674 -7.1972E+00  2.1024E+00  0.0000E+00  1.0083E-01
 33677 -7.2153E+00  2.0891E+00  1.0000E-01  1.2043E-01
 33678 -7.2154E+00  2.0891E+00  0.0000E+00  1.1944E-01
 33681 -7.2340E+00  2.0767E+00  1.0000E-01  1.3995E-01
 33682 -7.2340E+00  2.0767E+00  0.0000E+00  1.4047E-01
 33685 -7.2533E+00  2.0652E+00  1.0000E-01  1.6019E-01
 33686 -7.2533E+00  2.0653E+00  0.0000E+00  1.6125E-01
 33689 -7.2730E+00  2.0546E+00  1.0000E-01  1.8044E-01
 33690 -7.2731E+00  2.0547E+00  0.0000E+00  1.8009E-01
 33693 -7.2933E+00  2.0448E+00  1.0000E-01  2.0076E-01
 33694 -7.2933E+00  2.0450E+00  0.0000E+00  1.9937E-01
 33697 -7.3139E+00  2.0360E+00  1.0000E-01  2.2039E-01
 33698 -7.3139E+00  2.0361E+00  0.0000E+00  2.2016E-01
 33701 -7.3349E+00  2.0281E+00  1.0000E-01  2.3905E-01
 33702 -7.3349E+00  2.0282E+00  0.0000E+00  2.3904E-01
 33705 -7.3562E+00  2.0212E+00  1.0000E-01  2.5655E-01
 33706 -7.3562E+00  2.0212E+00  0.0000E+00  2.5663E-01
 33709 -7.3779E+00  2.0152E+00  1.0000E-01  2.7284E-01
 33710 -7.3779E+00  2.0152E+00  3.4690E-17  2.7324E-01
 33713 -7.3997E+00  2.0102E+00  1.0000E-01  2.8630E-01
 33714 -7.3997E+00  2.0102E+00  0.0000E+00  2.8638E-01
 33717 -7.4218E+00  2.0063E+00  1.0000E-01  2.9698E-01
 33718 -7.4218E+00  2.0063E+00  6.9390E-18  2.9703E-01
 33721 -7.4440E+00  2.0033E+00  1.0000E-01  3.0544E-01
 33722 -7.4440E+00  2.0033E+00 -2.7800E-17  3.0547E-01
 33725 -7.4664E+00  2.0013E+00  1.0000E-01  3.1121E-01
 33726 -7.4664E+00  2.0013E+00  0.0000E+00  3.1123E-01
 33729 -7.4888E+00  2.0003E+00  1.0000E-01  3.1413E-01
 33730 -7.4888E+00  2.0003E+00  0.0000E+00  3.1414E-01
 33733 -7.5112E+00  2.0003E+00  1.0000E-01  3.1413E-01
 33734 -7.5112E+00  2.0003E+00  0.0000E+00  3.1414E-01
 33737 -7.5336E+00  2.0013E+00  1.0000E-01  3.1122E-01
 33738 -7.5336E+00  2.0013E+00  2.7760E-17  3.1123E-01
 33741 -7.5560E+00  2.0033E+00  1.0000E-01  3.0544E-01
 33742 -7.5560E+00  2.0033E+00  0.0000E+00  3.0546E-01
 33745 -7.5782E+00  2.0063E+00  1.0000E-01  2.9697E-01
 33746 -7.5782E+00  2.0063E+00  0.0000E+00  2.9702E-01
 33749 -7.6003E+00  2.0102E+00  1.0000E-01  2.8631E-01
 33750 -7.6003E+00  2.0102E+00  0.0000E+00  2.8640E-01
 33753 -7.6221E+00  2.0152E+00  1.0000E-01  2.7285E-01
 33754 -7.6221E+00  2.0152E+00  0.0000E+00  2.7325E-01
 33757 -7.6438E+00  2.0212E+00  1.0000E-01  2.5654E-01
 33758 -7.6438E+00  2.0212E+00  1.7350E-17  2.5662E-01
 33761 -7.6651E+00  2.0281E+00  1.0000E-01  2.3905E-01
 33762 -7.6651E+00  2.0282E+00  0.0000E+00  2.3903E-01
 33765 -7.6861E+00  2.0360E+00  1.0000E-01  2.2039E-01
 33766 -7.6861E+00  2.0361E+00  0.0000E+00  2.2016E-01
 33769 -7.7067E+00  2.0448E+00  1.0000E-01  2.0076E-01
 33770 -7.7067E+00  2.0450E+00  0.0000E+00  1.9937E-01
 33773 -7.7270E+00  2.0546E+00  1.0000E-01  1.8044E-01
 33774 -7.7269E+00  2.0547E+00  0.0000E+00  1.8009E-01
 33777 -7.7467E+00  2.0652E+00  1.0000E-01  1.6019E-01
 33778 -7.7467E+00  2.0653E+00  0.0000E+00  1.6125E-01
 33781 -7.7660E+00  2.0767E+00  1.0000E-01  1.3995E-01
 33782 -7.7660E+00  2.0767E+00  0.0000E+00  1.4047E-01
 33785 -7.7847E+00  2.0891E+00  1.0000E-01  1.2043E-01
 33786 -7.7846E+00  2.0891E+00  0.0000E+00  1.1944E-01
 33789 -7.8029E+00  2.1022E+00  1.0000E-01  1.0099E-01
 33790 -7.8028E+00  2.1024E+00  0.0000E+00  1.0083E-01
 33793 -7.8203E+00  2.1163E+00  1.0000E-01  8.2670E-02
 33794 -7.8203E+00  2.1163E+00  1.3880E-17  8.3551E-02
 33797 -7.8373E+00  2.1310E+00  1.0000E-01  6.7593E-02
 33798 -7.8373E+00  2.1310E+00  1.1240E-21  6.7790E-02
 37161 -7.1465E+00  2.1465E+00  2.0000E-01  5.2667E-02
 37163 -7.1627E+00  2.1310E+00  2.0000E-01  6.7572E-02
 37165 -7.1797E+00  2.1163E+00  2.0000E-01  8.2662E-02
 37167 -7.1971E+00  2.1022E+00  2.0000E-01  1.0101E-01
 37169 -7.2153E+00  2.0891E+00  2.0000E-01  1.2046E-01
 37171 -7.2340E+00  2.0767E+00  2.0000E-01  1.3995E-01
 37173 -7.2533E+00  2.0652E+00  2.0000E-01  1.6020E-01
 37175 -7.2730E+00  2.0546E+00  2.0000E-01  1.8051E-01
 37177 -7.2933E+00  2.0448E+00  2.0000E-01  2.0084E-01
 37179 -7.3139E+00  2.0360E+00  2.0000E-01  2.2044E-01
 37181 -7.3349E+00  2.0281E+00  2.0000E-01  2.3905E-01
 37183 -7.3562E+00  2.0212E+00  2.0000E-01  2.5652E-01
 37185 -7.3779E+00  2.0152E+00  2.0000E-01  2.7280E-01
 37187 -7.3997E+00  2.0102E+00  2.0000E-01  2.8626E-01
 37189 -7.4218E+00  2.0063E+00  2.0000E-01  2.9696E-01
 37191 -7.4440E+00  2.0033E+00  2.0000E-01  3.0543E-01
 37193 -7.4664E+00  2.0013E+00  2.0000E-01  3.1120E-01
 37195 -7.4888E+00  2.0003E+00  2.0000E-01  3.1412E-01
 37197 -7.5112E+00  2.0003E+00  2.0000E-01  3.1412E-01
 37199 -7.5336E+00  2.0013E+00  2.0000E-01  3.1120E-01
 37201 -7.5560E+00  2.0033E+00  2.0000E-01  3.0542E-01
 37203 -7.5782E+00  2.0063E+00  2.0000E-01  2.9695E-01
 37205 -7.6003E+00  2.0102E+00  2.0000E-01  2.8628E-01
 37207 -7.6221E+00  2.0152E+00  2.0000E-01  2.7281E-01
 37209 -7.6438E+00  2.0212E+00  2.0000E-01  2.5651E-01
 37211 -7.6651E+00  2.0281E+00  2.0000E-01  2.3905E-01
 37213 -7.6861E+00  2.0360E+00  2.0000E-01  2.2044E-01
 37215 -7.7067E+00  2.0448E+00  2.0000E-01  2.0084E-01
 37217 -7.7270E+00  2.0546E+00  2.0000E-01  1.8051E-01
 37219 -7.7467E+00  2.0652E+00  2.0000E-01  1.6021E-01
 37221 -7.7660E+00  2.0767E+00  2.0000E-01  1.3995E-01
 37223 -7.7847E+00  2.0891E+00  2.0000E-01  1.2045E-01
 37225 -7.8029E+00  2.1022E+00  2.0000E-01  1.0101E-01
 37227 -7.8203E+00  2.1163E+00  2.0000E-01  8.2661E-02
 37229 -7.8373E+00  2.1310E+00  2.0000E-01  6.7572E-02
 38911 -7.1465E+00  2.1465E+00  3.0000E-01  5.2669E-02
 38913 -7.1627E+00  2.1310E+00  3.0000E-01  6.7575E-02
 38915 -7.1797E+00  2.1163E+00  3.0000E-01  8.2665E-02
 38917 -7.1971E+00  2.1022E+00  3.0000E-01  1.0101E-01
 38919 -7.2153E+00  2.0891E+00  3.0000E-01  1.2046E-01
 38921 -7.2340E+00  2.0767E+00  3.0000E-01  1.3996E-01
 38923 -7.2533E+00  2.0652E+00  3.0000E-01  1.6021E-01
 38925 -7.2730E+00  2.0546E+00  3.0000E-01  1.8051E-01
 38927 -7.2933E+00  2.0448E+00  3.0000E-01  2.0084E-01
 38929 -7.3139E+00  2.0360E+00  3.0000E-01  2.2044E-01
 38931 -7.3349E+00  2.0281E+00  3.0000E-01  2.3906E-01
 38933 -7.3562E+00  2.0212E+00  3.0000E-01  2.5653E-01
 38935 -7.3779E+00  2.0152E+00  3.0000E-01  2.7281E-01
 38937 -7.3997E+00  2.0102E+00  3.0000E-01  2.8626E-01
 38939 -7.4218E+00  2.0063E+00  3.0000E-01  2.9696E-01
 38941 -7.4440E+00  2.0033E+00  3.0000E-01  3.0542E-01
 38943 -7.4664E+00  2.0013E+00  3.0000E-01  3.1120E-01
 38945 -7.4888E+00  2.0003E+00  3.0000E-01  3.1411E-01
 38947 -7.5112E+00  2.0003E+00  3.0000E-01  3.1411E-01
 38949 -7.5336E+00  2.0013E+00  3.0000E-01  3.1120E-01
 38951 -7.5560E+00  2.0033E+00  3.0000E-01  3.0541E-01
 38953 -7.5782E+00  2.0063E+00  3.0000E-01  2.9694E-01
 38955 -7.6003E+00  2.0102E+00  3.0000E-01  2.8628E-01
 38957 -7.6221E+00  2.0152E+00  3.0000E-01  2.7282E-01
 38959 -7.6438E+00  2.0212E+00  3.0000E-01  2.5652E-01
 38961 -7.6651E+00  2.0281E+00  3.0000E-01  2.3906E-01
 38963 -7.6861E+00  2.0360E+00  3.0000E-01  2.2044E-01
 38965 -7.7067E+00  2.0448E+00  3.0000E-01  2.0084E-01
 38967 -7.7270E+00  2.0546E+00  3.0000E-01  1.8051E-01
 38969 -7.7467E+00  2.0652E+00  3.0000E-01  1.6022E-01
 38971 -7.7660E+00  2.0767E+00  3.0000E-01  1.3996E-01
 38973 -7.7847E+00  2.0891E+00  3.0000E-01  1.2045E-01
 38975 -7.8029E+00  2.1022E+00  3.0000E-01  1.0101E-01
 38977 -7.8203E+00  2.1163E+00  3.0000E-01  8.2664E-02
 38979 -7.8373E+00  2.1310E+00  3.0000E-01  6.7575E-02
 40661 -7.1465E+00  2.1465E+00  4.0000E-01  5.2669E-02
 40663 -7.1627E+00  2.1310E+00  4.0000E-01  6.7575E-02
 40665 -7.1797E+00  2.1163E+00  4.0000E-01  8.2665E-02
 40667 -7.1971E+00  2.1022E+00  4.0000E-01  1.0101E-01
 40669 -7.2153E+00  2.0891E+00  4.0000E-01  1.2046E-01
 40671 -7.2340E+00  2.0767E+00  4.0000E-01  1.3996E-01
 40673 -7.2533E+00  2.0652E+00  4.0000E-01  1.6021E-01
 40675 -7.2730E+00  2.0546E+00  4.0000E-01  1.8051E-01
 40677 -7.2933E+00  2.0448E+00  4.0000E-01  2.0084E-01
 40679 -7.3139E+00  2.0360E+00  4.0000E-01  2.2044E-01
 40681 -7.3349E+00  2.0281E+00  4.0000E-01  2.3906E-01
 40683 -7.3562E+00  2.0212E+00  4.0000E-01  2.5653E-01
 40685 -7.3779E+00  2.0152E+00  4.0000E-01  2.7281E-01
 40687 -7.3997E+00  2.0102E+00  4.0000E-01  2.8626E-01
 40689 -7.4218E+00  2.0063E+00  4.0000E-01  2.9696E-01
 40691 -7.4440E+00  2.0033E+00  4.0000E-01  3.0542E-01
 40693 -7.4664E+00  2.0013E+00  4.0000E-01  3.1119E-01
 40695 -7.4888E+00  2.0003E+00  4.0000E-01  3.1411E-01
 40697 -7.5112E+00  2.0003E+00  4.0000E-01  3.1411E-01
 40699 -7.5336E+00  2.0013E+00  4.0000E-01  3.1120E-01
 40701 -7.5560E+00  2.0033E+00  4.0000E-01  3.0541E-01
 40703 -7.5782E+00  2.0063E+00  4.0000E-01  2.9694E-01
 40705 -7.6003E+00  2.0102E+00  4.0000E-01  2.8628E-01
 40707 -7.6221E+00  2.0152E+00  4.0000E-01  2.7282E-01
 40709 -7.6438E+00  2.0212E+00  4.0000E-01  2.5652E-01
 40711 -7.6651E+00  2.0281E+00  4.0000E-01  2.3906E-01
 40713 -7.6861E+00  2.0360E+00  4.0000E-01  2.2044E-01
 40715 -7.7067E+00  2.0448E+00  4.0000E-01  2.0084E-01
 40717 -7.7270E+00  2.0546E+00  4.0000E-01  1.8051E-01
 40719 -7.7467E+00  2.0652E+00  4.0000E-01  1.6022E-01
 40721 -7.7660E+00  2.0767E+00  4.0000E-01  1.3996E-01
 40723 -7.7847E+00  2.0891E+00  4.0000E-01  1.2045E-01
 40725 -7.8029E+00  2.1022E+00  4.0000E-01  1.0101E-01
 40727 -7.8203E+00  2.1163E+00  4.0000E-01  8.2664E-02
 40729 -7.8373E+00  2.1310E+00  4.0000E-01  6.7575E-02
 42411 -7.1465E+00  2.1465E+00  5.0000E-01  5.2668E-02
 42413 -7.1627E+00  2.1310E+00  5.0000E-01  6.7575E-02
 42415 -7.1797E+00  2.1163E+00  5.0000E-01  8.2665E-02
 42417 -7.1971E+00  2.1022E+00  5.0000E-01  1.0101E-01
 42419 -7.2153E+00  2.0891E+00  5.0000E-01  1.2046E-01
 42421 -7.2340E+00  2.0767E+00  5.0000E-01  1.3996E-01
 42423 -7.2533E+00  2.0652E+00  5.0000E-01  1.6021E-01
 42425 -7.2730E+00  2.0546E+00  5.0000E-01  1.8051E-01
 42427 -7.2933E+00  2.0448E+00  5.0000E-01  2.0084E-01
 42429 -7.3139E+00  2.0360E+00  5.0000E-01  2.2044E-01
 42431 -7.3349E+00  2.0281E+00  5.0000E-01  2.3906E-01
 42433 -7.3562E+00  2.0212E+00  5.0000E-01  2.5653E-01
 42435 -7.3779E+00  2.0152E+00  5.0000E-01  2.7281E-01
 42437 -7.3997E+00  2.0102E+00  5.0000E-01  2.8626E-01
 42439 -7.4218E+00  2.0063E+00  5.0000E-01  2.9696E-01
 42441 -7.4440E+00  2.0033E+00  5.0000E-01  3.0542E-01
 42443 -7.4664E+00  2.0013E+00  5.0000E-01  3.1119E-01
 42445 -7.4888E+00  2.0003E+00  5.0000E-01  3.1411E-01
 42447 -7.5112E+00  2.0003E+00  5.0000E-01  3.1411E-01
 42449 -7.5336E+00  2.0013E+00  5.0000E-01  3.1120E-01
 42451 -7.5560E+00  2.0033E+00  5.0000E-01  3.0541E-01
 42453 -7.5782E+00  2.0063E+00  5.0000E-01  2.9694E-01
 42455 -7.6003E+00  2.0102E+00  5.0000E-01  2.8628E-01
 42457 -7.6221E+00  2.0152E+00  5.0000E-01  2.7282E-01
 42459 -7.6438E+00  2.0212E+00  5.0000E-01  2.5652E-01
 42461 -7.6651E+00  2.0281E+00  5.0000E-01  2.3906E-01
 42463 -7.6861E+00  2.0360E+00  5.0000E-01  2.2044E-01
 42465 -7.7067E+00  2.0448E+00  5.0000E-01  2.0084E-01
 42467 -7.7270E+00  2.0546E+00  5.0000E-01  1.8051E-01
 42469 -7.7467E+00  2.0652E+00  5.0000E-01  1.6022E-01
 42471 -7.7660E+00  2.0767E+00  5.0000E-01  1.3996E-01
 42473 -7.7847E+00  2.0891E+00  5.0000E-01  1.2045E-01
 42475 -7.8029E+00  2.1022E+00  5.0000E-01  1.0101E-01
 42477 -7.8203E+00  2.1163E+00  5.0000E-01  8.2664E-02
 42479 -7.8373E+00  2.1310E+00  5.0000E-01  6.7575E-02
 44161 -7.1465E+00  2.1465E+00  6.0000E-01  5.2668E-02
 44163 -7.1627E+00  2.1310E+00  6.0000E-01  6.7575E-02
 44165 -7.1797E+00  2.1163E+00  6.0000E-01  8.2665E-02
 44167 -7.1971E+00  2.1022E+00  6.0000E-01  1.0101E-01
 44169 -7.2153E+00  2.0891E+00  6.0000E-01  1.2046E-01
 44171 -7.2340E+00  2.0767E+00  6.0000E-01  1.3996E-01
 44173 -7.2533E+00  2.0652E+00  6.0000E-01  1.6021E-01
 44175 -7.2730E+00  2.0546E+00  6.0000E-01  1.8051E-01
 44177 -7.2933E+00  2.0448E+00  6.0000E-01  2.0084E-01
 44179 -7.3139E+00  2.0360E+00  6.0000E-01  2.2044E-01
 44181 -7.3349E+00  2.0281E+00  6.0000E-01  2.3906E-01
 44183 -7.3562E+00  2.0212E+00  6.0000E-01  2.5653E-01
 44185 -7.3779E+00  2.0152E+00  6.0000E-01  2.7281E-01
 44187 -7.3997E+00  2.0102E+00  6.0000E-01  2.8626E-01
 44189 -7.4218E+00  2.0063E+00  6.0000E-01  2.9696E-01
 44191 -7.4440E+00  2.0033E+00  6.0000E-01  3.0542E-01
 44193 -7.4664E+00  2.0013E+00  6.0000E-01  3.1119E-01
 44195 -7.4888E+00  2.0003E+00  6.0000E-01  3.1411E-01
 44197 -7.5112E+00  2.0003E+00  6.0000E-01  3.1411E-01
 44199 -7.5336E+00  2.0013E+00  6.0000E-01  3.1120E-01
 44201 -7.5560E+00  2.0033E+00  6.0000E-01  3.0541E-01
 44203 -7.5782E+00  2.0063E+00  6.0000E-01  2.9694E-01
 44205 -7.6003E+00  2.0102E+00  6.0000E-01  2.8628E-01
 44207 -7.6221E+00  2.0152E+00  6.0000E-01  2.7282E-01
 44209 -7.6438E+00  2.0212E+00  6.0000E-01  2.5652E-01
 44211 -7.6651E+00  2.0281E+00  6.0000E-01  2.3906E-01
 44213 -7.6861E+00  2.0360E+00  6.0000E-01  2.2044E-01
 44215 -7.7067E+00  2.0448E+00  6.0000E-01  2.0084E-01
 44217 -7.7270E+00  2.0546E+00  6.0000E-01  1.8051E-01
 44219 -7.7467E+00  2.0652E+00  6.0000E-01  1.6022E-01
 44221 -7.7660E+00  2.0767E+00  6.0000E-01  1.3996E-01
 44223 -7.7847E+00  2.0891E+00  6.0000E-01  1.2045E-01
 44225 -7.8029E+00  2.1022E+00  6.0000E-01  1.0101E-01
 44227 -7.8203E+00  2.1163E+00  6.0000E-01  8.2664E-02
 44229 -7.8373E+00  2.1310E+00  6.0000E-01  6.7575E-02
 45911 -7.1465E+00  2.1465E+00  7.0000E-01  5.2668E-02
 45913 -7.1627E+00  2.1310E+00  7.0000E-01  6.7575E-02
 45915 -7.1797E+00  2.1163E+00  7.0000E-01  8.2665E-02
 45917 -7.1971E+00  2.1022E+00  7.0000E-01  1.0101E-01
 45919 -7.2153E+00  2.0891E+00  7.0000E-01  1.2046E-01
 45921 -7.2340E+00  2.0767E+00  7.0000E-01  1.3996E-01
 45923 -7.2533E+00  2.0652E+00  7.0000E-01  1.6021E-01
 45925 -7.2730E+00  2.0546E+00  7.0000E-01  1.8051E-01
 45927 -7.2933E+00  2.0448E+00  7.0000E-01  2.0084E-01
 45929 -7.3139E+00  2.0360E+00  7.0000E-01  2.2044E-01
 45931 -7.3349E+00  2.0281E+00  7.0000E-01  2.3906E-01
 45933 -7.3562E+00  2.0212E+00  7.0000E-01  2.5653E-01
 45935 -7.3779E+00  2.0152E+00  7.0000E-01  2.7281E-01
 45937 -7.3997E+00  2.0102E+00  7.0000E-01  2.8626E-01
 45939 -7.4218E+00  2.0063E+00  7.0000E-01  2.9696E-01
 45941 -7.4440E+00  2.0033E+00  7.0000E-01  3.0542E-01
 45943 -7.4664E+00  2.0013E+00  7.0000E-01  3.1120E-01
 45945 -7.4888E+00  2.0003E+00  7.0000E-01  3.1411E-01
 45947 -7.5112E+00  2.0003E+00  7.0000E-01  3.1411E-01
 45949 -7.5336E+00  2.0013E+00  7.0000E-01  3.1120E-01
 45951 -7.5560E+00  2.0033E+00  7.0000E-01  3.0541E-01
 45953 -7.5782E+00  2.0063E+00  7.0000E-01  2.9694E-01
 45955 -7.6003E+00  2.0102E+00  7.0000E-01  2.8628E-01
 45957 -7.6221E+00  2.0152E+00  7.0000E-01  2.7282E-01
 45959 -7.6438E+00  2.0212E+00  7.0000E-01  2.5652E-01
 45961 -7.6651E+00  2.0281E+00  7.0000E-01  2.3906E-01
 45963 -7.6861E+00  2.0360E+00  7.0000E-01  2.2044E-01
 45965 -7.7067E+00  2.0448E+00  7.0000E-01  2.0084E-01
 45967 -7.7270E+00  2.0546E+00  7.0000E-01  1.8051E-01
 45969 -7.7467E+00  2.0652E+00  7.0000E-01  1.6022E-01
 45971 -7.7660E+00  2.0767E+00  7.0000E-01  1.3996E-01
 45973 -7.7847E+00  2.0891E+00  7.0000E-01  1.2045E-01
 45975 -7.8029E+00  2.1022E+00  7.0000E-01  1.0101E-01
 45977 -7.8203E+00  2.1163E+00  7.0000E-01  8.2664E-02
 45979 -7.8373E+00  2.1310E+00  7.0000E-01  6.7575E-02
 47661 -7.1465E+00  2.1465E+00  8.0000E-01  5.2666E-02
 47663 -7.1627E+00  2.1310E+00  8.0000E-01  6.7572E-02
 47665 -7.1797E+00  2.1163E+00  8.0000E-01  8.2662E-02
 47667 -7.1971E+00  2.1022E+00  8.0000E-01  1.0101E-01
 47669 -7.2153E+00  2.0891E+00  8.0000E-01  1.2046E-01
 47671 -7.2340E+00  2.0767E+00  8.0000E-01  1.3995E-01
 47673 -7.2533E+00  2.0652E+00  8.0000E-01  1.6020E-01
 47675 -7.2730E+00  2.0546E+00  8.0000E-01  1.8051E-01
 47677 -7.2933E+00  2.0448E+00  8.0000E-01  2.0084E-01
 47679 -7.3139E+00  2.0360E+00  8.0000E-01  2.2044E-01
 47681 -7.3349E+00  2.0281E+00  8.0000E-01  2.3905E-01
 47683 -7.3562E+00  2.0212E+00  8.0000E-01  2.5652E-01
 47685 -7.3779E+00  2.0152E+00  8.0000E-01  2.7280E-01
 47687 -7.3997E+00  2.0102E+00  8.0000E-01  2.8626E-01
 47689 -7.4218E+00  2.0063E+00  8.0000E-01  2.9696E-01
 47691 -7.4440E+00  2.0033E+00  8.0000E-01  3.0543E-01
 47693 -7.4664E+00  2.0013E+00  8.0000E-01  3.1120E-01
 47695 -7.4888E+00  2.0003E+00  8.0000E-01  3.1412E-01
 47697 -7.5112E+00  2.0003E+00  8.0000E-01  3.1412E-01
 47699 -7.5336E+00  2.0013E+00  8.0000E-01  3.1120E-01
 47701 -7.5560E+00  2.0033E+00  8.0000E-01  3.0542E-01
 47703 -7.5782E+00  2.0063E+00  8.0000E-01  2.9695E-01
 47705 -7.6003E+00  2.0102E+00  8.0000E-01  2.8628E-01
 47707 -7.6221E+00  2.0152E+00  8.0000E-01  2.7281E-01
 47709 -7.6438E+00  2.0212E+00  8.0000E-01  2.5651E-01
 47711 -7.6651E+00  2.0281E+00  8.0000E-01  2.3905E-01
 47713 -7.6861E+00  2.0360E+00  8.0000E-01  2.2044E-01
 47715 -7.7067E+00  2.0448E+00  8.0000E-01  2.0084E-01
 47717 -7.7270E+00  2.0546E+00  8.0000E-01  1.8051E-01
 47719 -7.7467E+00  2.0652E+00  8.0000E-01  1.6021E-01
 47721 -7.7660E+00  2.0767E+00  8.0000E-01  1.3995E-01
 47723 -7.7847E+00  2.0891E+00  8.0000E-01  1.2045E-01
 47725 -7.8029E+00  2.1022E+00  8.0000E-01  1.0101E-01
 47727 -7.8203E+00  2.1163E+00  8.0000E-01  8.2661E-02
 47729 -7.8373E+00  2.1310E+00  8.0000E-01  6.7572E-02
 49411 -7.1465E+00  2.1465E+00  9.0000E-01  5.2686E-02
 49413 -7.1627E+00  2.1310E+00  9.0000E-01  6.7593E-02
 49415 -7.1797E+00  2.1163E+00  9.0000E-01  8.2671E-02
 49417 -7.1971E+00  2.1022E+00  9.0000E-01  1.0099E-01
 49419 -7.2153E+00  2.0891E+00  9.0000E-01  1.2043E-01
 49421 -7.2340E+00  2.0767E+00  9.0000E-01  1.3995E-01
 49423 -7.2533E+00  2.0652E+00  9.0000E-01  1.6019E-01
 49425 -7.2730E+00  2.0546E+00  9.0000E-01  1.8044E-01
 49427 -7.2933E+00  2.0448E+00  9.0000E-01  2.0076E-01
 49429 -7.3139E+00  2.0360E+00  9.0000E-01  2.2039E-01
 49431 -7.3349E+00  2.0281E+00  9.0000E-01  2.3905E-01
 49433 -7.3562E+00  2.0212E+00  9.0000E-01  2.5655E-01
 49435 -7.3779E+00  2.0152E+00  9.0000E-01  2.7284E-01
 49437 -7.3997E+00  2.0102E+00  9.0000E-01  2.8630E-01
 49439 -7.4218E+00  2.0063E+00  9.0000E-01  2.9698E-01
 49441 -7.4440E+00  2.0033E+00  9.0000E-01  3.0544E-01
 49443 -7.4664E+00  2.0013E+00  9.0000E-01  3.1121E-01
 49445 -7.4888E+00  2.0003E+00  9.0000E-01  3.1413E-01
 49447 -7.5112E+00  2.0003E+00  9.0000E-01  3.1413E-01
 49449 -7.5336E+00  2.0013E+00  9.0000E-01  3.1122E-01
 49451 -7.5560E+00  2.0033E+00  9.0000E-01  3.0544E-01
 49453 -7.5782E+00  2.0063E+00  9.0000E-01  2.9697E-01
 49455 -7.6003E+00  2.0102E+00  9.0000E-01  2.8631E-01
 49457 -7.6221E+00  2.0152E+00  9.0000E-01  2.7285E-01
 49459 -7.6438E+00  2.0212E+00  9.0000E-01  2.5654E-01
 49461 -7.6651E+00  2.0281E+00  9.0000E-01  2.3905E-01
 49463 -7.6861E+00  2.0360E+00  9.0000E-01  2.2039E-01
 49465 -7.7067E+00  2.0448E+00  9.0000E-01  2.0076E-01
 49467 -7.7270E+00  2.0546E+00  9.0000E-01  1.8044E-01
 49469 -7.7467E+00  2.0652E+00  9.0000E-01  1.6019E-01
 49471 -7.7660E+00  2.0767E+00  9.0000E-01  1.3995E-01
 49473 -7.7847E+00  2.0891E+00  9.0000E-01  1.2043E-01
 49475 -7.8029E+00  2.1022E+00  9.0000E-01  1.0099E-01
 49477 -7.8203E+00  2.1163E+00  9.0000E-01  8.2670E-02
 49479 -7.8373E+00  2.1310E+00  9.0000E-01  6.7593E-02
 51161 -7.1465E+00  2.1465E+00  1.0000E+00  5.2776E-02
 51163 -7.1627E+00  2.1310E+00  1.0000E+00  6.7790E-02
 51165 -7.1797E+00  2.1163E+00  1.0000E+00  8.3551E-02
 51167 -7.1972E+00  2.1024E+00  1.0000E+00  1.0083E-01
 51169 -7.2154E+00  2.0891E+00  1.0000E+00  1.1944E-01
 51171 -7.2340E+00  2.0767E+00  1.0000E+00  1.4047E-01
 51173 -7.2533E+00  2.0653E+00  1.0000E+00  1.6125E-01
 51175 -7.2731E+00  2.0547E+00  1.0000E+00  1.8009E-01
 51177 -7.2933E+00  2.0450E+00  1.0000E+00  1.9937E-01
 51179 -7.3139E+00  2.0361E+00  1.0000E+00  2.2017E-01
 51181 -7.3349E+00  2.0282E+00  1.0000E+00  2.3903E-01
 51183 -7.3562E+00  2.0212E+00  1.0000E+00  2.5662E-01
 51185 -7.3779E+00  2.0152E+00  1.0000E+00  2.7324E-01
 51187 -7.3997E+00  2.0102E+00  1.0000E+00  2.8638E-01
 51189 -7.4218E+00  2.0063E+00  1.0000E+00  2.9703E-01
 51191 -7.4440E+00  2.0033E+00  1.0000E+00  3.0547E-01
 51193 -7.4664E+00  2.0013E+00  1.0000E+00  3.1123E-01
 51195 -7.4888E+00  2.0003E+00  1.0000E+00  3.1414E-01
 51197 -7.5112E+00  2.0003E+00  1.0000E+00  3.1414E-01
 51199 -7.5336E+00  2.0013E+00  1.0000E+00  3.1123E-01
 51201 -7.5560E+00  2.0033E+00  1.0000E+00  3.0546E-01
 51203 -7.5782E+00  2.0063E+00  1.0000E+00  2.9701E-01
 51205 -7.6003E+00  2.0102E+00  1.0000E+00  2.8639E-01
 51207 -7.6221E+00  2.0152E+00  1.0000E+00  2.7325E-01
 51209 -7.6438E+00  2.0212E+00  1.0000E+00  2.5663E-01
 51211 -7.6651E+00  2.0282E+00  1.0000E+00  2.3903E-01
 51213 -7.6861E+00  2.0361E+00  1.0000E+00  2.2016E-01
 51215 -7.7067E+00  2.0450E+00  1.0000E+00  1.9937E-01
 51217 -7.7269E+00  2.0547E+00  1.0000E+00  1.8009E-01
 51219 -7.7467E+00  2.0653E+00  1.0000E+00  1.6125E-01
 51221 -7.7660E+00  2.0767E+00  1.0000E+00  1.4047E-01
 51223 -7.7846E+00  2.0891E+00  1.0000E+00  1.1944E-01
 51225 -7.8028E+00  2.1024E+00  1.0000E+00  1.0083E-01
 51227 -7.8203E+00  2.1163E+00  1.0000E+00  8.3551E-02
 51229 -7.8373E+00  2.1310E+00  1.0000E+00  6.7790E-02
 67156 -7.1310E+00  2.1627E+00  6.9390E-18  3.8787E-02
 67157 -7.1310E+00  2.1627E+00  1.0000E-01  3.8655E-02
 67254 -7.1310E+00  2.1627E+00  2.0000E-01  3.8644E-02
 67303 -7.1310E+00  2.1627E+00  3.0000E-01  3.8644E-02
 67352 -7.1310E+00  2.1627E+00  4.0000E-01  3.8644E-02
 67401 -7.1310E+00  2.1627E+00  5.0000E-01  3.8640E-02
 67450 -7.1310E+00  2.1627E+00  6.0000E-01  3.8640E-02
 67499 -7.1310E+00  2.1627E+00  7.0000E-01  3.8640E-02
 67548 -7.1310E+00  2.1627E+00  8.0000E-01  3.8639E-02
 67597 -7.1310E+00  2.1627E+00  9.0000E-01  3.8651E-02
 67646 -7.1310E+00  2.1627E+00  1.0000E+00  3.8787E-02
 67695 -7.1163E+00  2.1797E+00  0.0000E+00  2.7309E-02
 67696 -7.1163E+00  2.1797E+00  1.0000E-01  2.7508E-02
 67793 -7.1163E+00  2.1797E+00  2.0000E-01  2.7506E-02
 67842 -7.1163E+00  2.1797E+00  3.0000E-01  2.7505E-02
 67891 -7.1163E+00  2.1797E+00  4.0000E-01  2.7505E-02
 67940 -7.1163E+00  2.1797E+00  5.0000E-01  2.7515E-02
 67989 -7.1163E+00  2.1797E+00  6.0000E-01  2.7514E-02
 68038 -7.1163E+00  2.1797E+00  7.0000E-01  2.7516E-02
 68087 -7.1163E+00  2.1797E+00  8.0000E-01  2.7517E-02
 68136 -7.1163E+00  2.1797E+00  9.0000E-01  2.7518E-02
 68185 -7.1163E+00  2.1797E+00  1.0000E+00  2.7310E-02
 68234 -7.1024E+00  2.1972E+00  0.0000E+00  1.7750E-02
 68235 -7.1022E+00  2.1971E+00  1.0000E-01  1.8066E-02
 68332 -7.1022E+00  2.1971E+00  2.0000E-01  1.8070E-02
 68381 -7.1022E+00  2.1971E+00  3.0000E-01  1.8068E-02
 68430 -7.1022E+00  2.1971E+00  4.0000E-01  1.8068E-02
 68479 -7.1022E+00  2.1971E+00  5.0000E-01  1.8072E-02
 68528 -7.1022E+00  2.1971E+00  6.0000E-01  1.8073E-02
 68577 -7.1022E+00  2.1971E+00  7.0000E-01  1.8073E-02
 68626 -7.1022E+00  2.1971E+00  8.0000E-01  1.8076E-02
 68675 -7.1022E+00  2.1971E+00  9.0000E-01  1.8071E-02
 68724 -7.1024E+00  2.1972E+00  1.0000E+00  1.7750E-02
 68773 -7.0891E+00  2.2154E+00  0.0000E+00  9.9645E-03
 68774 -7.0891E+00  2.2153E+00  1.0000E-01  9.8952E-03
 68871 -7.0891E+00  2.2153E+00  2.0000E-01  9.8974E-03
 68920 -7.0891E+00  2.2153E+00  3.0000E-01  9.8963E-03
 68969 -7.0891E+00  2.2153E+00  4.0000E-01  9.8961E-03
 69018 -7.0891E+00  2.2153E+00  5.0000E-01  9.8894E-03
 69067 -7.0891E+00  2.2153E+00  6.0000E-01  9.8897E-03
 69116 -7.0891E+00  2.2153E+00  7.0000E-01  9.8891E-03
 69165 -7.0891E+00  2.2153E+00  8.0000E-01  9.8903E-03
 69214 -7.0891E+00  2.2153E+00  9.0000E-01  9.8881E-03
 69263 -7.0891E+00  2.2154E+00  1.0000E+00  9.9651E-03
 69312 -7.0767E+00  2.2340E+00  0.0000E+00  3.7496E-03
 69313 -7.0767E+00  2.2340E+00  1.0000E-01  3.7351E-03
 69410 -7.0767E+00  2.2340E+00  2.0000E-01  3.7350E-03
 69459 -7.0767E+00  2.2340E+00  3.0000E-01  3.7343E-03
 69508 -7.0767E+00  2.2340E+00  4.0000E-01  3.7341E-03
 69557 -7.0767E+00  2.2340E+00  5.0000E-01  3.7337E-03
 69606 -7.0767E+00  2.2340E+00  6.0000E-01  3.7337E-03
 69655 -7.0767E+00  2.2340E+00  7.0000E-01  3.7340E-03
 69704 -7.0767E+00  2.2340E+00  8.0000E-01  3.7346E-03
 69753 -7.0767E+00  2.2340E+00  9.0000E-01  3.7349E-03
 69802 -7.0767E+00  2.2340E+00  1.0000E+00  3.7492E-03
 69851 -7.0652E+00  2.2533E+00  0.0000E+00 -8.9626E-04
 69852 -7.0652E+00  2.2533E+00  1.0000E-01 -9.0501E-04
 69949 -7.0652E+00  2.2533E+00  2.0000E-01 -9.0751E-04
 69998 -7.0652E+00  2.2533E+00  3.0000E-01 -9.0779E-04
 70047 -7.0652E+00  2.2533E+00  4.0000E-01 -9.0803E-04
 70096 -7.0652E+00  2.2533E+00  5.0000E-01 -9.0848E-04
 70145 -7.0652E+00  2.2533E+00  6.0000E-01 -9.0845E-04
 70194 -7.0652E+00  2.2533E+00  7.0000E-01 -9.0826E-04
 70243 -7.0652E+00  2.2533E+00  8.0000E-01 -9.0797E-04
 70292 -7.0652E+00  2.2533E+00  9.0000E-01 -9.0532E-04
 70341 -7.0652E+00  2.2533E+00  1.0000E+00 -8.9596E-04
 70390 -7.0547E+00  2.2731E+00  0.0000E+00 -3.9882E-03
 70391 -7.0546E+00  2.2730E+00  1.0000E-01 -4.0404E-03
 70488 -7.0546E+00  2.2730E+00  2.0000E-01 -4.0448E-03
 70537 -7.0546E+00  2.2730E+00  3.0000E-01 -4.0447E-03
 70586 -7.0546E+00  2.2730E+00  4.0000E-01 -4.0449E-03
 70635 -7.0546E+00  2.2730E+00  5.0000E-01 -4.0451E-03
 70684 -7.0546E+00  2.2730E+00  6.0000E-01 -4.0451E-03
 70733 -7.0546E+00  2.2730E+00  7.0000E-01 -4.0449E-03
 70782 -7.0546E+00  2.2730E+00  8.0000E-01 -4.0450E-03
 70831 -7.0546E+00  2.2730E+00  9.0000E-01 -4.0405E-03
 70880 -7.0547E+00  2.2731E+00  1.0000E+00 -3.9841E-03
 70929 -7.0450E+00  2.2933E+00  0.0000E+00 -6.0012E-03
 70930 -7.0448E+00  2.2933E+00  1.0000E-01 -5.9151E-03
 71027 -7.0448E+00  2.2933E+00  2.0000E-01 -5.9188E-03
 71076 -7.0448E+00  2.2933E+00  3.0000E-01 -5.9187E-03
 71125 -7.0448E+00  2.2933E+00  4.0000E-01 -5.9189E-03
 71174 -7.0448E+00  2.2933E+00  5.0000E-01 -5.9189E-03
 71223 -7.0448E+00  2.2933E+00  6.0000E-01 -5.9189E-03
 71272 -7.0448E+00  2.2933E+00  7.0000E-01 -5.9187E-03
 71321 -7.0448E+00  2.2933E+00  8.0000E-01 -5.9188E-03
 71370 -7.0448E+00  2.2933E+00  9.0000E-01 -5.9151E-03
 71419 -7.0450E+00  2.2933E+00  1.0000E+00 -6.0099E-03
 71468 -7.0361E+00  2.3139E+00  0.0000E+00 -6.7802E-03
 71469 -7.0360E+00  2.3139E+00  1.0000E-01 -6.7278E-03
 71566 -7.0360E+00  2.3139E+00  2.0000E-01 -6.7298E-03
 71615 -7.0360E+00  2.3139E+00  3.0000E-01 -6.7298E-03
 71664 -7.0360E+00  2.3139E+00  4.0000E-01 -6.7299E-03
 71713 -7.0360E+00  2.3139E+00  5.0000E-01 -6.7300E-03
 71762 -7.0360E+00  2.3139E+00  6.0000E-01 -6.7300E-03
 71811 -7.0360E+00  2.3139E+00  7.0000E-01 -6.7299E-03
 71860 -7.0360E+00  2.3139E+00  8.0000E-01 -6.7298E-03
 71909 -7.0360E+00  2.3139E+00  9.0000E-01 -6.7278E-03
 71958 -7.0360E+00  2.3139E+00  1.0000E+00 -6.7847E-03
 72007 -7.0282E+00  2.3349E+00  0.0000E+00 -6.7306E-03
 72008 -7.0281E+00  2.3349E+00  1.0000E-01 -6.6863E-03
 72105 -7.0281E+00  2.3349E+00  2.0000E-01 -6.6872E-03
 72154 -7.0281E+00  2.3349E+00  3.0000E-01 -6.6874E-03
 72203 -7.0281E+00  2.3349E+00  4.0000E-01 -6.6874E-03
 72252 -7.0281E+00  2.3349E+00  5.0000E-01 -6.6874E-03
 72301 -7.0281E+00  2.3349E+00  6.0000E-01 -6.6874E-03
 72350 -7.0281E+00  2.3349E+00  7.0000E-01 -6.6874E-03
 72399 -7.0281E+00  2.3349E+00  8.0000E-01 -6.6872E-03
 72448 -7.0281E+00  2.3349E+00  9.0000E-01 -6.6865E-03
 72497 -7.0282E+00  2.3349E+00  1.0000E+00 -6.7199E-03
 72546 -7.0212E+00  2.3562E+00  0.0000E+00 -6.1738E-03
 72547 -7.0212E+00  2.3562E+00  1.0000E-01 -6.1003E-03
 72644 -7.0212E+00  2.3562E+00  2.0000E-01 -6.0957E-03
 72693 -7.0212E+00  2.3562E+00  3.0000E-01 -6.0959E-03
 72742 -7.0212E+00  2.3562E+00  4.0000E-01 -6.0960E-03
 72791 -7.0212E+00  2.3562E+00  5.0000E-01 -6.0960E-03
 72840 -7.0212E+00  2.3562E+00  6.0000E-01 -6.0960E-03
 72889 -7.0212E+00  2.3562E+00  7.0000E-01 -6.0960E-03
 72938 -7.0212E+00  2.3562E+00  8.0000E-01 -6.0957E-03
 72987 -7.0212E+00  2.3562E+00  9.0000E-01 -6.0961E-03
 73036 -7.0212E+00  2.3562E+00  1.0000E+00 -6.1705E-03
 73085 -7.0152E+00  2.3778E+00 -5.5500E-17 -4.9962E-03
 73086 -7.0152E+00  2.3778E+00  1.0000E-01 -4.9987E-03
 73183 -7.0152E+00  2.3778E+00  2.0000E-01 -5.0085E-03
 73232 -7.0152E+00  2.3778E+00  3.0000E-01 -5.0088E-03
 73281 -7.0152E+00  2.3778E+00  4.0000E-01 -5.0088E-03
 73330 -7.0152E+00  2.3778E+00  5.0000E-01 -5.0088E-03
 73379 -7.0152E+00  2.3778E+00  6.0000E-01 -5.0088E-03
 73428 -7.0152E+00  2.3778E+00  7.0000E-01 -5.0088E-03
 73477 -7.0152E+00  2.3778E+00  8.0000E-01 -5.0086E-03
 73526 -7.0152E+00  2.3778E+00  9.0000E-01 -5.0090E-03
 73575 -7.0152E+00  2.3778E+00  1.0000E+00 -5.0064E-03
 73624 -7.0102E+00  2.3997E+00  0.0000E+00 -3.6863E-03
 73625 -7.0102E+00  2.3997E+00  1.0000E-01 -3.6848E-03
 73722 -7.0102E+00  2.3997E+00  2.0000E-01 -3.6888E-03
 73771 -7.0102E+00  2.3997E+00  3.0000E-01 -3.6889E-03
 73820 -7.0102E+00  2.3997E+00  4.0000E-01 -3.6889E-03
 73869 -7.0102E+00  2.3997E+00  5.0000E-01 -3.6889E-03
 73918 -7.0102E+00  2.3997E+00  6.0000E-01 -3.6889E-03
 73967 -7.0102E+00  2.3997E+00  7.0000E-01 -3.6889E-03
 74016 -7.0102E+00  2.3997E+00  8.0000E-01 -3.6889E-03
 74065 -7.0102E+00  2.3997E+00  9.0000E-01 -3.6891E-03
 74114 -7.0102E+00  2.3997E+00  1.0000E+00 -3.6905E-03
 74163 -7.0063E+00  2.4218E+00  0.0000E+00 -2.4688E-03
 74164 -7.0063E+00  2.4218E+00  1.0000E-01 -2.4679E-03
 74261 -7.0063E+00  2.4218E+00  2.0000E-01 -2.4578E-03
 74310 -7.0063E+00  2.4218E+00  3.0000E-01 -2.4577E-03
 74359 -7.0063E+00  2.4218E+00  4.0000E-01 -2.4577E-03
 74408 -7.0063E+00  2.4218E+00  5.0000E-01 -2.4577E-03
 74457 -7.0063E+00  2.4218E+00  6.0000E-01 -2.4577E-03
 74506 -7.0063E+00  2.4218E+00  7.0000E-01 -2.4577E-03
 74555 -7.0063E+00  2.4218E+00  8.0000E-01 -2.4577E-03
 74604 -7.0063E+00  2.4218E+00  9.0000E-01 -2.4578E-03
 74653 -7.0063E+00  2.4218E+00  1.0000E+00 -2.4588E-03
 74702 -7.0033E+00  2.4440E+00  0.0000E+00 -1.4014E-03
 74703 -7.0033E+00  2.4440E+00  1.0000E-01 -1.4013E-03
 74800 -7.0033E+00  2.4440E+00  2.0000E-01 -1.4021E-03
 74849 -7.0033E+00  2.4440E+00  3.0000E-01 -1.4021E-03
 74898 -7.0033E+00  2.4440E+00  4.0000E-01 -1.4021E-03
 74947 -7.0033E+00  2.4440E+00  5.0000E-01 -1.4021E-03
 74996 -7.0033E+00  2.4440E+00  6.0000E-01 -1.4021E-03
 75045 -7.0033E+00  2.4440E+00  7.0000E-01 -1.4021E-03
 75094 -7.0033E+00  2.4440E+00  8.0000E-01 -1.4021E-03
 75143 -7.0033E+00  2.4440E+00  9.0000E-01 -1.4021E-03
 75192 -7.0033E+00  2.4440E+00  1.0000E+00 -1.4021E-03
 75241 -7.0013E+00  2.4664E+00  0.0000E+00 -6.1837E-04
 75242 -7.0013E+00  2.4664E+00  1.0000E-01 -6.1826E-04
 75339 -7.0013E+00  2.4664E+00  2.0000E-01 -6.1823E-04
 75388 -7.0013E+00  2.4664E+00  3.0000E-01 -6.1821E-04
 75437 -7.0013E+00  2.4664E+00  4.0000E-01 -6.1822E-04
 75486 -7.0013E+00  2.4664E+00  5.0000E-01 -6.1822E-04
 75535 -7.0013E+00  2.4664E+00  6.0000E-01 -6.1822E-04
 75584 -7.0013E+00  2.4664E+00  7.0000E-01 -6.1822E-04
 75633 -7.0013E+00  2.4664E+00  8.0000E-01 -6.1820E-04
 75682 -7.0013E+00  2.4664E+00  9.0000E-01 -6.1821E-04
 75731 -7.0013E+00  2.4664E+00  1.0000E+00 -6.1840E-04
 75780 -7.0003E+00  2.4888E+00  0.0000E+00 -2.0354E-04
 75781 -7.0003E+00  2.4888E+00  1.0000E-01 -2.0351E-04
 75878 -7.0003E+00  2.4888E+00  2.0000E-01 -2.0346E-04
 75927 -7.0003E+00  2.4888E+00  3.0000E-01 -2.0345E-04
 75976 -7.0003E+00  2.4888E+00  4.0000E-01 -2.0345E-04
 76025 -7.0003E+00  2.4888E+00  5.0000E-01 -2.0345E-04
 76074 -7.0003E+00  2.4888E+00  6.0000E-01 -2.0345E-04
 76123 -7.0003E+00  2.4888E+00  7.0000E-01 -2.0345E-04
 76172 -7.0003E+00  2.4888E+00  8.0000E-01 -2.0350E-04
 76221 -7.0003E+00  2.4888E+00  9.0000E-01 -2.0351E-04
 76270 -7.0003E+00  2.4888E+00  1.0000E+00 -2.0346E-04
 76319 -7.0003E+00  2.5112E+00 -2.7800E-17 -2.0404E-04
 76320 -7.0003E+00  2.5112E+00  1.0000E-01 -2.0401E-04
 76417 -7.0003E+00  2.5112E+00  2.0000E-01 -2.0397E-04
 76466 -7.0003E+00  2.5112E+00  3.0000E-01 -2.0396E-04
 76515 -7.0003E+00  2.5112E+00  4.0000E-01 -2.0397E-04
 76564 -7.0003E+00  2.5112E+00  5.0000E-01 -2.0397E-04
 76613 -7.0003E+00  2.5112E+00  6.0000E-01 -2.0397E-04
 76662 -7.0003E+00  2.5112E+00  7.0000E-01 -2.0397E-04
 76711 -7.0003E+00  2.5112E+00  8.0000E-01 -2.0390E-04
 76760 -7.0003E+00  2.5112E+00  9.0000E-01 -2.0391E-04
 76809 -7.0003E+00  2.5112E+00  1.0000E+00 -2.0398E-04
 76858 -7.0013E+00  2.5336E+00 -1.3900E-17 -6.1876E-04
 76859 -7.0013E+00  2.5336E+00  1.0000E-01 -6.1865E-04
 76956 -7.0013E+00  2.5336E+00  2.0000E-01 -6.1859E-04
 77005 -7.0013E+00  2.5336E+00  3.0000E-01 -6.1857E-04
 77054 -7.0013E+00  2.5336E+00  4.0000E-01 -6.1858E-04
 77103 -7.0013E+00  2.5336E+00  5.0000E-01 -6.1858E-04
 77152 -7.0013E+00  2.5336E+00  6.0000E-01 -6.1858E-04
 77201 -7.0013E+00  2.5336E+00  7.0000E-01 -6.1858E-04
 77250 -7.0013E+00  2.5336E+00  8.0000E-01 -6.1867E-04
 77299 -7.0013E+00  2.5336E+00  9.0000E-01 -6.1869E-04
 77348 -7.0013E+00  2.5336E+00  1.0000E+00 -6.1876E-04
 77397 -7.0033E+00  2.5560E+00  0.0000E+00 -1.4013E-03
 77398 -7.0033E+00  2.5560E+00  1.0000E-01 -1.4013E-03
 77495 -7.0033E+00  2.5560E+00  2.0000E-01 -1.4021E-03
 77544 -7.0033E+00  2.5560E+00  3.0000E-01 -1.4021E-03
 77593 -7.0033E+00  2.5560E+00  4.0000E-01 -1.4021E-03
 77642 -7.0033E+00  2.5560E+00  5.0000E-01 -1.4021E-03
 77691 -7.0033E+00  2.5560E+00  6.0000E-01 -1.4021E-03
 77740 -7.0033E+00  2.5560E+00  7.0000E-01 -1.4021E-03
 77789 -7.0033E+00  2.5560E+00  8.0000E-01 -1.4020E-03
 77838 -7.0033E+00  2.5560E+00  9.0000E-01 -1.4020E-03
 77887 -7.0033E+00  2.5560E+00  1.0000E+00 -1.4021E-03
 77936 -7.0063E+00  2.5782E+00  0.0000E+00 -2.4688E-03
 77937 -7.0063E+00  2.5782E+00  1.0000E-01 -2.4679E-03
 78034 -7.0063E+00  2.5782E+00  2.0000E-01 -2.4575E-03
 78083 -7.0063E+00  2.5782E+00  3.0000E-01 -2.4575E-03
 78132 -7.0063E+00  2.5782E+00  4.0000E-01 -2.4575E-03
 78181 -7.0063E+00  2.5782E+00  5.0000E-01 -2.4575E-03
 78230 -7.0063E+00  2.5782E+00  6.0000E-01 -2.4575E-03
 78279 -7.0063E+00  2.5782E+00  7.0000E-01 -2.4575E-03
 78328 -7.0063E+00  2.5782E+00  8.0000E-01 -2.4576E-03
 78377 -7.0063E+00  2.5782E+00  9.0000E-01 -2.4577E-03
 78426 -7.0063E+00  2.5782E+00  1.0000E+00 -2.4585E-03
 78475 -7.0102E+00  2.6003E+00 -1.3900E-17 -3.6862E-03
 78476 -7.0102E+00  2.6003E+00  1.0000E-01 -3.6848E-03
 78573 -7.0102E+00  2.6003E+00  2.0000E-01 -3.6887E-03
 78622 -7.0102E+00  2.6003E+00  3.0000E-01 -3.6889E-03
 78671 -7.0102E+00  2.6003E+00  4.0000E-01 -3.6888E-03
 78720 -7.0102E+00  2.6003E+00  5.0000E-01 -3.6889E-03
 78769 -7.0102E+00  2.6003E+00  6.0000E-01 -3.6889E-03
 78818 -7.0102E+00  2.6003E+00  7.0000E-01 -3.6888E-03
 78867 -7.0102E+00  2.6003E+00  8.0000E-01 -3.6888E-03
 78916 -7.0102E+00  2.6003E+00  9.0000E-01 -3.6889E-03
 78965 -7.0102E+00  2.6003E+00  1.0000E+00 -3.6904E-03
 79014 -7.0152E+00  2.6222E+00  0.0000E+00 -4.9961E-03
 79015 -7.0152E+00  2.6222E+00  1.0000E-01 -4.9986E-03
 79112 -7.0152E+00  2.6222E+00  2.0000E-01 -5.0088E-03
 79161 -7.0152E+00  2.6222E+00  3.0000E-01 -5.0090E-03
 79210 -7.0152E+00  2.6222E+00  4.0000E-01 -5.0090E-03
 79259 -7.0152E+00  2.6222E+00  5.0000E-01 -5.0090E-03
 79308 -7.0152E+00  2.6222E+00  6.0000E-01 -5.0090E-03
 79357 -7.0152E+00  2.6222E+00  7.0000E-01 -5.0090E-03
 79406 -7.0152E+00  2.6222E+00  8.0000E-01 -5.0089E-03
 79455 -7.0152E+00  2.6222E+00  9.0000E-01 -5.0092E-03
 79504 -7.0152E+00  2.6222E+00  1.0000E+00 -5.0066E-03
 79553 -7.0212E+00  2.6438E+00  0.0000E+00 -6.1739E-03
 79554 -7.0212E+00  2.6438E+00  1.0000E-01 -6.1008E-03
 79651 -7.0212E+00  2.6438E+00  2.0000E-01 -6.0961E-03
 79700 -7.0212E+00  2.6438E+00  3.0000E-01 -6.0964E-03
 79749 -7.0212E+00  2.6438E+00  4.0000E-01 -6.0964E-03
 79798 -7.0212E+00  2.6438E+00  5.0000E-01 -6.0964E-03
 79847 -7.0212E+00  2.6438E+00  6.0000E-01 -6.0964E-03
 79896 -7.0212E+00  2.6438E+00  7.0000E-01 -6.0964E-03
 79945 -7.0212E+00  2.6438E+00  8.0000E-01 -6.0962E-03
 79994 -7.0212E+00  2.6438E+00  9.0000E-01 -6.0966E-03
 80043 -7.0212E+00  2.6438E+00  1.0000E+00 -6.1705E-03
 80092 -7.0282E+00  2.6651E+00  0.0000E+00 -6.7311E-03
 80093 -7.0281E+00  2.6651E+00  1.0000E-01 -6.6868E-03
 80190 -7.0281E+00  2.6651E+00  2.0000E-01 -6.6877E-03
 80239 -7.0281E+00  2.6651E+00  3.0000E-01 -6.6879E-03
 80288 -7.0281E+00  2.6651E+00  4.0000E-01 -6.6879E-03
 80337 -7.0281E+00  2.6651E+00  5.0000E-01 -6.6876E-03
 80386 -7.0281E+00  2.6651E+00  6.0000E-01 -6.6876E-03
 80435 -7.0281E+00  2.6651E+00  7.0000E-01 -6.6875E-03
 80484 -7.0281E+00  2.6651E+00  8.0000E-01 -6.6873E-03
 80533 -7.0281E+00  2.6651E+00  9.0000E-01 -6.6866E-03
 80582 -7.0282E+00  2.6651E+00  1.0000E+00 -6.7204E-03
 80631 -7.0361E+00  2.6861E+00  0.0000E+00 -6.7801E-03
 80632 -7.0360E+00  2.6861E+00  1.0000E-01 -6.7274E-03
 80729 -7.0360E+00  2.6861E+00  2.0000E-01 -6.7294E-03
 80778 -7.0360E+00  2.6861E+00  3.0000E-01 -6.7294E-03
 80827 -7.0360E+00  2.6861E+00  4.0000E-01 -6.7295E-03
 80876 -7.0360E+00  2.6861E+00  5.0000E-01 -6.7294E-03
 80925 -7.0360E+00  2.6861E+00  6.0000E-01 -6.7294E-03
 80974 -7.0360E+00  2.6861E+00  7.0000E-01 -6.7293E-03
 81023 -7.0360E+00  2.6861E+00  8.0000E-01 -6.7292E-03
 81072 -7.0360E+00  2.6861E+00  9.0000E-01 -6.7275E-03
 81121 -7.0360E+00  2.6861E+00  1.0000E+00 -6.7847E-03
 81170 -7.0450E+00  2.7067E+00  0.0000E+00 -6.0008E-03
 81171 -7.0448E+00  2.7067E+00  1.0000E-01 -5.9146E-03
 81268 -7.0448E+00  2.7067E+00  2.0000E-01 -5.9183E-03
 81317 -7.0448E+00  2.7067E+00  3.0000E-01 -5.9182E-03
 81366 -7.0448E+00  2.7067E+00  4.0000E-01 -5.9183E-03
 81415 -7.0448E+00  2.7067E+00  5.0000E-01 -5.9191E-03
 81464 -7.0448E+00  2.7067E+00  6.0000E-01 -5.9191E-03
 81513 -7.0448E+00  2.7067E+00  7.0000E-01 -5.9189E-03
 81562 -7.0448E+00  2.7067E+00  8.0000E-01 -5.9190E-03
 81611 -7.0448E+00  2.7067E+00  9.0000E-01 -5.9155E-03
 81660 -7.0450E+00  2.7067E+00  1.0000E+00 -6.0095E-03
 81709 -7.0547E+00  2.7269E+00  0.0000E+00 -3.9884E-03
 81710 -7.0546E+00  2.7270E+00  1.0000E-01 -4.0409E-03
 81807 -7.0546E+00  2.7270E+00  2.0000E-01 -4.0454E-03
 81856 -7.0546E+00  2.7270E+00  3.0000E-01 -4.0452E-03
 81905 -7.0546E+00  2.7270E+00  4.0000E-01 -4.0455E-03
 81954 -7.0546E+00  2.7270E+00  5.0000E-01 -4.0453E-03
 82003 -7.0546E+00  2.7270E+00  6.0000E-01 -4.0453E-03
 82052 -7.0546E+00  2.7270E+00  7.0000E-01 -4.0450E-03
 82101 -7.0546E+00  2.7270E+00  8.0000E-01 -4.0451E-03
 82150 -7.0546E+00  2.7270E+00  9.0000E-01 -4.0396E-03
 82199 -7.0547E+00  2.7269E+00  1.0000E+00 -3.9845E-03
 82248 -7.0652E+00  2.7467E+00  0.0000E+00 -8.9526E-04
 82249 -7.0652E+00  2.7467E+00  1.0000E-01 -9.0551E-04
 82346 -7.0652E+00  2.7467E+00  2.0000E-01 -9.0805E-04
 82395 -7.0652E+00  2.7467E+00  3.0000E-01 -9.0833E-04
 82444 -7.0652E+00  2.7467E+00  4.0000E-01 -9.0854E-04
 82493 -7.0652E+00  2.7467E+00  5.0000E-01 -9.0863E-04
 82542 -7.0652E+00  2.7467E+00  6.0000E-01 -9.0860E-04
 82591 -7.0652E+00  2.7467E+00  7.0000E-01 -9.0837E-04
 82640 -7.0652E+00  2.7467E+00  8.0000E-01 -9.0808E-04
 82689 -7.0652E+00  2.7467E+00  9.0000E-01 -9.0529E-04
 82738 -7.0652E+00  2.7467E+00  1.0000E+00 -8.9527E-04
 82787 -7.0767E+00  2.7660E+00  0.0000E+00  3.7487E-03
 82788 -7.0767E+00  2.7660E+00  1.0000E-01  3.7354E-03
 82885 -7.0767E+00  2.7660E+00  2.0000E-01  3.7353E-03
 82934 -7.0767E+00  2.7660E+00  3.0000E-01  3.7346E-03
 82983 -7.0767E+00  2.7660E+00  4.0000E-01  3.7344E-03
 83032 -7.0767E+00  2.7660E+00  5.0000E-01  3.7344E-03
 83081 -7.0767E+00  2.7660E+00  6.0000E-01  3.7344E-03
 83130 -7.0767E+00  2.7660E+00  7.0000E-01  3.7347E-03
 83179 -7.0767E+00  2.7660E+00  8.0000E-01  3.7353E-03
 83228 -7.0767E+00  2.7660E+00  9.0000E-01  3.7348E-03
 83277 -7.0767E+00  2.7660E+00  1.0000E+00  3.7491E-03
 83326 -7.0891E+00  2.7846E+00  0.0000E+00  9.9643E-03
 83327 -7.0891E+00  2.7847E+00  1.0000E-01  9.8884E-03
 83424 -7.0891E+00  2.7847E+00  2.0000E-01  9.8906E-03
 83473 -7.0891E+00  2.7847E+00  3.0000E-01  9.8895E-03
 83522 -7.0891E+00  2.7847E+00  4.0000E-01  9.8893E-03
 83571 -7.0891E+00  2.7847E+00  5.0000E-01  9.8893E-03
 83620 -7.0891E+00  2.7847E+00  6.0000E-01  9.8893E-03
 83669 -7.0891E+00  2.7847E+00  7.0000E-01  9.8895E-03
 83718 -7.0891E+00  2.7847E+00  8.0000E-01  9.8907E-03
 83767 -7.0891E+00  2.7847E+00  9.0000E-01  9.8887E-03
 83816 -7.0891E+00  2.7846E+00  1.0000E+00  9.9644E-03
 83865 -7.1024E+00  2.8028E+00  0.0000E+00  1.7750E-02
 83866 -7.1022E+00  2.8029E+00  1.0000E-01  1.8070E-02
 83963 -7.1022E+00  2.8029E+00  2.0000E-01  1.8075E-02
 84012 -7.1022E+00  2.8029E+00  3.0000E-01  1.8073E-02
 84061 -7.1022E+00  2.8029E+00  4.0000E-01  1.8073E-02
 84110 -7.1022E+00  2.8029E+00  5.0000E-01  1.8073E-02
 84159 -7.1022E+00  2.8029E+00  6.0000E-01  1.8073E-02
 84208 -7.1022E+00  2.8029E+00  7.0000E-01  1.8073E-02
 84257 -7.1022E+00  2.8029E+00  8.0000E-01  1.8075E-02
 84306 -7.1022E+00  2.8029E+00  9.0000E-01  1.8070E-02
 84355 -7.1024E+00  2.8028E+00  1.0000E+00  1.7750E-02
 84404 -7.1163E+00  2.8203E+00  0.0000E+00  2.7309E-02
 84405 -7.1163E+00  2.8203E+00  1.0000E-01  2.7517E-02
 84502 -7.1163E+00  2.8203E+00  2.0000E-01  2.7516E-02
 84551 -7.1163E+00  2.8203E+00  3.0000E-01  2.7514E-02
 84600 -7.1163E+00  2.8203E+00  4.0000E-01  2.7514E-02
 84649 -7.1163E+00  2.8203E+00  5.0000E-01  2.7514E-02
 84698 -7.1163E+00  2.8203E+00  6.0000E-01  2.7514E-02
 84747 -7.1163E+00  2.8203E+00  7.0000E-01  2.7514E-02
 84796 -7.1163E+00  2.8203E+00  8.0000E-01  2.7516E-02
 84845 -7.1163E+00  2.8203E+00  9.0000E-01  2.7517E-02
 84894 -7.1163E+00  2.8203E+00  1.0000E+00  2.7309E-02
 84943 -7.1310E+00  2.8373E+00  0.0000E+00  3.8788E-02
 84944 -7.1310E+00  2.8373E+00  1.0000E-01  3.8652E-02
 85041 -7.1310E+00  2.8373E+00  2.0000E-01  3.8640E-02
 85090 -7.1310E+00  2.8373E+00  3.0000E-01  3.8640E-02
 85139 -7.1310E+00  2.8373E+00  4.0000E-01  3.8640E-02
 85188 -7.1310E+00  2.8373E+00  5.0000E-01  3.8640E-02
 85237 -7.1310E+00  2.8373E+00  6.0000E-01  3.8640E-02
 85286 -7.1310E+00  2.8373E+00  7.0000E-01  3.8640E-02
 85335 -7.1310E+00  2.8373E+00  8.0000E-01  3.8640E-02
 85384 -7.1310E+00  2.8373E+00  9.0000E-01  3.8652E-02
 85433 -7.1310E+00  2.8373E+00  1.0000E+00  3.8788E-02
 85482 -7.1465E+00  2.8535E+00 -4.7700E-17  5.2775E-02
 85483 -7.1465E+00  2.8535E+00  1.0000E-01  5.2685E-02
 85580 -7.1465E+00  2.8535E+00  2.0000E-01  5.2666E-02
 85629 -7.1465E+00  2.8535E+00  3.0000E-01  5.2668E-02
 85678 -7.1465E+00  2.8535E+00  4.0000E-01  5.2668E-02
 85727 -7.1465E+00  2.8535E+00  5.0000E-01  5.2668E-02
 85776 -7.1465E+00  2.8535E+00  6.0000E-01  5.2668E-02
 85825 -7.1465E+00  2.8535E+00  7.0000E-01  5.2668E-02
 85874 -7.1465E+00  2.8535E+00  8.0000E-01  5.2666E-02
 85923 -7.1465E+00  2.8535E+00  9.0000E-01  5.2685E-02
 85972 -7.1465E+00  2.8535E+00  1.0000E+00  5.2775E-02
 86021 -7.1627E+00  2.8690E+00  0.0000E+00  6.7791E-02
 86022 -7.1627E+00  2.8690E+00  1.0000E-01  6.7594E-02
 86025 -7.1797E+00  2.8837E+00 -1.3900E-17  8.3552E-02
 86026 -7.1797E+00  2.8837E+00  1.0000E-01  8.2671E-02
 86029 -7.1972E+00  2.8976E+00  0.0000E+00  1.0083E-01
 86030 -7.1971E+00  2.8978E+00  1.0000E-01  1.0099E-01
 86033 -7.2154E+00  2.9109E+00  0.0000E+00  1.1944E-01
 86034 -7.2153E+00  2.9109E+00  1.0000E-01  1.2043E-01
 86037 -7.2340E+00  2.9233E+00  0.0000E+00  1.4047E-01
 86038 -7.2340E+00  2.9233E+00  1.0000E-01  1.3995E-01
 86041 -7.2533E+00  2.9347E+00  0.0000E+00  1.6124E-01
 86042 -7.2533E+00  2.9348E+00  1.0000E-01  1.6019E-01
 86045 -7.2731E+00  2.9453E+00  0.0000E+00  1.8010E-01
 86046 -7.2730E+00  2.9454E+00  1.0000E-01  1.8044E-01
 86049 -7.2933E+00  2.9550E+00  0.0000E+00  1.9937E-01
 86050 -7.2933E+00  2.9552E+00  1.0000E-01  2.0076E-01
 86053 -7.3139E+00  2.9639E+00  0.0000E+00  2.2016E-01
 86054 -7.3139E+00  2.9640E+00  1.0000E-01  2.2040E-01
 86057 -7.3349E+00  2.9718E+00  0.0000E+00  2.3904E-01
 86058 -7.3349E+00  2.9719E+00  1.0000E-01  2.3905E-01
 86061 -7.3562E+00  2.9788E+00 -2.4300E-17  2.5662E-01
 86062 -7.3562E+00  2.9788E+00  1.0000E-01  2.5653E-01
 86065 -7.3779E+00  2.9848E+00  0.0000E+00  2.7324E-01
 86066 -7.3779E+00  2.9848E+00  1.0000E-01  2.7285E-01
 86069 -7.3997E+00  2.9898E+00  0.0000E+00  2.8639E-01
 86070 -7.3997E+00  2.9898E+00  1.0000E-01  2.8631E-01
 86073 -7.4218E+00  2.9937E+00  2.7760E-17  2.9703E-01
 86074 -7.4218E+00  2.9937E+00  1.0000E-01  2.9698E-01
 86077 -7.4440E+00  2.9967E+00  1.8000E-10  3.0546E-01
 86078 -7.4440E+00  2.9967E+00  1.0000E-01  3.0544E-01
 86081 -7.4664E+00  2.9987E+00  1.9640E-10  3.1123E-01
 86082 -7.4664E+00  2.9987E+00  1.0000E-01  3.1121E-01
 86085 -7.4888E+00  2.9997E+00  9.8360E-11  3.1414E-01
 86086 -7.4888E+00  2.9997E+00  1.0000E-01  3.1413E-01
 86089 -7.5112E+00  2.9997E+00  1.2140E-13  3.1414E-01
 86090 -7.5112E+00  2.9997E+00  1.0000E-01  3.1413E-01
 86093 -7.5336E+00  2.9987E+00  6.7580E-14  3.1122E-01
 86094 -7.5336E+00  2.9987E+00  1.0000E-01  3.1121E-01
 86097 -7.5560E+00  2.9967E+00  0.0000E+00  3.0546E-01
 86098 -7.5560E+00  2.9967E+00  1.0000E-01  3.0544E-01
 86101 -7.5782E+00  2.9937E+00  0.0000E+00  2.9703E-01
 86102 -7.5782E+00  2.9937E+00  1.0000E-01  2.9698E-01
 86105 -7.6003E+00  2.9898E+00 -6.9400E-18  2.8639E-01
 86106 -7.6003E+00  2.9898E+00  1.0000E-01  2.8631E-01
 86109 -7.6221E+00  2.9848E+00 -2.7800E-17  2.7324E-01
 86110 -7.6221E+00  2.9848E+00  1.0000E-01  2.7285E-01
 86113 -7.6438E+00  2.9788E+00  0.0000E+00  2.5662E-01
 86114 -7.6438E+00  2.9788E+00  1.0000E-01  2.5653E-01
 86117 -7.6651E+00  2.9718E+00  0.0000E+00  2.3903E-01
 86118 -7.6651E+00  2.9719E+00  1.0000E-01  2.3905E-01
 86121 -7.6861E+00  2.9639E+00  0.0000E+00  2.2017E-01
 86122 -7.6861E+00  2.9640E+00  1.0000E-01  2.2040E-01
 86125 -7.7067E+00  2.9550E+00  0.0000E+00  1.9938E-01
 86126 -7.7067E+00  2.9552E+00  1.0000E-01  2.0076E-01
 86129 -7.7269E+00  2.9453E+00  0.0000E+00  1.8009E-01
 86130 -7.7270E+00  2.9454E+00  1.0000E-01  1.8045E-01
 86133 -7.7467E+00  2.9347E+00  0.0000E+00  1.6124E-01
 86134 -7.7467E+00  2.9348E+00  1.0000E-01  1.6019E-01
 86137 -7.7660E+00  2.9233E+00  0.0000E+00  1.4047E-01
 86138 -7.7660E+00  2.9233E+00  1.0000E-01  1.3995E-01
 86141 -7.7846E+00  2.9109E+00  0.0000E+00  1.1944E-01
 86142 -7.7847E+00  2.9109E+00  1.0000E-01  1.2044E-01
 86145 -7.8028E+00  2.8976E+00  0.0000E+00  1.0083E-01
 86146 -7.8029E+00  2.8978E+00  1.0000E-01  1.0099E-01
 86149 -7.8203E+00  2.8837E+00  0.0000E+00  8.3546E-02
 86150 -7.8203E+00  2.8837E+00  1.0000E-01  8.2665E-02
 86153 -7.8373E+00  2.8690E+00  1.5280E-20  6.7791E-02
 86154 -7.8373E+00  2.8690E+00  1.0000E-01  6.7594E-02
 89421 -7.1627E+00  2.8690E+00  2.0000E-01  6.7572E-02
 89423 -7.1797E+00  2.8837E+00  2.0000E-01  8.2662E-02
 89425 -7.1971E+00  2.8978E+00  2.0000E-01  1.0101E-01
 89427 -7.2153E+00  2.9109E+00  2.0000E-01  1.2046E-01
 89429 -7.2340E+00  2.9233E+00  2.0000E-01  1.3995E-01
 89431 -7.2533E+00  2.9348E+00  2.0000E-01  1.6020E-01
 89433 -7.2730E+00  2.9454E+00  2.0000E-01  1.8051E-01
 89435 -7.2933E+00  2.9552E+00  2.0000E-01  2.0085E-01
 89437 -7.3139E+00  2.9640E+00  2.0000E-01  2.2045E-01
 89439 -7.3349E+00  2.9719E+00  2.0000E-01  2.3905E-01
 89441 -7.3562E+00  2.9788E+00  2.0000E-01  2.5651E-01
 89443 -7.3779E+00  2.9848E+00  2.0000E-01  2.7281E-01
 89445 -7.3997E+00  2.9898E+00  2.0000E-01  2.8628E-01
 89447 -7.4218E+00  2.9937E+00  2.0000E-01  2.9696E-01
 89449 -7.4440E+00  2.9967E+00  2.0000E-01  3.0542E-01
 89451 -7.4664E+00  2.9987E+00  2.0000E-01  3.1120E-01
 89453 -7.4888E+00  2.9997E+00  2.0000E-01  3.1412E-01
 89455 -7.5112E+00  2.9997E+00  2.0000E-01  3.1412E-01
 89457 -7.5336E+00  2.9987E+00  2.0000E-01  3.1120E-01
 89459 -7.5560E+00  2.9967E+00  2.0000E-01  3.0542E-01
 89461 -7.5782E+00  2.9937E+00  2.0000E-01  2.9696E-01
 89463 -7.6003E+00  2.9898E+00  2.0000E-01  2.8628E-01
 89465 -7.6221E+00  2.9848E+00  2.0000E-01  2.7281E-01
 89467 -7.6438E+00  2.9788E+00  2.0000E-01  2.5651E-01
 89469 -7.6651E+00  2.9719E+00  2.0000E-01  2.3905E-01
 89471 -7.6861E+00  2.9640E+00  2.0000E-01  2.2045E-01
 89473 -7.7067E+00  2.9552E+00  2.0000E-01  2.0085E-01
 89475 -7.7270E+00  2.9454E+00  2.0000E-01  1.8051E-01
 89477 -7.7467E+00  2.9348E+00  2.0000E-01  1.6020E-01
 89479 -7.7660E+00  2.9233E+00  2.0000E-01  1.3995E-01
 89481 -7.7847E+00  2.9109E+00  2.0000E-01  1.2046E-01
 89483 -7.8029E+00  2.8978E+00  2.0000E-01  1.0101E-01
 89485 -7.8203E+00  2.8837E+00  2.0000E-01  8.2656E-02
 89487 -7.8373E+00  2.8690E+00  2.0000E-01  6.7572E-02
 91121 -7.1627E+00  2.8690E+00  3.0000E-01  6.7575E-02
 91123 -7.1797E+00  2.8837E+00  3.0000E-01  8.2665E-02
 91125 -7.1971E+00  2.8978E+00  3.0000E-01  1.0101E-01
 91127 -7.2153E+00  2.9109E+00  3.0000E-01  1.2046E-01
 91129 -7.2340E+00  2.9233E+00  3.0000E-01  1.3996E-01
 91131 -7.2533E+00  2.9348E+00  3.0000E-01  1.6021E-01
 91133 -7.2730E+00  2.9454E+00  3.0000E-01  1.8051E-01
 91135 -7.2933E+00  2.9552E+00  3.0000E-01  2.0084E-01
 91137 -7.3139E+00  2.9640E+00  3.0000E-01  2.2045E-01
 91139 -7.3349E+00  2.9719E+00  3.0000E-01  2.3906E-01
 91141 -7.3562E+00  2.9788E+00  3.0000E-01  2.5651E-01
 91143 -7.3779E+00  2.9848E+00  3.0000E-01  2.7281E-01
 91145 -7.3997E+00  2.9898E+00  3.0000E-01  2.8628E-01
 91147 -7.4218E+00  2.9937E+00  3.0000E-01  2.9695E-01
 91149 -7.4440E+00  2.9967E+00  3.0000E-01  3.0542E-01
 91151 -7.4664E+00  2.9987E+00  3.0000E-01  3.1119E-01
 91153 -7.4888E+00  2.9997E+00  3.0000E-01  3.1411E-01
 91155 -7.5112E+00  2.9997E+00  3.0000E-01  3.1411E-01
 91157 -7.5336E+00  2.9987E+00  3.0000E-01  3.1119E-01
 91159 -7.5560E+00  2.9967E+00  3.0000E-01  3.0542E-01
 91161 -7.5782E+00  2.9937E+00  3.0000E-01  2.9695E-01
 91163 -7.6003E+00  2.9898E+00  3.0000E-01  2.8628E-01
 91165 -7.6221E+00  2.9848E+00  3.0000E-01  2.7281E-01
 91167 -7.6438E+00  2.9788E+00  3.0000E-01  2.5651E-01
 91169 -7.6651E+00  2.9719E+00  3.0000E-01  2.3906E-01
 91171 -7.6861E+00  2.9640E+00  3.0000E-01  2.2045E-01
 91173 -7.7067E+00  2.9552E+00  3.0000E-01  2.0084E-01
 91175 -7.7270E+00  2.9454E+00  3.0000E-01  1.8051E-01
 91177 -7.7467E+00  2.9348E+00  3.0000E-01  1.6021E-01
 91179 -7.7660E+00  2.9233E+00  3.0000E-01  1.3996E-01
 91181 -7.7847E+00  2.9109E+00  3.0000E-01  1.2046E-01
 91183 -7.8029E+00  2.8978E+00  3.0000E-01  1.0101E-01
 91185 -7.8203E+00  2.8837E+00  3.0000E-01  8.2658E-02
 91187 -7.8373E+00  2.8690E+00  3.0000E-01  6.7576E-02
 92821 -7.1627E+00  2.8690E+00  4.0000E-01  6.7575E-02
 92823 -7.1797E+00  2.8837E+00  4.0000E-01  8.2665E-02
 92825 -7.1971E+00  2.8978E+00  4.0000E-01  1.0101E-01
 92827 -7.2153E+00  2.9109E+00  4.0000E-01  1.2046E-01
 92829 -7.2340E+00  2.9233E+00  4.0000E-01  1.3996E-01
 92831 -7.2533E+00  2.9348E+00  4.0000E-01  1.6021E-01
 92833 -7.2730E+00  2.9454E+00  4.0000E-01  1.8051E-01
 92835 -7.2933E+00  2.9552E+00  4.0000E-01  2.0085E-01
 92837 -7.3139E+00  2.9640E+00  4.0000E-01  2.2045E-01
 92839 -7.3349E+00  2.9719E+00  4.0000E-01  2.3906E-01
 92841 -7.3562E+00  2.9788E+00  4.0000E-01  2.5651E-01
 92843 -7.3779E+00  2.9848E+00  4.0000E-01  2.7281E-01
 92845 -7.3997E+00  2.9898E+00  4.0000E-01  2.8628E-01
 92847 -7.4218E+00  2.9937E+00  4.0000E-01  2.9695E-01
 92849 -7.4440E+00  2.9967E+00  4.0000E-01  3.0541E-01
 92851 -7.4664E+00  2.9987E+00  4.0000E-01  3.1119E-01
 92853 -7.4888E+00  2.9997E+00  4.0000E-01  3.1411E-01
 92855 -7.5112E+00  2.9997E+00  4.0000E-01  3.1411E-01
 92857 -7.5336E+00  2.9987E+00  4.0000E-01  3.1119E-01
 92859 -7.5560E+00  2.9967E+00  4.0000E-01  3.0541E-01
 92861 -7.5782E+00  2.9937E+00  4.0000E-01  2.9695E-01
 92863 -7.6003E+00  2.9898E+00  4.0000E-01  2.8627E-01
 92865 -7.6221E+00  2.9848E+00  4.0000E-01  2.7281E-01
 92867 -7.6438E+00  2.9788E+00  4.0000E-01  2.5651E-01
 92869 -7.6651E+00  2.9719E+00  4.0000E-01  2.3906E-01
 92871 -7.6861E+00  2.9640E+00  4.0000E-01  2.2045E-01
 92873 -7.7067E+00  2.9552E+00  4.0000E-01  2.0085E-01
 92875 -7.7270E+00  2.9454E+00  4.0000E-01  1.8052E-01
 92877 -7.7467E+00  2.9348E+00  4.0000E-01  1.6021E-01
 92879 -7.7660E+00  2.9233E+00  4.0000E-01  1.3996E-01
 92881 -7.7847E+00  2.9109E+00  4.0000E-01  1.2046E-01
 92883 -7.8029E+00  2.8978E+00  4.0000E-01  1.0101E-01
 92885 -7.8203E+00  2.8837E+00  4.0000E-01  8.2659E-02
 92887 -7.8373E+00  2.8690E+00  4.0000E-01  6.7575E-02
 94521 -7.1627E+00  2.8690E+00  5.0000E-01  6.7576E-02
 94523 -7.1797E+00  2.8837E+00  5.0000E-01  8.2665E-02
 94525 -7.1971E+00  2.8978E+00  5.0000E-01  1.0101E-01
 94527 -7.2153E+00  2.9109E+00  5.0000E-01  1.2046E-01
 94529 -7.2340E+00  2.9233E+00  5.0000E-01  1.3996E-01
 94531 -7.2533E+00  2.9348E+00  5.0000E-01  1.6021E-01
 94533 -7.2730E+00  2.9454E+00  5.0000E-01  1.8051E-01
 94535 -7.2933E+00  2.9552E+00  5.0000E-01  2.0084E-01
 94537 -7.3139E+00  2.9640E+00  5.0000E-01  2.2045E-01
 94539 -7.3349E+00  2.9719E+00  5.0000E-01  2.3906E-01
 94541 -7.3562E+00  2.9788E+00  5.0000E-01  2.5651E-01
 94543 -7.3779E+00  2.9848E+00  5.0000E-01  2.7281E-01
 94545 -7.3997E+00  2.9898E+00  5.0000E-01  2.8628E-01
 94547 -7.4218E+00  2.9937E+00  5.0000E-01  2.9695E-01
 94549 -7.4440E+00  2.9967E+00  5.0000E-01  3.0541E-01
 94551 -7.4664E+00  2.9987E+00  5.0000E-01  3.1119E-01
 94553 -7.4888E+00  2.9997E+00  5.0000E-01  3.1411E-01
 94555 -7.5112E+00  2.9997E+00  5.0000E-01  3.1411E-01
 94557 -7.5336E+00  2.9987E+00  5.0000E-01  3.1119E-01
 94559 -7.5560E+00  2.9967E+00  5.0000E-01  3.0541E-01
 94561 -7.5782E+00  2.9937E+00  5.0000E-01  2.9695E-01
 94563 -7.6003E+00  2.9898E+00  5.0000E-01  2.8627E-01
 94565 -7.6221E+00  2.9848E+00  5.0000E-01  2.7281E-01
 94567 -7.6438E+00  2.9788E+00  5.0000E-01  2.5651E-01
 94569 -7.6651E+00  2.9719E+00  5.0000E-01  2.3906E-01
 94571 -7.6861E+00  2.9640E+00  5.0000E-01  2.2045E-01
 94573 -7.7067E+00  2.9552E+00  5.0000E-01  2.0085E-01
 94575 -7.7270E+00  2.9454E+00  5.0000E-01  1.8052E-01
 94577 -7.7467E+00  2.9348E+00  5.0000E-01  1.6021E-01
 94579 -7.7660E+00  2.9233E+00  5.0000E-01  1.3996E-01
 94581 -7.7847E+00  2.9109E+00  5.0000E-01  1.2046E-01
 94583 -7.8029E+00  2.8978E+00  5.0000E-01  1.0101E-01
 94585 -7.8203E+00  2.8837E+00  5.0000E-01  8.2659E-02
 94587 -7.8373E+00  2.8690E+00  5.0000E-01  6.7576E-02
 96221 -7.1627E+00  2.8690E+00  6.0000E-01  6.7575E-02
 96223 -7.1797E+00  2.8837E+00  6.0000E-01  8.2665E-02
 96225 -7.1971E+00  2.8978E+00  6.0000E-01  1.0101E-01
 96227 -7.2153E+00  2.9109E+00  6.0000E-01  1.2046E-01
 96229 -7.2340E+00  2.9233E+00  6.0000E-01  1.3996E-01
 96231 -7.2533E+00  2.9348E+00  6.0000E-01  1.6021E-01
 96233 -7.2730E+00  2.9454E+00  6.0000E-01  1.8051E-01
 96235 -7.2933E+00  2.9552E+00  6.0000E-01  2.0085E-01
 96237 -7.3139E+00  2.9640E+00  6.0000E-01  2.2045E-01
 96239 -7.3349E+00  2.9719E+00  6.0000E-01  2.3906E-01
 96241 -7.3562E+00  2.9788E+00  6.0000E-01  2.5651E-01
 96243 -7.3779E+00  2.9848E+00  6.0000E-01  2.7281E-01
 96245 -7.3997E+00  2.9898E+00  6.0000E-01  2.8628E-01
 96247 -7.4218E+00  2.9937E+00  6.0000E-01  2.9695E-01
 96249 -7.4440E+00  2.9967E+00  6.0000E-01  3.0541E-01
 96251 -7.4664E+00  2.9987E+00  6.0000E-01  3.1119E-01
 96253 -7.4888E+00  2.9997E+00  6.0000E-01  3.1411E-01
 96255 -7.5112E+00  2.9997E+00  6.0000E-01  3.1411E-01
 96257 -7.5336E+00  2.9987E+00  6.0000E-01  3.1119E-01
 96259 -7.5560E+00  2.9967E+00  6.0000E-01  3.0541E-01
 96261 -7.5782E+00  2.9937E+00  6.0000E-01  2.9695E-01
 96263 -7.6003E+00  2.9898E+00  6.0000E-01  2.8627E-01
 96265 -7.6221E+00  2.9848E+00  6.0000E-01  2.7281E-01
 96267 -7.6438E+00  2.9788E+00  6.0000E-01  2.5651E-01
 96269 -7.6651E+00  2.9719E+00  6.0000E-01  2.3906E-01
 96271 -7.6861E+00  2.9640E+00  6.0000E-01  2.2045E-01
 96273 -7.7067E+00  2.9552E+00  6.0000E-01  2.0085E-01
 96275 -7.7270E+00  2.9454E+00  6.0000E-01  1.8052E-01
 96277 -7.7467E+00  2.9348E+00  6.0000E-01  1.6021E-01
 96279 -7.7660E+00  2.9233E+00  6.0000E-01  1.3996E-01
 96281 -7.7847E+00  2.9109E+00  6.0000E-01  1.2046E-01
 96283 -7.8029E+00  2.8978E+00  6.0000E-01  1.0101E-01
 96285 -7.8203E+00  2.8837E+00  6.0000E-01  8.2659E-02
 96287 -7.8373E+00  2.8690E+00  6.0000E-01  6.7575E-02
 97921 -7.1627E+00  2.8690E+00  7.0000E-01  6.7576E-02
 97923 -7.1797E+00  2.8837E+00  7.0000E-01  8.2665E-02
 97925 -7.1971E+00  2.8978E+00  7.0000E-01  1.0101E-01
 97927 -7.2153E+00  2.9109E+00  7.0000E-01  1.2046E-01
 97929 -7.2340E+00  2.9233E+00  7.0000E-01  1.3996E-01
 97931 -7.2533E+00  2.9348E+00  7.0000E-01  1.6021E-01
 97933 -7.2730E+00  2.9454E+00  7.0000E-01  1.8051E-01
 97935 -7.2933E+00  2.9552E+00  7.0000E-01  2.0084E-01
 97937 -7.3139E+00  2.9640E+00  7.0000E-01  2.2045E-01
 97939 -7.3349E+00  2.9719E+00  7.0000E-01  2.3906E-01
 97941 -7.3562E+00  2.9788E+00  7.0000E-01  2.5651E-01
 97943 -7.3779E+00  2.9848E+00  7.0000E-01  2.7281E-01
 97945 -7.3997E+00  2.9898E+00  7.0000E-01  2.8628E-01
 97947 -7.4218E+00  2.9937E+00  7.0000E-01  2.9695E-01
 97949 -7.4440E+00  2.9967E+00  7.0000E-01  3.0542E-01
 97951 -7.4664E+00  2.9987E+00  7.0000E-01  3.1119E-01
 97953 -7.4888E+00  2.9997E+00  7.0000E-01  3.1411E-01
 97955 -7.5112E+00  2.9997E+00  7.0000E-01  3.1411E-01
 97957 -7.5336E+00  2.9987E+00  7.0000E-01  3.1119E-01
 97959 -7.5560E+00  2.9967E+00  7.0000E-01  3.0542E-01
 97961 -7.5782E+00  2.9937E+00  7.0000E-01  2.9695E-01
 97963 -7.6003E+00  2.9898E+00  7.0000E-01  2.8628E-01
 97965 -7.6221E+00  2.9848E+00  7.0000E-01  2.7281E-01
 97967 -7.6438E+00  2.9788E+00  7.0000E-01  2.5651E-01
 97969 -7.6651E+00  2.9719E+00  7.0000E-01  2.3906E-01
 97971 -7.6861E+00  2.9640E+00  7.0000E-01  2.2045E-01
 97973 -7.7067E+00  2.9552E+00  7.0000E-01  2.0084E-01
 97975 -7.7270E+00  2.9454E+00  7.0000E-01  1.8051E-01
 97977 -7.7467E+00  2.9348E+00  7.0000E-01  1.6021E-01
 97979 -7.7660E+00  2.9233E+00  7.0000E-01  1.3996E-01
 97981 -7.7847E+00  2.9109E+00  7.0000E-01  1.2046E-01
 97983 -7.8029E+00  2.8978E+00  7.0000E-01  1.0101E-01
 97985 -7.8203E+00  2.8837E+00  7.0000E-01  8.2658E-02
 97987 -7.8373E+00  2.8690E+00  7.0000E-01  6.7576E-02
 99621 -7.1627E+00  2.8690E+00  8.0000E-01  6.7572E-02
 99623 -7.1797E+00  2.8837E+00  8.0000E-01  8.2662E-02
 99625 -7.1971E+00  2.8978E+00  8.0000E-01  1.0101E-01
 99627 -7.2153E+00  2.9109E+00  8.0000E-01  1.2046E-01
 99629 -7.2340E+00  2.9233E+00  8.0000E-01  1.3995E-01
 99631 -7.2533E+00  2.9348E+00  8.0000E-01  1.6020E-01
 99633 -7.2730E+00  2.9454E+00  8.0000E-01  1.8051E-01
 99635 -7.2933E+00  2.9552E+00  8.0000E-01  2.0085E-01
 99637 -7.3139E+00  2.9640E+00  8.0000E-01  2.2045E-01
 99639 -7.3349E+00  2.9719E+00  8.0000E-01  2.3905E-01
 99641 -7.3562E+00  2.9788E+00  8.0000E-01  2.5651E-01
 99643 -7.3779E+00  2.9848E+00  8.0000E-01  2.7281E-01
 99645 -7.3997E+00  2.9898E+00  8.0000E-01  2.8628E-01
 99647 -7.4218E+00  2.9937E+00  8.0000E-01  2.9696E-01
 99649 -7.4440E+00  2.9967E+00  8.0000E-01  3.0542E-01
 99651 -7.4664E+00  2.9987E+00  8.0000E-01  3.1120E-01
 99653 -7.4888E+00  2.9997E+00  8.0000E-01  3.1412E-01
 99655 -7.5112E+00  2.9997E+00  8.0000E-01  3.1412E-01
 99657 -7.5336E+00  2.9987E+00  8.0000E-01  3.1120E-01
 99659 -7.5560E+00  2.9967E+00  8.0000E-01  3.0542E-01
 99661 -7.5782E+00  2.9937E+00  8.0000E-01  2.9696E-01
 99663 -7.6003E+00  2.9898E+00  8.0000E-01  2.8628E-01
 99665 -7.6221E+00  2.9848E+00  8.0000E-01  2.7281E-01
 99667 -7.6438E+00  2.9788E+00  8.0000E-01  2.5651E-01
 99669 -7.6651E+00  2.9719E+00  8.0000E-01  2.3905E-01
 99671 -7.6861E+00  2.9640E+00  8.0000E-01  2.2045E-01
 99673 -7.7067E+00  2.9552E+00  8.0000E-01  2.0085E-01
 99675 -7.7270E+00  2.9454E+00  8.0000E-01  1.8051E-01
 99677 -7.7467E+00  2.9348E+00  8.0000E-01  1.6020E-01
 99679 -7.7660E+00  2.9233E+00  8.0000E-01  1.3995E-01
 99681 -7.7847E+00  2.9109E+00  8.0000E-01  1.2046E-01
 99683 -7.8029E+00  2.8978E+00  8.0000E-01  1.0101E-01
 99685 -7.8203E+00  2.8837E+00  8.0000E-01  8.2656E-02
 99687 -7.8373E+00  2.8690E+00  8.0000E-01  6.7572E-02
 101321 -7.1627E+00  2.8690E+00  9.0000E-01  6.7594E-02
 101323 -7.1797E+00  2.8837E+00  9.0000E-01  8.2671E-02
 101325 -7.1971E+00  2.8978E+00  9.0000E-01  1.0099E-01
 101327 -7.2153E+00  2.9109E+00  9.0000E-01  1.2043E-01
 101329 -7.2340E+00  2.9233E+00  9.0000E-01  1.3995E-01
 101331 -7.2533E+00  2.9348E+00  9.0000E-01  1.6019E-01
 101333 -7.2730E+00  2.9454E+00  9.0000E-01  1.8044E-01
 101335 -7.2933E+00  2.9552E+00  9.0000E-01  2.0076E-01
 101337 -7.3139E+00  2.9640E+00  9.0000E-01  2.2040E-01
 101339 -7.3349E+00  2.9719E+00  9.0000E-01  2.3905E-01
 101341 -7.3562E+00  2.9788E+00  9.0000E-01  2.5653E-01
 101343 -7.3779E+00  2.9848E+00  9.0000E-01  2.7285E-01
 101345 -7.3997E+00  2.9898E+00  9.0000E-01  2.8631E-01
 101347 -7.4218E+00  2.9937E+00  9.0000E-01  2.9698E-01
 101349 -7.4440E+00  2.9967E+00  9.0000E-01  3.0544E-01
 101351 -7.4664E+00  2.9987E+00  9.0000E-01  3.1121E-01
 101353 -7.4888E+00  2.9997E+00  9.0000E-01  3.1413E-01
 101355 -7.5112E+00  2.9997E+00  9.0000E-01  3.1413E-01
 101357 -7.5336E+00  2.9987E+00  9.0000E-01  3.1121E-01
 101359 -7.5560E+00  2.9967E+00  9.0000E-01  3.0544E-01
 101361 -7.5782E+00  2.9937E+00  9.0000E-01  2.9698E-01
 101363 -7.6003E+00  2.9898E+00  9.0000E-01  2.8631E-01
 101365 -7.6221E+00  2.9848E+00  9.0000E-01  2.7285E-01
 101367 -7.6438E+00  2.9788E+00  9.0000E-01  2.5653E-01
 101369 -7.6651E+00  2.9719E+00  9.0000E-01  2.3905E-01
 101371 -7.6861E+00  2.9640E+00  9.0000E-01  2.2040E-01
 101373 -7.7067E+00  2.9552E+00  9.0000E-01  2.0076E-01
 101375 -7.7270E+00  2.9454E+00  9.0000E-01  1.8045E-01
 101377 -7.7467E+00  2.9348E+00  9.0000E-01  1.6019E-01
 101379 -7.7660E+00  2.9233E+00  9.0000E-01  1.3995E-01
 101381 -7.7847E+00  2.9109E+00  9.0000E-01  1.2044E-01
 101383 -7.8029E+00  2.8978E+00  9.0000E-01  1.0099E-01
 101385 -7.8203E+00  2.8837E+00  9.0000E-01  8.2665E-02
 101387 -7.8373E+00  2.8690E+00  9.0000E-01  6.7594E-02
 103021 -7.1627E+00  2.8690E+00  1.0000E+00  6.7791E-02
 103023 -7.1797E+00  2.8837E+00  1.0000E+00  8.3552E-02
 103025 -7.1972E+00  2.8976E+00  1.0000E+00  1.0083E-01
 103027 -7.2154E+00  2.9109E+00  1.0000E+00  1.1944E-01
 103029 -7.2340E+00  2.9233E+00  1.0000E+00  1.4047E-01
 103031 -7.2533E+00  2.9347E+00  1.0000E+00  1.6124E-01
 103033 -7.2731E+00  2.9453E+00  1.0000E+00  1.8010E-01
 103035 -7.2933E+00  2.9550E+00  1.0000E+00  1.9937E-01
 103037 -7.3139E+00  2.9639E+00  1.0000E+00  2.2016E-01
 103039 -7.3349E+00  2.9718E+00  1.0000E+00  2.3904E-01
 103041 -7.3562E+00  2.9788E+00  1.0000E+00  2.5662E-01
 103043 -7.3779E+00  2.9848E+00  1.0000E+00  2.7324E-01
 103045 -7.3997E+00  2.9898E+00  1.0000E+00  2.8639E-01
 103047 -7.4218E+00  2.9937E+00  1.0000E+00  2.9703E-01
 103049 -7.4440E+00  2.9967E+00  1.0000E+00  3.0546E-01
 103051 -7.4664E+00  2.9987E+00  1.0000E+00  3.1122E-01
 103053 -7.4888E+00  2.9997E+00  1.0000E+00  3.1413E-01
 103055 -7.5112E+00  2.9997E+00  1.0000E+00  3.1414E-01
 103057 -7.5336E+00  2.9987E+00  1.0000E+00  3.1124E-01
 103059 -7.5560E+00  2.9967E+00  1.0000E+00  3.0546E-01
 103061 -7.5782E+00  2.9937E+00  1.0000E+00  2.9702E-01
 103063 -7.6003E+00  2.9898E+00  1.0000E+00  2.8639E-01
 103065 -7.6221E+00  2.9848E+00  1.0000E+00  2.7324E-01
 103067 -7.6438E+00  2.9788E+00  1.0000E+00  2.5662E-01
 103069 -7.6651E+00  2.9718E+00  1.0000E+00  2.3903E-01
 103071 -7.6861E+00  2.9639E+00  1.0000E+00  2.2017E-01
 103073 -7.7067E+00  2.9550E+00  1.0000E+00  1.9938E-01
 103075 -7.7269E+00  2.9453E+00  1.0000E+00  1.8009E-01
 103077 -7.7467E+00  2.9347E+00  1.0000E+00  1.6124E-01
 103079 -7.7660E+00  2.9233E+00  1.0000E+00  1.4047E-01
 103081 -7.7846E+00  2.9109E+00  1.0000E+00  1.1944E-01
 103083 -7.8028E+00  2.8976E+00  1.0000E+00  1.0083E-01
 103085 -7.8203E+00  2.8837E+00  1.0000E+00  8.3546E-02
 103087 -7.8373E+00  2.8690E+00  1.0000E+00  6.7791E-02
