Scalar SIGMAXX under Static for NODALGROUP 1: NODENUMBER X0  Y0  Z0  RESULT-1 RESULT-2 ... RESULT-N
1540
   0.0000E+00
 14257 -7.8690E+00  2.1627E+00  0.0000E+00  3.8786E+01
 14258 -7.8535E+00  2.1465E+00  0.0000E+00  5.2773E+01
 14259 -7.8690E+00  2.1627E+00  1.0000E-01  3.8649E+01
 14260 -7.8535E+00  2.1465E+00  1.0000E-01  5.2683E+01
 14453 -7.8690E+00  2.1627E+00  2.0000E-01  3.8638E+01
 14454 -7.8535E+00  2.1465E+00  2.0000E-01  5.2664E+01
 14551 -7.8690E+00  2.1627E+00  3.0000E-01  3.8638E+01
 14552 -7.8535E+00  2.1465E+00  3.0000E-01  5.2666E+01
 14649 -7.8690E+00  2.1627E+00  4.0000E-01  3.8638E+01
 14650 -7.8535E+00  2.1465E+00  4.0000E-01  5.2666E+01
 14747 -7.8690E+00  2.1627E+00  5.0000E-01  3.8638E+01
 14748 -7.8535E+00  2.1465E+00  5.0000E-01  5.2666E+01
 14845 -7.8690E+00  2.1627E+00  6.0000E-01  3.8638E+01
 14846 -7.8535E+00  2.1465E+00  6.0000E-01  5.2666E+01
 14943 -7.8690E+00  2.1627E+00  7.0000E-01  3.8638E+01
 14944 -7.8535E+00  2.1465E+00  7.0000E-01  5.2666E+01
 15041 -7.8690E+00  2.1627E+00  8.0000E-01  3.8638E+01
 15042 -7.8535E+00  2.1465E+00  8.0000E-01  5.2664E+01
 15139 -7.8690E+00  2.1627E+00  9.0000E-01  3.8649E+01
 15140 -7.8535E+00  2.1465E+00  9.0000E-01  5.2683E+01
 15237 -7.8690E+00  2.1627E+00  1.0000E+00  3.8786E+01
 15238 -7.8535E+00  2.1465E+00  1.0000E+00  5.2773E+01
 15335 -7.8837E+00  2.1797E+00  0.0000E+00  2.7311E+01
 15336 -7.8837E+00  2.1797E+00  1.0000E-01  2.7519E+01
 15433 -7.8837E+00  2.1797E+00  2.0000E-01  2.7518E+01
 15482 -7.8837E+00  2.1797E+00  3.0000E-01  2.7517E+01
 15531 -7.8837E+00  2.1797E+00  4.0000E-01  2.7517E+01
 15580 -7.8837E+00  2.1797E+00  5.0000E-01  2.7517E+01
 15629 -7.8837E+00  2.1797E+00  6.0000E-01  2.7517E+01
 15678 -7.8837E+00  2.1797E+00  7.0000E-01  2.7517E+01
 15727 -7.8837E+00  2.1797E+00  8.0000E-01  2.7518E+01
 15776 -7.8837E+00  2.1797E+00  9.0000E-01  2.7519E+01
 15825 -7.8837E+00  2.1797E+00  1.0000E+00  2.7311E+01
 15874 -7.8976E+00  2.1972E+00  0.0000E+00  1.7750E+01
 15875 -7.8978E+00  2.1971E+00  1.0000E-01  1.8071E+01
 15972 -7.8978E+00  2.1971E+00  2.0000E-01  1.8075E+01
 16021 -7.8978E+00  2.1971E+00  3.0000E-01  1.8073E+01
 16070 -7.8978E+00  2.1971E+00  4.0000E-01  1.8073E+01
 16119 -7.8978E+00  2.1971E+00  5.0000E-01  1.8073E+01
 16168 -7.8978E+00  2.1971E+00  6.0000E-01  1.8073E+01
 16217 -7.8978E+00  2.1971E+00  7.0000E-01  1.8073E+01
 16266 -7.8978E+00  2.1971E+00  8.0000E-01  1.8075E+01
 16315 -7.8978E+00  2.1971E+00  9.0000E-01  1.8071E+01
 16364 -7.8976E+00  2.1972E+00  1.0000E+00  1.7750E+01
 16413 -7.9109E+00  2.2154E+00  0.0000E+00  9.9651E+00
 16414 -7.9109E+00  2.2153E+00  1.0000E-01  9.8881E+00
 16511 -7.9109E+00  2.2153E+00  2.0000E-01  9.8903E+00
 16560 -7.9109E+00  2.2153E+00  3.0000E-01  9.8891E+00
 16609 -7.9109E+00  2.2153E+00  4.0000E-01  9.8890E+00
 16658 -7.9109E+00  2.2153E+00  5.0000E-01  9.8889E+00
 16707 -7.9109E+00  2.2153E+00  6.0000E-01  9.8890E+00
 16756 -7.9109E+00  2.2153E+00  7.0000E-01  9.8891E+00
 16805 -7.9109E+00  2.2153E+00  8.0000E-01  9.8903E+00
 16854 -7.9109E+00  2.2153E+00  9.0000E-01  9.8881E+00
 16903 -7.9109E+00  2.2154E+00  1.0000E+00  9.9651E+00
 16952 -7.9233E+00  2.2340E+00  0.0000E+00  3.7490E+00
 16953 -7.9233E+00  2.2340E+00  1.0000E-01  3.7347E+00
 17050 -7.9233E+00  2.2340E+00  2.0000E-01  3.7345E+00
 17099 -7.9233E+00  2.2340E+00  3.0000E-01  3.7339E+00
 17148 -7.9233E+00  2.2340E+00  4.0000E-01  3.7336E+00
 17197 -7.9233E+00  2.2340E+00  5.0000E-01  3.7336E+00
 17246 -7.9233E+00  2.2340E+00  6.0000E-01  3.7336E+00
 17295 -7.9233E+00  2.2340E+00  7.0000E-01  3.7339E+00
 17344 -7.9233E+00  2.2340E+00  8.0000E-01  3.7345E+00
 17393 -7.9233E+00  2.2340E+00  9.0000E-01  3.7348E+00
 17442 -7.9233E+00  2.2340E+00  1.0000E+00  3.7490E+00
 17491 -7.9348E+00  2.2533E+00  0.0000E+00 -8.9525E-01
 17492 -7.9348E+00  2.2533E+00  1.0000E-01 -9.0523E-01
 17589 -7.9348E+00  2.2533E+00  2.0000E-01 -9.0789E-01
 17638 -7.9348E+00  2.2533E+00  3.0000E-01 -9.0818E-01
 17687 -7.9348E+00  2.2533E+00  4.0000E-01 -9.0841E-01
 17736 -7.9348E+00  2.2533E+00  5.0000E-01 -9.0844E-01
 17785 -7.9348E+00  2.2533E+00  6.0000E-01 -9.0841E-01
 17834 -7.9348E+00  2.2533E+00  7.0000E-01 -9.0818E-01
 17883 -7.9348E+00  2.2533E+00  8.0000E-01 -9.0789E-01
 17932 -7.9348E+00  2.2533E+00  9.0000E-01 -9.0526E-01
 17981 -7.9348E+00  2.2533E+00  1.0000E+00 -8.9526E-01
 18030 -7.9453E+00  2.2731E+00  0.0000E+00 -3.9842E+00
 18031 -7.9454E+00  2.2730E+00  1.0000E-01 -4.0405E+00
 18128 -7.9454E+00  2.2730E+00  2.0000E-01 -4.0451E+00
 18177 -7.9454E+00  2.2730E+00  3.0000E-01 -4.0449E+00
 18226 -7.9454E+00  2.2730E+00  4.0000E-01 -4.0452E+00
 18275 -7.9454E+00  2.2730E+00  5.0000E-01 -4.0452E+00
 18324 -7.9454E+00  2.2730E+00  6.0000E-01 -4.0452E+00
 18373 -7.9454E+00  2.2730E+00  7.0000E-01 -4.0449E+00
 18422 -7.9454E+00  2.2730E+00  8.0000E-01 -4.0451E+00
 18471 -7.9454E+00  2.2730E+00  9.0000E-01 -4.0405E+00
 18520 -7.9453E+00  2.2731E+00  1.0000E+00 -3.9842E+00
 18569 -7.9550E+00  2.2933E+00  0.0000E+00 -6.0102E+00
 18570 -7.9552E+00  2.2933E+00  1.0000E-01 -5.9150E+00
 18667 -7.9552E+00  2.2933E+00  2.0000E-01 -5.9187E+00
 18716 -7.9552E+00  2.2933E+00  3.0000E-01 -5.9187E+00
 18765 -7.9552E+00  2.2933E+00  4.0000E-01 -5.9188E+00
 18814 -7.9552E+00  2.2933E+00  5.0000E-01 -5.9189E+00
 18863 -7.9552E+00  2.2933E+00  6.0000E-01 -5.9188E+00
 18912 -7.9552E+00  2.2933E+00  7.0000E-01 -5.9187E+00
 18961 -7.9552E+00  2.2933E+00  8.0000E-01 -5.9187E+00
 19010 -7.9552E+00  2.2933E+00  9.0000E-01 -5.9151E+00
 19059 -7.9550E+00  2.2933E+00  1.0000E+00 -6.0101E+00
 19108 -7.9640E+00  2.3139E+00  0.0000E+00 -6.7844E+00
 19109 -7.9640E+00  2.3139E+00  1.0000E-01 -6.7278E+00
 19206 -7.9640E+00  2.3139E+00  2.0000E-01 -6.7298E+00
 19255 -7.9640E+00  2.3139E+00  3.0000E-01 -6.7299E+00
 19304 -7.9640E+00  2.3139E+00  4.0000E-01 -6.7300E+00
 19353 -7.9640E+00  2.3139E+00  5.0000E-01 -6.7300E+00
 19402 -7.9640E+00  2.3139E+00  6.0000E-01 -6.7300E+00
 19451 -7.9640E+00  2.3139E+00  7.0000E-01 -6.7299E+00
 19500 -7.9640E+00  2.3139E+00  8.0000E-01 -6.7298E+00
 19549 -7.9640E+00  2.3139E+00  9.0000E-01 -6.7278E+00
 19598 -7.9640E+00  2.3139E+00  1.0000E+00 -6.7844E+00
 19647 -7.9718E+00  2.3349E+00  0.0000E+00 -6.7200E+00
 19648 -7.9719E+00  2.3349E+00  1.0000E-01 -6.6863E+00
 19745 -7.9719E+00  2.3349E+00  2.0000E-01 -6.6870E+00
 19794 -7.9719E+00  2.3349E+00  3.0000E-01 -6.6871E+00
 19843 -7.9719E+00  2.3349E+00  4.0000E-01 -6.6872E+00
 19892 -7.9719E+00  2.3349E+00  5.0000E-01 -6.6872E+00
 19941 -7.9719E+00  2.3349E+00  6.0000E-01 -6.6872E+00
 19990 -7.9719E+00  2.3349E+00  7.0000E-01 -6.6871E+00
 20039 -7.9719E+00  2.3349E+00  8.0000E-01 -6.6870E+00
 20088 -7.9719E+00  2.3349E+00  9.0000E-01 -6.6863E+00
 20137 -7.9718E+00  2.3349E+00  1.0000E+00 -6.7197E+00
 20186 -7.9788E+00  2.3562E+00  0.0000E+00 -6.1702E+00
 20187 -7.9788E+00  2.3562E+00  1.0000E-01 -6.0967E+00
 20284 -7.9788E+00  2.3562E+00  2.0000E-01 -6.0964E+00
 20333 -7.9788E+00  2.3562E+00  3.0000E-01 -6.0966E+00
 20382 -7.9788E+00  2.3562E+00  4.0000E-01 -6.0966E+00
 20431 -7.9788E+00  2.3562E+00  5.0000E-01 -6.0966E+00
 20480 -7.9788E+00  2.3562E+00  6.0000E-01 -6.0966E+00
 20529 -7.9788E+00  2.3562E+00  7.0000E-01 -6.0966E+00
 20578 -7.9788E+00  2.3562E+00  8.0000E-01 -6.0964E+00
 20627 -7.9788E+00  2.3562E+00  9.0000E-01 -6.0967E+00
 20676 -7.9788E+00  2.3562E+00  1.0000E+00 -6.1711E+00
 20725 -7.9848E+00  2.3778E+00  5.5080E-17 -5.0069E+00
 20726 -7.9848E+00  2.3778E+00  1.0000E-01 -5.0097E+00
 20823 -7.9848E+00  2.3778E+00  2.0000E-01 -5.0094E+00
 20872 -7.9848E+00  2.3778E+00  3.0000E-01 -5.0095E+00
 20921 -7.9848E+00  2.3778E+00  4.0000E-01 -5.0095E+00
 20970 -7.9848E+00  2.3778E+00  5.0000E-01 -5.0095E+00
 21019 -7.9848E+00  2.3778E+00  6.0000E-01 -5.0095E+00
 21068 -7.9848E+00  2.3778E+00  7.0000E-01 -5.0095E+00
 21117 -7.9848E+00  2.3778E+00  8.0000E-01 -5.0094E+00
 21166 -7.9848E+00  2.3778E+00  9.0000E-01 -5.0097E+00
 21215 -7.9848E+00  2.3778E+00  1.0000E+00 -5.0070E+00
 21264 -7.9898E+00  2.3997E+00 -3.4700E-17 -3.6907E+00
 21265 -7.9898E+00  2.3997E+00  1.0000E-01 -3.6885E+00
 21362 -7.9898E+00  2.3997E+00  2.0000E-01 -3.6883E+00
 21411 -7.9898E+00  2.3997E+00  3.0000E-01 -3.6883E+00
 21460 -7.9898E+00  2.3997E+00  4.0000E-01 -3.6883E+00
 21509 -7.9898E+00  2.3997E+00  5.0000E-01 -3.6883E+00
 21558 -7.9898E+00  2.3997E+00  6.0000E-01 -3.6883E+00
 21607 -7.9898E+00  2.3997E+00  7.0000E-01 -3.6883E+00
 21656 -7.9898E+00  2.3997E+00  8.0000E-01 -3.6883E+00
 21705 -7.9898E+00  2.3997E+00  9.0000E-01 -3.6887E+00
 21754 -7.9898E+00  2.3997E+00  1.0000E+00 -3.6902E+00
 21803 -7.9937E+00  2.4218E+00  6.9390E-18 -2.4578E+00
 21804 -7.9937E+00  2.4218E+00  1.0000E-01 -2.4577E+00
 21901 -7.9937E+00  2.4218E+00  2.0000E-01 -2.4576E+00
 21950 -7.9937E+00  2.4218E+00  3.0000E-01 -2.4576E+00
 21999 -7.9937E+00  2.4218E+00  4.0000E-01 -2.4576E+00
 22048 -7.9937E+00  2.4218E+00  5.0000E-01 -2.4576E+00
 22097 -7.9937E+00  2.4218E+00  6.0000E-01 -2.4576E+00
 22146 -7.9937E+00  2.4218E+00  7.0000E-01 -2.4576E+00
 22195 -7.9937E+00  2.4218E+00  8.0000E-01 -2.4576E+00
 22244 -7.9937E+00  2.4218E+00  9.0000E-01 -2.4571E+00
 22293 -7.9937E+00  2.4218E+00  1.0000E+00 -2.4579E+00
 22342 -7.9967E+00  2.4440E+00  1.3880E-17 -1.4018E+00
 22343 -7.9967E+00  2.4440E+00  1.0000E-01 -1.4018E+00
 22440 -7.9967E+00  2.4440E+00  2.0000E-01 -1.4017E+00
 22489 -7.9967E+00  2.4440E+00  3.0000E-01 -1.4017E+00
 22538 -7.9967E+00  2.4440E+00  4.0000E-01 -1.4017E+00
 22587 -7.9967E+00  2.4440E+00  5.0000E-01 -1.4017E+00
 22636 -7.9967E+00  2.4440E+00  6.0000E-01 -1.4017E+00
 22685 -7.9967E+00  2.4440E+00  7.0000E-01 -1.4017E+00
 22734 -7.9967E+00  2.4440E+00  8.0000E-01 -1.4017E+00
 22783 -7.9967E+00  2.4440E+00  9.0000E-01 -1.4017E+00
 22832 -7.9967E+00  2.4440E+00  1.0000E+00 -1.4018E+00
 22881 -7.9987E+00  2.4664E+00 -1.3900E-17 -6.1860E-01
 22882 -7.9987E+00  2.4664E+00  1.0000E-01 -6.1804E-01
 22979 -7.9987E+00  2.4664E+00  2.0000E-01 -6.1802E-01
 23028 -7.9987E+00  2.4664E+00  3.0000E-01 -6.1802E-01
 23077 -7.9987E+00  2.4664E+00  4.0000E-01 -6.1802E-01
 23126 -7.9987E+00  2.4664E+00  5.0000E-01 -6.1802E-01
 23175 -7.9987E+00  2.4664E+00  6.0000E-01 -6.1802E-01
 23224 -7.9987E+00  2.4664E+00  7.0000E-01 -6.1802E-01
 23273 -7.9987E+00  2.4664E+00  8.0000E-01 -6.1802E-01
 23322 -7.9987E+00  2.4664E+00  9.0000E-01 -6.1851E-01
 23371 -7.9987E+00  2.4664E+00  1.0000E+00 -6.1861E-01
 23420 -7.9997E+00  2.4888E+00  0.0000E+00 -2.0404E-01
 23421 -7.9997E+00  2.4888E+00  1.0000E-01 -2.0414E-01
 23518 -7.9997E+00  2.4888E+00  2.0000E-01 -2.0413E-01
 23567 -7.9997E+00  2.4888E+00  3.0000E-01 -2.0413E-01
 23616 -7.9997E+00  2.4888E+00  4.0000E-01 -2.0413E-01
 23665 -7.9997E+00  2.4888E+00  5.0000E-01 -2.0413E-01
 23714 -7.9997E+00  2.4888E+00  6.0000E-01 -2.0413E-01
 23763 -7.9997E+00  2.4888E+00  7.0000E-01 -2.0413E-01
 23812 -7.9997E+00  2.4888E+00  8.0000E-01 -2.0413E-01
 23861 -7.9997E+00  2.4888E+00  9.0000E-01 -2.0401E-01
 23910 -7.9997E+00  2.4888E+00  1.0000E+00 -2.0403E-01
 23959 -7.9997E+00  2.5112E+00  0.0000E+00 -2.0393E-01
 23960 -7.9997E+00  2.5112E+00  1.0000E-01 -2.0387E-01
 24057 -7.9997E+00  2.5112E+00  2.0000E-01 -2.0387E-01
 24106 -7.9997E+00  2.5112E+00  3.0000E-01 -2.0386E-01
 24155 -7.9997E+00  2.5112E+00  4.0000E-01 -2.0387E-01
 24204 -7.9997E+00  2.5112E+00  5.0000E-01 -2.0387E-01
 24253 -7.9997E+00  2.5112E+00  6.0000E-01 -2.0387E-01
 24302 -7.9997E+00  2.5112E+00  7.0000E-01 -2.0386E-01
 24351 -7.9997E+00  2.5112E+00  8.0000E-01 -2.0387E-01
 24400 -7.9997E+00  2.5112E+00  9.0000E-01 -2.0391E-01
 24449 -7.9997E+00  2.5112E+00  1.0000E+00 -2.0393E-01
 24498 -7.9987E+00  2.5336E+00  0.0000E+00 -6.1861E-01
 24499 -7.9987E+00  2.5336E+00  1.0000E-01 -6.1852E-01
 24596 -7.9987E+00  2.5336E+00  2.0000E-01 -6.1850E-01
 24645 -7.9987E+00  2.5336E+00  3.0000E-01 -6.1850E-01
 24694 -7.9987E+00  2.5336E+00  4.0000E-01 -6.1850E-01
 24743 -7.9987E+00  2.5336E+00  5.0000E-01 -6.1850E-01
 24792 -7.9987E+00  2.5336E+00  6.0000E-01 -6.1850E-01
 24841 -7.9987E+00  2.5336E+00  7.0000E-01 -6.1850E-01
 24890 -7.9987E+00  2.5336E+00  8.0000E-01 -6.1850E-01
 24939 -7.9987E+00  2.5336E+00  9.0000E-01 -6.1851E-01
 24988 -7.9987E+00  2.5336E+00  1.0000E+00 -6.1861E-01
 25037 -7.9967E+00  2.5560E+00  0.0000E+00 -1.4024E+00
 25038 -7.9967E+00  2.5560E+00  1.0000E-01 -1.4023E+00
 25135 -7.9967E+00  2.5560E+00  2.0000E-01 -1.4023E+00
 25184 -7.9967E+00  2.5560E+00  3.0000E-01 -1.4023E+00
 25233 -7.9967E+00  2.5560E+00  4.0000E-01 -1.4023E+00
 25282 -7.9967E+00  2.5560E+00  5.0000E-01 -1.4023E+00
 25331 -7.9967E+00  2.5560E+00  6.0000E-01 -1.4023E+00
 25380 -7.9967E+00  2.5560E+00  7.0000E-01 -1.4023E+00
 25429 -7.9967E+00  2.5560E+00  8.0000E-01 -1.4023E+00
 25478 -7.9967E+00  2.5560E+00  9.0000E-01 -1.4023E+00
 25527 -7.9967E+00  2.5560E+00  1.0000E+00 -1.4024E+00
 25576 -7.9937E+00  2.5782E+00  2.7760E-17 -2.4583E+00
 25577 -7.9937E+00  2.5782E+00  1.0000E-01 -2.4574E+00
 25674 -7.9937E+00  2.5782E+00  2.0000E-01 -2.4573E+00
 25723 -7.9937E+00  2.5782E+00  3.0000E-01 -2.4573E+00
 25772 -7.9937E+00  2.5782E+00  4.0000E-01 -2.4573E+00
 25821 -7.9937E+00  2.5782E+00  5.0000E-01 -2.4573E+00
 25870 -7.9937E+00  2.5782E+00  6.0000E-01 -2.4573E+00
 25919 -7.9937E+00  2.5782E+00  7.0000E-01 -2.4573E+00
 25968 -7.9937E+00  2.5782E+00  8.0000E-01 -2.4573E+00
 26017 -7.9937E+00  2.5782E+00  9.0000E-01 -2.4574E+00
 26066 -7.9937E+00  2.5782E+00  1.0000E+00 -2.4583E+00
 26115 -7.9898E+00  2.6003E+00  0.0000E+00 -3.6905E+00
 26116 -7.9898E+00  2.6003E+00  1.0000E-01 -3.6890E+00
 26213 -7.9898E+00  2.6003E+00  2.0000E-01 -3.6888E+00
 26262 -7.9898E+00  2.6003E+00  3.0000E-01 -3.6889E+00
 26311 -7.9898E+00  2.6003E+00  4.0000E-01 -3.6889E+00
 26360 -7.9898E+00  2.6003E+00  5.0000E-01 -3.6889E+00
 26409 -7.9898E+00  2.6003E+00  6.0000E-01 -3.6889E+00
 26458 -7.9898E+00  2.6003E+00  7.0000E-01 -3.6889E+00
 26507 -7.9898E+00  2.6003E+00  8.0000E-01 -3.6888E+00
 26556 -7.9898E+00  2.6003E+00  9.0000E-01 -3.6890E+00
 26605 -7.9898E+00  2.6003E+00  1.0000E+00 -3.6905E+00
 26654 -7.9848E+00  2.6222E+00  0.0000E+00 -5.0066E+00
 26655 -7.9848E+00  2.6222E+00  1.0000E-01 -5.0092E+00
 26752 -7.9848E+00  2.6222E+00  2.0000E-01 -5.0089E+00
 26801 -7.9848E+00  2.6222E+00  3.0000E-01 -5.0090E+00
 26850 -7.9848E+00  2.6222E+00  4.0000E-01 -5.0090E+00
 26899 -7.9848E+00  2.6222E+00  5.0000E-01 -5.0090E+00
 26948 -7.9848E+00  2.6222E+00  6.0000E-01 -5.0090E+00
 26997 -7.9848E+00  2.6222E+00  7.0000E-01 -5.0090E+00
 27046 -7.9848E+00  2.6222E+00  8.0000E-01 -5.0088E+00
 27095 -7.9848E+00  2.6222E+00  9.0000E-01 -5.0092E+00
 27144 -7.9848E+00  2.6222E+00  1.0000E+00 -5.0066E+00
 27193 -7.9788E+00  2.6438E+00  1.4170E-14 -6.1705E+00
 27194 -7.9788E+00  2.6438E+00  1.0000E-01 -6.0965E+00
 27291 -7.9788E+00  2.6438E+00  2.0000E-01 -6.0961E+00
 27340 -7.9788E+00  2.6438E+00  3.0000E-01 -6.0963E+00
 27389 -7.9788E+00  2.6438E+00  4.0000E-01 -6.0963E+00
 27438 -7.9788E+00  2.6438E+00  5.0000E-01 -6.0963E+00
 27487 -7.9788E+00  2.6438E+00  6.0000E-01 -6.0963E+00
 27536 -7.9788E+00  2.6438E+00  7.0000E-01 -6.0963E+00
 27585 -7.9788E+00  2.6438E+00  8.0000E-01 -6.0961E+00
 27634 -7.9788E+00  2.6438E+00  9.0000E-01 -6.0964E+00
 27683 -7.9788E+00  2.6438E+00  1.0000E+00 -6.1705E+00
 27732 -7.9718E+00  2.6651E+00  0.0000E+00 -6.7204E+00
 27733 -7.9719E+00  2.6651E+00  1.0000E-01 -6.6870E+00
 27830 -7.9719E+00  2.6651E+00  2.0000E-01 -6.6876E+00
 27879 -7.9719E+00  2.6651E+00  3.0000E-01 -6.6878E+00
 27928 -7.9719E+00  2.6651E+00  4.0000E-01 -6.6879E+00
 27977 -7.9719E+00  2.6651E+00  5.0000E-01 -6.6879E+00
 28026 -7.9719E+00  2.6651E+00  6.0000E-01 -6.6879E+00
 28075 -7.9719E+00  2.6651E+00  7.0000E-01 -6.6878E+00
 28124 -7.9719E+00  2.6651E+00  8.0000E-01 -6.6876E+00
 28173 -7.9719E+00  2.6651E+00  9.0000E-01 -6.6870E+00
 28222 -7.9718E+00  2.6651E+00  1.0000E+00 -6.7204E+00
 28271 -7.9640E+00  2.6861E+00  0.0000E+00 -6.7850E+00
 28272 -7.9640E+00  2.6861E+00  1.0000E-01 -6.7276E+00
 28369 -7.9640E+00  2.6861E+00  2.0000E-01 -6.7296E+00
 28418 -7.9640E+00  2.6861E+00  3.0000E-01 -6.7297E+00
 28467 -7.9640E+00  2.6861E+00  4.0000E-01 -6.7298E+00
 28516 -7.9640E+00  2.6861E+00  5.0000E-01 -6.7298E+00
 28565 -7.9640E+00  2.6861E+00  6.0000E-01 -6.7298E+00
 28614 -7.9640E+00  2.6861E+00  7.0000E-01 -6.7297E+00
 28663 -7.9640E+00  2.6861E+00  8.0000E-01 -6.7296E+00
 28712 -7.9640E+00  2.6861E+00  9.0000E-01 -6.7276E+00
 28761 -7.9640E+00  2.6861E+00  1.0000E+00 -6.7850E+00
 28810 -7.9550E+00  2.7067E+00  0.0000E+00 -6.0095E+00
 28811 -7.9552E+00  2.7067E+00  1.0000E-01 -5.9146E+00
 28908 -7.9552E+00  2.7067E+00  2.0000E-01 -5.9183E+00
 28957 -7.9552E+00  2.7067E+00  3.0000E-01 -5.9182E+00
 29006 -7.9552E+00  2.7067E+00  4.0000E-01 -5.9184E+00
 29055 -7.9552E+00  2.7067E+00  5.0000E-01 -5.9184E+00
 29104 -7.9552E+00  2.7067E+00  6.0000E-01 -5.9184E+00
 29153 -7.9552E+00  2.7067E+00  7.0000E-01 -5.9182E+00
 29202 -7.9552E+00  2.7067E+00  8.0000E-01 -5.9183E+00
 29251 -7.9552E+00  2.7067E+00  9.0000E-01 -5.9146E+00
 29300 -7.9550E+00  2.7067E+00  1.0000E+00 -6.0095E+00
 29349 -7.9453E+00  2.7269E+00  0.0000E+00 -3.9842E+00
 29350 -7.9454E+00  2.7270E+00  1.0000E-01 -4.0405E+00
 29447 -7.9454E+00  2.7270E+00  2.0000E-01 -4.0450E+00
 29496 -7.9454E+00  2.7270E+00  3.0000E-01 -4.0449E+00
 29545 -7.9454E+00  2.7270E+00  4.0000E-01 -4.0451E+00
 29594 -7.9454E+00  2.7270E+00  5.0000E-01 -4.0451E+00
 29643 -7.9454E+00  2.7270E+00  6.0000E-01 -4.0451E+00
 29692 -7.9454E+00  2.7270E+00  7.0000E-01 -4.0449E+00
 29741 -7.9454E+00  2.7270E+00  8.0000E-01 -4.0450E+00
 29790 -7.9454E+00  2.7270E+00  9.0000E-01 -4.0405E+00
 29839 -7.9453E+00  2.7269E+00  1.0000E+00 -3.9842E+00
 29888 -7.9348E+00  2.7467E+00  0.0000E+00 -8.9533E-01
 29889 -7.9348E+00  2.7467E+00  1.0000E-01 -9.0548E-01
 29986 -7.9348E+00  2.7467E+00  2.0000E-01 -9.0815E-01
 30035 -7.9348E+00  2.7467E+00  3.0000E-01 -9.0844E-01
 30084 -7.9348E+00  2.7467E+00  4.0000E-01 -9.0866E-01
 30133 -7.9348E+00  2.7467E+00  5.0000E-01 -9.0870E-01
 30182 -7.9348E+00  2.7467E+00  6.0000E-01 -9.0866E-01
 30231 -7.9348E+00  2.7467E+00  7.0000E-01 -9.0844E-01
 30280 -7.9348E+00  2.7467E+00  8.0000E-01 -9.0815E-01
 30329 -7.9348E+00  2.7467E+00  9.0000E-01 -9.0549E-01
 30378 -7.9348E+00  2.7467E+00  1.0000E+00 -8.9533E-01
 30427 -7.9233E+00  2.7660E+00  0.0000E+00  3.7491E+00
 30428 -7.9233E+00  2.7660E+00  1.0000E-01  3.7354E+00
 30525 -7.9233E+00  2.7660E+00  2.0000E-01  3.7352E+00
 30574 -7.9233E+00  2.7660E+00  3.0000E-01  3.7345E+00
 30623 -7.9233E+00  2.7660E+00  4.0000E-01  3.7343E+00
 30672 -7.9233E+00  2.7660E+00  5.0000E-01  3.7342E+00
 30721 -7.9233E+00  2.7660E+00  6.0000E-01  3.7343E+00
 30770 -7.9233E+00  2.7660E+00  7.0000E-01  3.7345E+00
 30819 -7.9233E+00  2.7660E+00  8.0000E-01  3.7352E+00
 30868 -7.9233E+00  2.7660E+00  9.0000E-01  3.7354E+00
 30917 -7.9233E+00  2.7660E+00  1.0000E+00  3.7491E+00
 30966 -7.9109E+00  2.7846E+00  0.0000E+00  9.9650E+00
 30967 -7.9109E+00  2.7847E+00  1.0000E-01  9.8881E+00
 31064 -7.9109E+00  2.7847E+00  2.0000E-01  9.8903E+00
 31113 -7.9109E+00  2.7847E+00  3.0000E-01  9.8891E+00
 31162 -7.9109E+00  2.7847E+00  4.0000E-01  9.8889E+00
 31211 -7.9109E+00  2.7847E+00  5.0000E-01  9.8889E+00
 31260 -7.9109E+00  2.7847E+00  6.0000E-01  9.8889E+00
 31309 -7.9109E+00  2.7847E+00  7.0000E-01  9.8891E+00
 31358 -7.9109E+00  2.7847E+00  8.0000E-01  9.8903E+00
 31407 -7.9109E+00  2.7847E+00  9.0000E-01  9.8881E+00
 31456 -7.9109E+00  2.7846E+00  1.0000E+00  9.9650E+00
 31505 -7.8976E+00  2.8028E+00  0.0000E+00  1.7750E+01
 31506 -7.8978E+00  2.8029E+00  1.0000E-01  1.8072E+01
 31603 -7.8978E+00  2.8029E+00  2.0000E-01  1.8076E+01
 31652 -7.8978E+00  2.8029E+00  3.0000E-01  1.8074E+01
 31701 -7.8978E+00  2.8029E+00  4.0000E-01  1.8074E+01
 31750 -7.8978E+00  2.8029E+00  5.0000E-01  1.8074E+01
 31799 -7.8978E+00  2.8029E+00  6.0000E-01  1.8074E+01
 31848 -7.8978E+00  2.8029E+00  7.0000E-01  1.8074E+01
 31897 -7.8978E+00  2.8029E+00  8.0000E-01  1.8076E+01
 31946 -7.8978E+00  2.8029E+00  9.0000E-01  1.8072E+01
 31995 -7.8976E+00  2.8028E+00  1.0000E+00  1.7750E+01
 32044 -7.8837E+00  2.8203E+00  1.3880E-17  2.7309E+01
 32045 -7.8837E+00  2.8203E+00  1.0000E-01  2.7517E+01
 32142 -7.8837E+00  2.8203E+00  2.0000E-01  2.7516E+01
 32191 -7.8837E+00  2.8203E+00  3.0000E-01  2.7515E+01
 32240 -7.8837E+00  2.8203E+00  4.0000E-01  2.7515E+01
 32289 -7.8837E+00  2.8203E+00  5.0000E-01  2.7515E+01
 32338 -7.8837E+00  2.8203E+00  6.0000E-01  2.7515E+01
 32387 -7.8837E+00  2.8203E+00  7.0000E-01  2.7515E+01
 32436 -7.8837E+00  2.8203E+00  8.0000E-01  2.7516E+01
 32485 -7.8837E+00  2.8203E+00  9.0000E-01  2.7517E+01
 32534 -7.8837E+00  2.8203E+00  1.0000E+00  2.7309E+01
 32583 -7.8690E+00  2.8373E+00  0.0000E+00  3.8785E+01
 32584 -7.8690E+00  2.8373E+00  1.0000E-01  3.8648E+01
 32681 -7.8690E+00  2.8373E+00  2.0000E-01  3.8637E+01
 32730 -7.8690E+00  2.8373E+00  3.0000E-01  3.8637E+01
 32779 -7.8690E+00  2.8373E+00  4.0000E-01  3.8637E+01
 32828 -7.8690E+00  2.8373E+00  5.0000E-01  3.8637E+01
 32877 -7.8690E+00  2.8373E+00  6.0000E-01  3.8637E+01
 32926 -7.8690E+00  2.8373E+00  7.0000E-01  3.8637E+01
 32975 -7.8690E+00  2.8373E+00  8.0000E-01  3.8637E+01
 33024 -7.8690E+00  2.8373E+00  9.0000E-01  3.8648E+01
 33073 -7.8690E+00  2.8373E+00  1.0000E+00  3.8785E+01
 33122 -7.8535E+00  2.8535E+00  0.0000E+00  5.2776E+01
 33123 -7.8535E+00  2.8535E+00  1.0000E-01  5.2686E+01
 33220 -7.8535E+00  2.8535E+00  2.0000E-01  5.2667E+01
 33269 -7.8535E+00  2.8535E+00  3.0000E-01  5.2669E+01
 33318 -7.8535E+00  2.8535E+00  4.0000E-01  5.2669E+01
 33367 -7.8535E+00  2.8535E+00  5.0000E-01  5.2669E+01
 33416 -7.8535E+00  2.8535E+00  6.0000E-01  5.2669E+01
 33465 -7.8535E+00  2.8535E+00  7.0000E-01  5.2669E+01
 33514 -7.8535E+00  2.8535E+00  8.0000E-01  5.2667E+01
 33563 -7.8535E+00  2.8535E+00  9.0000E-01  5.2686E+01
 33612 -7.8535E+00  2.8535E+00  1.0000E+00  5.2776E+01
 33661 -7.1465E+00  2.1465E+00  1.0000E-01  5.2686E+01
 33662 -7.1465E+00  2.1465E+00  0.0000E+00  5.2776E+01
 33665 -7.1627E+00  2.1310E+00  1.0000E-01  6.7593E+01
 33666 -7.1627E+00  2.1310E+00  0.0000E+00  6.7790E+01
 33669 -7.1797E+00  2.1163E+00  1.0000E-01  8.2671E+01
 33670 -7.1797E+00  2.1163E+00  0.0000E+00  8.3552E+01
 33673 -7.1971E+00  2.1022E+00  1.0000E-01  1.0099E+02
 33674 -7.1972E+00  2.1024E+00  0.0000E+00  1.0083E+02
 33677 -7.2153E+00  2.0891E+00  1.0000E-01  1.2043E+02
 33678 -7.2154E+00  2.0891E+00  0.0000E+00  1.1944E+02
 33681 -7.2340E+00  2.0767E+00  1.0000E-01  1.3995E+02
 33682 -7.2340E+00  2.0767E+00  0.0000E+00  1.4047E+02
 33685 -7.2533E+00  2.0652E+00  1.0000E-01  1.6019E+02
 33686 -7.2533E+00  2.0653E+00  0.0000E+00  1.6125E+02
 33689 -7.2730E+00  2.0546E+00  1.0000E-01  1.8044E+02
 33690 -7.2731E+00  2.0547E+00  0.0000E+00  1.8009E+02
 33693 -7.2933E+00  2.0448E+00  1.0000E-01  2.0076E+02
 33694 -7.2933E+00  2.0450E+00  0.0000E+00  1.9937E+02
 33697 -7.3139E+00  2.0360E+00  1.0000E-01  2.2039E+02
 33698 -7.3139E+00  2.0361E+00  0.0000E+00  2.2016E+02
 33701 -7.3349E+00  2.0281E+00  1.0000E-01  2.3905E+02
 33702 -7.3349E+00  2.0282E+00  0.0000E+00  2.3904E+02
 33705 -7.3562E+00  2.0212E+00  1.0000E-01  2.5655E+02
 33706 -7.3562E+00  2.0212E+00  0.0000E+00  2.5663E+02
 33709 -7.3779E+00  2.0152E+00  1.0000E-01  2.7284E+02
 33710 -7.3779E+00  2.0152E+00  3.4690E-17  2.7324E+02
 33713 -7.3997E+00  2.0102E+00  1.0000E-01  2.8630E+02
 33714 -7.3997E+00  2.0102E+00  0.0000E+00  2.8638E+02
 33717 -7.4218E+00  2.0063E+00  1.0000E-01  2.9698E+02
 33718 -7.4218E+00  2.0063E+00  6.9390E-18  2.9703E+02
 33721 -7.4440E+00  2.0033E+00  1.0000E-01  3.0544E+02
 33722 -7.4440E+00  2.0033E+00 -2.7800E-17  3.0547E+02
 33725 -7.4664E+00  2.0013E+00  1.0000E-01  3.1121E+02
 33726 -7.4664E+00  2.0013E+00  0.0000E+00  3.1123E+02
 33729 -7.4888E+00  2.0003E+00  1.0000E-01  3.1413E+02
 33730 -7.4888E+00  2.0003E+00  0.0000E+00  3.1414E+02
 33733 -7.5112E+00  2.0003E+00  1.0000E-01  3.1413E+02
 33734 -7.5112E+00  2.0003E+00  0.0000E+00  3.1414E+02
 33737 -7.5336E+00  2.0013E+00  1.0000E-01  3.1122E+02
 33738 -7.5336E+00  2.0013E+00  2.7760E-17  3.1123E+02
 33741 -7.5560E+00  2.0033E+00  1.0000E-01  3.0544E+02
 33742 -7.5560E+00  2.0033E+00  0.0000E+00  3.0546E+02
 33745 -7.5782E+00  2.0063E+00  1.0000E-01  2.9697E+02
 33746 -7.5782E+00  2.0063E+00  0.0000E+00  2.9702E+02
 33749 -7.6003E+00  2.0102E+00  1.0000E-01  2.8631E+02
 33750 -7.6003E+00  2.0102E+00  0.0000E+00  2.8640E+02
 33753 -7.6221E+00  2.0152E+00  1.0000E-01  2.7285E+02
 33754 -7.6221E+00  2.0152E+00  0.0000E+00  2.7325E+02
 33757 -7.6438E+00  2.0212E+00  1.0000E-01  2.5654E+02
 33758 -7.6438E+00  2.0212E+00  1.7350E-17  2.5662E+02
 33761 -7.6651E+00  2.0281E+00  1.0000E-01  2.3905E+02
 33762 -7.6651E+00  2.0282E+00  0.0000E+00  2.3903E+02
 33765 -7.6861E+00  2.0360E+00  1.0000E-01  2.2039E+02
 33766 -7.6861E+00  2.0361E+00  0.0000E+00  2.2016E+02
 33769 -7.7067E+00  2.0448E+00  1.0000E-01  2.0076E+02
 33770 -7.7067E+00  2.0450E+00  0.0000E+00  1.9937E+02
 33773 -7.7270E+00  2.0546E+00  1.0000E-01  1.8044E+02
 33774 -7.7269E+00  2.0547E+00  0.0000E+00  1.8009E+02
 33777 -7.7467E+00  2.0652E+00  1.0000E-01  1.6019E+02
 33778 -7.7467E+00  2.0653E+00  0.0000E+00  1.6125E+02
 33781 -7.7660E+00  2.0767E+00  1.0000E-01  1.3995E+02
 33782 -7.7660E+00  2.0767E+00  0.0000E+00  1.4047E+02
 33785 -7.7847E+00  2.0891E+00  1.0000E-01  1.2043E+02
 33786 -7.7846E+00  2.0891E+00  0.0000E+00  1.1944E+02
 33789 -7.8029E+00  2.1022E+00  1.0000E-01  1.0099E+02
 33790 -7.8028E+00  2.1024E+00  0.0000E+00  1.0083E+02
 33793 -7.8203E+00  2.1163E+00  1.0000E-01  8.2670E+01
 33794 -7.8203E+00  2.1163E+00  1.3880E-17  8.3551E+01
 33797 -7.8373E+00  2.1310E+00  1.0000E-01  6.7593E+01
 33798 -7.8373E+00  2.1310E+00  1.1240E-21  6.7790E+01
 37161 -7.1465E+00  2.1465E+00  2.0000E-01  5.2667E+01
 37163 -7.1627E+00  2.1310E+00  2.0000E-01  6.7572E+01
 37165 -7.1797E+00  2.1163E+00  2.0000E-01  8.2662E+01
 37167 -7.1971E+00  2.1022E+00  2.0000E-01  1.0101E+02
 37169 -7.2153E+00  2.0891E+00  2.0000E-01  1.2046E+02
 37171 -7.2340E+00  2.0767E+00  2.0000E-01  1.3995E+02
 37173 -7.2533E+00  2.0652E+00  2.0000E-01  1.6020E+02
 37175 -7.2730E+00  2.0546E+00  2.0000E-01  1.8051E+02
 37177 -7.2933E+00  2.0448E+00  2.0000E-01  2.0084E+02
 37179 -7.3139E+00  2.0360E+00  2.0000E-01  2.2044E+02
 37181 -7.3349E+00  2.0281E+00  2.0000E-01  2.3905E+02
 37183 -7.3562E+00  2.0212E+00  2.0000E-01  2.5652E+02
 37185 -7.3779E+00  2.0152E+00  2.0000E-01  2.7280E+02
 37187 -7.3997E+00  2.0102E+00  2.0000E-01  2.8626E+02
 37189 -7.4218E+00  2.0063E+00  2.0000E-01  2.9696E+02
 37191 -7.4440E+00  2.0033E+00  2.0000E-01  3.0543E+02
 37193 -7.4664E+00  2.0013E+00  2.0000E-01  3.1120E+02
 37195 -7.4888E+00  2.0003E+00  2.0000E-01  3.1412E+02
 37197 -7.5112E+00  2.0003E+00  2.0000E-01  3.1412E+02
 37199 -7.5336E+00  2.0013E+00  2.0000E-01  3.1120E+02
 37201 -7.5560E+00  2.0033E+00  2.0000E-01  3.0542E+02
 37203 -7.5782E+00  2.0063E+00  2.0000E-01  2.9695E+02
 37205 -7.6003E+00  2.0102E+00  2.0000E-01  2.8628E+02
 37207 -7.6221E+00  2.0152E+00  2.0000E-01  2.7281E+02
 37209 -7.6438E+00  2.0212E+00  2.0000E-01  2.5651E+02
 37211 -7.6651E+00  2.0281E+00  2.0000E-01  2.3905E+02
 37213 -7.6861E+00  2.0360E+00  2.0000E-01  2.2044E+02
 37215 -7.7067E+00  2.0448E+00  2.0000E-01  2.0084E+02
 37217 -7.7270E+00  2.0546E+00  2.0000E-01  1.8051E+02
 37219 -7.7467E+00  2.0652E+00  2.0000E-01  1.6021E+02
 37221 -7.7660E+00  2.0767E+00  2.0000E-01  1.3995E+02
 37223 -7.7847E+00  2.0891E+00  2.0000E-01  1.2045E+02
 37225 -7.8029E+00  2.1022E+00  2.0000E-01  1.0101E+02
 37227 -7.8203E+00  2.1163E+00  2.0000E-01  8.2661E+01
 37229 -7.8373E+00  2.1310E+00  2.0000E-01  6.7572E+01
 38911 -7.1465E+00  2.1465E+00  3.0000E-01  5.2669E+01
 38913 -7.1627E+00  2.1310E+00  3.0000E-01  6.7575E+01
 38915 -7.1797E+00  2.1163E+00  3.0000E-01  8.2665E+01
 38917 -7.1971E+00  2.1022E+00  3.0000E-01  1.0101E+02
 38919 -7.2153E+00  2.0891E+00  3.0000E-01  1.2046E+02
 38921 -7.2340E+00  2.0767E+00  3.0000E-01  1.3996E+02
 38923 -7.2533E+00  2.0652E+00  3.0000E-01  1.6021E+02
 38925 -7.2730E+00  2.0546E+00  3.0000E-01  1.8051E+02
 38927 -7.2933E+00  2.0448E+00  3.0000E-01  2.0084E+02
 38929 -7.3139E+00  2.0360E+00  3.0000E-01  2.2044E+02
 38931 -7.3349E+00  2.0281E+00  3.0000E-01  2.3906E+02
 38933 -7.3562E+00  2.0212E+00  3.0000E-01  2.5653E+02
 38935 -7.3779E+00  2.0152E+00  3.0000E-01  2.7281E+02
 38937 -7.3997E+00  2.0102E+00  3.0000E-01  2.8626E+02
 38939 -7.4218E+00  2.0063E+00  3.0000E-01  2.9696E+02
 38941 -7.4440E+00  2.0033E+00  3.0000E-01  3.0542E+02
 38943 -7.4664E+00  2.0013E+00  3.0000E-01  3.1120E+02
 38945 -7.4888E+00  2.0003E+00  3.0000E-01  3.1411E+02
 38947 -7.5112E+00  2.0003E+00  3.0000E-01  3.1411E+02
 38949 -7.5336E+00  2.0013E+00  3.0000E-01  3.1120E+02
 38951 -7.5560E+00  2.0033E+00  3.0000E-01  3.0541E+02
 38953 -7.5782E+00  2.0063E+00  3.0000E-01  2.9694E+02
 38955 -7.6003E+00  2.0102E+00  3.0000E-01  2.8628E+02
 38957 -7.6221E+00  2.0152E+00  3.0000E-01  2.7282E+02
 38959 -7.6438E+00  2.0212E+00  3.0000E-01  2.5652E+02
 38961 -7.6651E+00  2.0281E+00  3.0000E-01  2.3906E+02
 38963 -7.6861E+00  2.0360E+00  3.0000E-01  2.2044E+02
 38965 -7.7067E+00  2.0448E+00  3.0000E-01  2.0084E+02
 38967 -7.7270E+00  2.0546E+00  3.0000E-01  1.8051E+02
 38969 -7.7467E+00  2.0652E+00  3.0000E-01  1.6022E+02
 38971 -7.7660E+00  2.0767E+00  3.0000E-01  1.3996E+02
 38973 -7.7847E+00  2.0891E+00  3.0000E-01  1.2045E+02
 38975 -7.8029E+00  2.1022E+00  3.0000E-01  1.0101E+02
 38977 -7.8203E+00  2.1163E+00  3.0000E-01  8.2664E+01
 38979 -7.8373E+00  2.1310E+00  3.0000E-01  6.7575E+01
 40661 -7.1465E+00  2.1465E+00  4.0000E-01  5.2669E+01
 40663 -7.1627E+00  2.1310E+00  4.0000E-01  6.7575E+01
 40665 -7.1797E+00  2.1163E+00  4.0000E-01  8.2665E+01
 40667 -7.1971E+00  2.1022E+00  4.0000E-01  1.0101E+02
 40669 -7.2153E+00  2.0891E+00  4.0000E-01  1.2046E+02
 40671 -7.2340E+00  2.0767E+00  4.0000E-01  1.3996E+02
 40673 -7.2533E+00  2.0652E+00  4.0000E-01  1.6021E+02
 40675 -7.2730E+00  2.0546E+00  4.0000E-01  1.8051E+02
 40677 -7.2933E+00  2.0448E+00  4.0000E-01  2.0084E+02
 40679 -7.3139E+00  2.0360E+00  4.0000E-01  2.2044E+02
 40681 -7.3349E+00  2.0281E+00  4.0000E-01  2.3906E+02
 40683 -7.3562E+00  2.0212E+00  4.0000E-01  2.5653E+02
 40685 -7.3779E+00  2.0152E+00  4.0000E-01  2.7281E+02
 40687 -7.3997E+00  2.0102E+00  4.0000E-01  2.8626E+02
 40689 -7.4218E+00  2.0063E+00  4.0000E-01  2.9696E+02
 40691 -7.4440E+00  2.0033E+00  4.0000E-01  3.0542E+02
 40693 -7.4664E+00  2.0013E+00  4.0000E-01  3.1119E+02
 40695 -7.4888E+00  2.0003E+00  4.0000E-01  3.1411E+02
 40697 -7.5112E+00  2.0003E+00  4.0000E-01  3.1411E+02
 40699 -7.5336E+00  2.0013E+00  4.0000E-01  3.1120E+02
 40701 -7.5560E+00  2.0033E+00  4.0000E-01  3.0541E+02
 40703 -7.5782E+00  2.0063E+00  4.0000E-01  2.9694E+02
 40705 -7.6003E+00  2.0102E+00  4.0000E-01  2.8628E+02
 40707 -7.6221E+00  2.0152E+00  4.0000E-01  2.7282E+02
 40709 -7.6438E+00  2.0212E+00  4.0000E-01  2.5652E+02
 40711 -7.6651E+00  2.0281E+00  4.0000E-01  2.3906E+02
 40713 -7.6861E+00  2.0360E+00  4.0000E-01  2.2044E+02
 40715 -7.7067E+00  2.0448E+00  4.0000E-01  2.0084E+02
 40717 -7.7270E+00  2.0546E+00  4.0000E-01  1.8051E+02
 40719 -7.7467E+00  2.0652E+00  4.0000E-01  1.6022E+02
 40721 -7.7660E+00  2.0767E+00  4.0000E-01  1.3996E+02
 40723 -7.7847E+00  2.0891E+00  4.0000E-01  1.2045E+02
 40725 -7.8029E+00  2.1022E+00  4.0000E-01  1.0101E+02
 40727 -7.8203E+00  2.1163E+00  4.0000E-01  8.2664E+01
 40729 -7.8373E+00  2.1310E+00  4.0000E-01  6.7575E+01
 42411 -7.1465E+00  2.1465E+00  5.0000E-01  5.2668E+01
 42413 -7.1627E+00  2.1310E+00  5.0000E-01  6.7575E+01
 42415 -7.1797E+00  2.1163E+00  5.0000E-01  8.2665E+01
 42417 -7.1971E+00  2.1022E+00  5.0000E-01  1.0101E+02
 42419 -7.2153E+00  2.0891E+00  5.0000E-01  1.2046E+02
 42421 -7.2340E+00  2.0767E+00  5.0000E-01  1.3996E+02
 42423 -7.2533E+00  2.0652E+00  5.0000E-01  1.6021E+02
 42425 -7.2730E+00  2.0546E+00  5.0000E-01  1.8051E+02
 42427 -7.2933E+00  2.0448E+00  5.0000E-01  2.0084E+02
 42429 -7.3139E+00  2.0360E+00  5.0000E-01  2.2044E+02
 42431 -7.3349E+00  2.0281E+00  5.0000E-01  2.3906E+02
 42433 -7.3562E+00  2.0212E+00  5.0000E-01  2.5653E+02
 42435 -7.3779E+00  2.0152E+00  5.0000E-01  2.7281E+02
 42437 -7.3997E+00  2.0102E+00  5.0000E-01  2.8626E+02
 42439 -7.4218E+00  2.0063E+00  5.0000E-01  2.9696E+02
 42441 -7.4440E+00  2.0033E+00  5.0000E-01  3.0542E+02
 42443 -7.4664E+00  2.0013E+00  5.0000E-01  3.1119E+02
 42445 -7.4888E+00  2.0003E+00  5.0000E-01  3.1411E+02
 42447 -7.5112E+00  2.0003E+00  5.0000E-01  3.1411E+02
 42449 -7.5336E+00  2.0013E+00  5.0000E-01  3.1120E+02
 42451 -7.5560E+00  2.0033E+00  5.0000E-01  3.0541E+02
 42453 -7.5782E+00  2.0063E+00  5.0000E-01  2.9694E+02
 42455 -7.6003E+00  2.0102E+00  5.0000E-01  2.8628E+02
 42457 -7.6221E+00  2.0152E+00  5.0000E-01  2.7282E+02
 42459 -7.6438E+00  2.0212E+00  5.0000E-01  2.5652E+02
 42461 -7.6651E+00  2.0281E+00  5.0000E-01  2.3906E+02
 42463 -7.6861E+00  2.0360E+00  5.0000E-01  2.2044E+02
 42465 -7.7067E+00  2.0448E+00  5.0000E-01  2.0084E+02
 42467 -7.7270E+00  2.0546E+00  5.0000E-01  1.8051E+02
 42469 -7.7467E+00  2.0652E+00  5.0000E-01  1.6022E+02
 42471 -7.7660E+00  2.0767E+00  5.0000E-01  1.3996E+02
 42473 -7.7847E+00  2.0891E+00  5.0000E-01  1.2045E+02
 42475 -7.8029E+00  2.1022E+00  5.0000E-01  1.0101E+02
 42477 -7.8203E+00  2.1163E+00  5.0000E-01  8.2664E+01
 42479 -7.8373E+00  2.1310E+00  5.0000E-01  6.7575E+01
 44161 -7.1465E+00  2.1465E+00  6.0000E-01  5.2668E+01
 44163 -7.1627E+00  2.1310E+00  6.0000E-01  6.7575E+01
 44165 -7.1797E+00  2.1163E+00  6.0000E-01  8.2665E+01
 44167 -7.1971E+00  2.1022E+00  6.0000E-01  1.0101E+02
 44169 -7.2153E+00  2.0891E+00  6.0000E-01  1.2046E+02
 44171 -7.2340E+00  2.0767E+00  6.0000E-01  1.3996E+02
 44173 -7.2533E+00  2.0652E+00  6.0000E-01  1.6021E+02
 44175 -7.2730E+00  2.0546E+00  6.0000E-01  1.8051E+02
 44177 -7.2933E+00  2.0448E+00  6.0000E-01  2.0084E+02
 44179 -7.3139E+00  2.0360E+00  6.0000E-01  2.2044E+02
 44181 -7.3349E+00  2.0281E+00  6.0000E-01  2.3906E+02
 44183 -7.3562E+00  2.0212E+00  6.0000E-01  2.5653E+02
 44185 -7.3779E+00  2.0152E+00  6.0000E-01  2.7281E+02
 44187 -7.3997E+00  2.0102E+00  6.0000E-01  2.8626E+02
 44189 -7.4218E+00  2.0063E+00  6.0000E-01  2.9696E+02
 44191 -7.4440E+00  2.0033E+00  6.0000E-01  3.0542E+02
 44193 -7.4664E+00  2.0013E+00  6.0000E-01  3.1119E+02
 44195 -7.4888E+00  2.0003E+00  6.0000E-01  3.1411E+02
 44197 -7.5112E+00  2.0003E+00  6.0000E-01  3.1411E+02
 44199 -7.5336E+00  2.0013E+00  6.0000E-01  3.1120E+02
 44201 -7.5560E+00  2.0033E+00  6.0000E-01  3.0541E+02
 44203 -7.5782E+00  2.0063E+00  6.0000E-01  2.9694E+02
 44205 -7.6003E+00  2.0102E+00  6.0000E-01  2.8628E+02
 44207 -7.6221E+00  2.0152E+00  6.0000E-01  2.7282E+02
 44209 -7.6438E+00  2.0212E+00  6.0000E-01  2.5652E+02
 44211 -7.6651E+00  2.0281E+00  6.0000E-01  2.3906E+02
 44213 -7.6861E+00  2.0360E+00  6.0000E-01  2.2044E+02
 44215 -7.7067E+00  2.0448E+00  6.0000E-01  2.0084E+02
 44217 -7.7270E+00  2.0546E+00  6.0000E-01  1.8051E+02
 44219 -7.7467E+00  2.0652E+00  6.0000E-01  1.6022E+02
 44221 -7.7660E+00  2.0767E+00  6.0000E-01  1.3996E+02
 44223 -7.7847E+00  2.0891E+00  6.0000E-01  1.2045E+02
 44225 -7.8029E+00  2.1022E+00  6.0000E-01  1.0101E+02
 44227 -7.8203E+00  2.1163E+00  6.0000E-01  8.2664E+01
 44229 -7.8373E+00  2.1310E+00  6.0000E-01  6.7575E+01
 45911 -7.1465E+00  2.1465E+00  7.0000E-01  5.2668E+01
 45913 -7.1627E+00  2.1310E+00  7.0000E-01  6.7575E+01
 45915 -7.1797E+00  2.1163E+00  7.0000E-01  8.2665E+01
 45917 -7.1971E+00  2.1022E+00  7.0000E-01  1.0101E+02
 45919 -7.2153E+00  2.0891E+00  7.0000E-01  1.2046E+02
 45921 -7.2340E+00  2.0767E+00  7.0000E-01  1.3996E+02
 45923 -7.2533E+00  2.0652E+00  7.0000E-01  1.6021E+02
 45925 -7.2730E+00  2.0546E+00  7.0000E-01  1.8051E+02
 45927 -7.2933E+00  2.0448E+00  7.0000E-01  2.0084E+02
 45929 -7.3139E+00  2.0360E+00  7.0000E-01  2.2044E+02
 45931 -7.3349E+00  2.0281E+00  7.0000E-01  2.3906E+02
 45933 -7.3562E+00  2.0212E+00  7.0000E-01  2.5653E+02
 45935 -7.3779E+00  2.0152E+00  7.0000E-01  2.7281E+02
 45937 -7.3997E+00  2.0102E+00  7.0000E-01  2.8626E+02
 45939 -7.4218E+00  2.0063E+00  7.0000E-01  2.9696E+02
 45941 -7.4440E+00  2.0033E+00  7.0000E-01  3.0542E+02
 45943 -7.4664E+00  2.0013E+00  7.0000E-01  3.1120E+02
 45945 -7.4888E+00  2.0003E+00  7.0000E-01  3.1411E+02
 45947 -7.5112E+00  2.0003E+00  7.0000E-01  3.1411E+02
 45949 -7.5336E+00  2.0013E+00  7.0000E-01  3.1120E+02
 45951 -7.5560E+00  2.0033E+00  7.0000E-01  3.0541E+02
 45953 -7.5782E+00  2.0063E+00  7.0000E-01  2.9694E+02
 45955 -7.6003E+00  2.0102E+00  7.0000E-01  2.8628E+02
 45957 -7.6221E+00  2.0152E+00  7.0000E-01  2.7282E+02
 45959 -7.6438E+00  2.0212E+00  7.0000E-01  2.5652E+02
 45961 -7.6651E+00  2.0281E+00  7.0000E-01  2.3906E+02
 45963 -7.6861E+00  2.0360E+00  7.0000E-01  2.2044E+02
 45965 -7.7067E+00  2.0448E+00  7.0000E-01  2.0084E+02
 45967 -7.7270E+00  2.0546E+00  7.0000E-01  1.8051E+02
 45969 -7.7467E+00  2.0652E+00  7.0000E-01  1.6022E+02
 45971 -7.7660E+00  2.0767E+00  7.0000E-01  1.3996E+02
 45973 -7.7847E+00  2.0891E+00  7.0000E-01  1.2045E+02
 45975 -7.8029E+00  2.1022E+00  7.0000E-01  1.0101E+02
 45977 -7.8203E+00  2.1163E+00  7.0000E-01  8.2664E+01
 45979 -7.8373E+00  2.1310E+00  7.0000E-01  6.7575E+01
 47661 -7.1465E+00  2.1465E+00  8.0000E-01  5.2666E+01
 47663 -7.1627E+00  2.1310E+00  8.0000E-01  6.7572E+01
 47665 -7.1797E+00  2.1163E+00  8.0000E-01  8.2662E+01
 47667 -7.1971E+00  2.1022E+00  8.0000E-01  1.0101E+02
 47669 -7.2153E+00  2.0891E+00  8.0000E-01  1.2046E+02
 47671 -7.2340E+00  2.0767E+00  8.0000E-01  1.3995E+02
 47673 -7.2533E+00  2.0652E+00  8.0000E-01  1.6020E+02
 47675 -7.2730E+00  2.0546E+00  8.0000E-01  1.8051E+02
 47677 -7.2933E+00  2.0448E+00  8.0000E-01  2.0084E+02
 47679 -7.3139E+00  2.0360E+00  8.0000E-01  2.2044E+02
 47681 -7.3349E+00  2.0281E+00  8.0000E-01  2.3905E+02
 47683 -7.3562E+00  2.0212E+00  8.0000E-01  2.5652E+02
 47685 -7.3779E+00  2.0152E+00  8.0000E-01  2.7280E+02
 47687 -7.3997E+00  2.0102E+00  8.0000E-01  2.8626E+02
 47689 -7.4218E+00  2.0063E+00  8.0000E-01  2.9696E+02
 47691 -7.4440E+00  2.0033E+00  8.0000E-01  3.0543E+02
 47693 -7.4664E+00  2.0013E+00  8.0000E-01  3.1120E+02
 47695 -7.4888E+00  2.0003E+00  8.0000E-01  3.1412E+02
 47697 -7.5112E+00  2.0003E+00  8.0000E-01  3.1412E+02
 47699 -7.5336E+00  2.0013E+00  8.0000E-01  3.1120E+02
 47701 -7.5560E+00  2.0033E+00  8.0000E-01  3.0542E+02
 47703 -7.5782E+00  2.0063E+00  8.0000E-01  2.9695E+02
 47705 -7.6003E+00  2.0102E+00  8.0000E-01  2.8628E+02
 47707 -7.6221E+00  2.0152E+00  8.0000E-01  2.7281E+02
 47709 -7.6438E+00  2.0212E+00  8.0000E-01  2.5651E+02
 47711 -7.6651E+00  2.0281E+00  8.0000E-01  2.3905E+02
 47713 -7.6861E+00  2.0360E+00  8.0000E-01  2.2044E+02
 47715 -7.7067E+00  2.0448E+00  8.0000E-01  2.0084E+02
 47717 -7.7270E+00  2.0546E+00  8.0000E-01  1.8051E+02
 47719 -7.7467E+00  2.0652E+00  8.0000E-01  1.6021E+02
 47721 -7.7660E+00  2.0767E+00  8.0000E-01  1.3995E+02
 47723 -7.7847E+00  2.0891E+00  8.0000E-01  1.2045E+02
 47725 -7.8029E+00  2.1022E+00  8.0000E-01  1.0101E+02
 47727 -7.8203E+00  2.1163E+00  8.0000E-01  8.2661E+01
 47729 -7.8373E+00  2.1310E+00  8.0000E-01  6.7572E+01
 49411 -7.1465E+00  2.1465E+00  9.0000E-01  5.2686E+01
 49413 -7.1627E+00  2.1310E+00  9.0000E-01  6.7593E+01
 49415 -7.1797E+00  2.1163E+00  9.0000E-01  8.2671E+01
 49417 -7.1971E+00  2.1022E+00  9.0000E-01  1.0099E+02
 49419 -7.2153E+00  2.0891E+00  9.0000E-01  1.2043E+02
 49421 -7.2340E+00  2.0767E+00  9.0000E-01  1.3995E+02
 49423 -7.2533E+00  2.0652E+00  9.0000E-01  1.6019E+02
 49425 -7.2730E+00  2.0546E+00  9.0000E-01  1.8044E+02
 49427 -7.2933E+00  2.0448E+00  9.0000E-01  2.0076E+02
 49429 -7.3139E+00  2.0360E+00  9.0000E-01  2.2039E+02
 49431 -7.3349E+00  2.0281E+00  9.0000E-01  2.3905E+02
 49433 -7.3562E+00  2.0212E+00  9.0000E-01  2.5655E+02
 49435 -7.3779E+00  2.0152E+00  9.0000E-01  2.7284E+02
 49437 -7.3997E+00  2.0102E+00  9.0000E-01  2.8630E+02
 49439 -7.4218E+00  2.0063E+00  9.0000E-01  2.9698E+02
 49441 -7.4440E+00  2.0033E+00  9.0000E-01  3.0544E+02
 49443 -7.4664E+00  2.0013E+00  9.0000E-01  3.1121E+02
 49445 -7.4888E+00  2.0003E+00  9.0000E-01  3.1413E+02
 49447 -7.5112E+00  2.0003E+00  9.0000E-01  3.1413E+02
 49449 -7.5336E+00  2.0013E+00  9.0000E-01  3.1122E+02
 49451 -7.5560E+00  2.0033E+00  9.0000E-01  3.0544E+02
 49453 -7.5782E+00  2.0063E+00  9.0000E-01  2.9697E+02
 49455 -7.6003E+00  2.0102E+00  9.0000E-01  2.8631E+02
 49457 -7.6221E+00  2.0152E+00  9.0000E-01  2.7285E+02
 49459 -7.6438E+00  2.0212E+00  9.0000E-01  2.5654E+02
 49461 -7.6651E+00  2.0281E+00  9.0000E-01  2.3905E+02
 49463 -7.6861E+00  2.0360E+00  9.0000E-01  2.2039E+02
 49465 -7.7067E+00  2.0448E+00  9.0000E-01  2.0076E+02
 49467 -7.7270E+00  2.0546E+00  9.0000E-01  1.8044E+02
 49469 -7.7467E+00  2.0652E+00  9.0000E-01  1.6019E+02
 49471 -7.7660E+00  2.0767E+00  9.0000E-01  1.3995E+02
 49473 -7.7847E+00  2.0891E+00  9.0000E-01  1.2043E+02
 49475 -7.8029E+00  2.1022E+00  9.0000E-01  1.0099E+02
 49477 -7.8203E+00  2.1163E+00  9.0000E-01  8.2670E+01
 49479 -7.8373E+00  2.1310E+00  9.0000E-01  6.7593E+01
 51161 -7.1465E+00  2.1465E+00  1.0000E+00  5.2776E+01
 51163 -7.1627E+00  2.1310E+00  1.0000E+00  6.7790E+01
 51165 -7.1797E+00  2.1163E+00  1.0000E+00  8.3551E+01
 51167 -7.1972E+00  2.1024E+00  1.0000E+00  1.0083E+02
 51169 -7.2154E+00  2.0891E+00  1.0000E+00  1.1944E+02
 51171 -7.2340E+00  2.0767E+00  1.0000E+00  1.4047E+02
 51173 -7.2533E+00  2.0653E+00  1.0000E+00  1.6125E+02
 51175 -7.2731E+00  2.0547E+00  1.0000E+00  1.8009E+02
 51177 -7.2933E+00  2.0450E+00  1.0000E+00  1.9937E+02
 51179 -7.3139E+00  2.0361E+00  1.0000E+00  2.2017E+02
 51181 -7.3349E+00  2.0282E+00  1.0000E+00  2.3903E+02
 51183 -7.3562E+00  2.0212E+00  1.0000E+00  2.5662E+02
 51185 -7.3779E+00  2.0152E+00  1.0000E+00  2.7324E+02
 51187 -7.3997E+00  2.0102E+00  1.0000E+00  2.8638E+02
 51189 -7.4218E+00  2.0063E+00  1.0000E+00  2.9703E+02
 51191 -7.4440E+00  2.0033E+00  1.0000E+00  3.0547E+02
 51193 -7.4664E+00  2.0013E+00  1.0000E+00  3.1123E+02
 51195 -7.4888E+00  2.0003E+00  1.0000E+00  3.1414E+02
 51197 -7.5112E+00  2.0003E+00  1.0000E+00  3.1414E+02
 51199 -7.5336E+00  2.0013E+00  1.0000E+00  3.1123E+02
 51201 -7.5560E+00  2.0033E+00  1.0000E+00  3.0546E+02
 51203 -7.5782E+00  2.0063E+00  1.0000E+00  2.9701E+02
 51205 -7.6003E+00  2.0102E+00  1.0000E+00  2.8639E+02
 51207 -7.6221E+00  2.0152E+00  1.0000E+00  2.7325E+02
 51209 -7.6438E+00  2.0212E+00  1.0000E+00  2.5663E+02
 51211 -7.6651E+00  2.0282E+00  1.0000E+00  2.3903E+02
 51213 -7.6861E+00  2.0361E+00  1.0000E+00  2.2016E+02
 51215 -7.7067E+00  2.0450E+00  1.0000E+00  1.9937E+02
 51217 -7.7269E+00  2.0547E+00  1.0000E+00  1.8009E+02
 51219 -7.7467E+00  2.0653E+00  1.0000E+00  1.6125E+02
 51221 -7.7660E+00  2.0767E+00  1.0000E+00  1.4047E+02
 51223 -7.7846E+00  2.0891E+00  1.0000E+00  1.1944E+02
 51225 -7.8028E+00  2.1024E+00  1.0000E+00  1.0083E+02
 51227 -7.8203E+00  2.1163E+00  1.0000E+00  8.3551E+01
 51229 -7.8373E+00  2.1310E+00  1.0000E+00  6.7790E+01
 67156 -7.1310E+00  2.1627E+00  6.9390E-18  3.8787E+01
 67157 -7.1310E+00  2.1627E+00  1.0000E-01  3.8655E+01
 67254 -7.1310E+00  2.1627E+00  2.0000E-01  3.8644E+01
 67303 -7.1310E+00  2.1627E+00  3.0000E-01  3.8644E+01
 67352 -7.1310E+00  2.1627E+00  4.0000E-01  3.8644E+01
 67401 -7.1310E+00  2.1627E+00  5.0000E-01  3.8640E+01
 67450 -7.1310E+00  2.1627E+00  6.0000E-01  3.8640E+01
 67499 -7.1310E+00  2.1627E+00  7.0000E-01  3.8640E+01
 67548 -7.1310E+00  2.1627E+00  8.0000E-01  3.8639E+01
 67597 -7.1310E+00  2.1627E+00  9.0000E-01  3.8651E+01
 67646 -7.1310E+00  2.1627E+00  1.0000E+00  3.8787E+01
 67695 -7.1163E+00  2.1797E+00  0.0000E+00  2.7309E+01
 67696 -7.1163E+00  2.1797E+00  1.0000E-01  2.7508E+01
 67793 -7.1163E+00  2.1797E+00  2.0000E-01  2.7506E+01
 67842 -7.1163E+00  2.1797E+00  3.0000E-01  2.7505E+01
 67891 -7.1163E+00  2.1797E+00  4.0000E-01  2.7505E+01
 67940 -7.1163E+00  2.1797E+00  5.0000E-01  2.7515E+01
 67989 -7.1163E+00  2.1797E+00  6.0000E-01  2.7514E+01
 68038 -7.1163E+00  2.1797E+00  7.0000E-01  2.7516E+01
 68087 -7.1163E+00  2.1797E+00  8.0000E-01  2.7517E+01
 68136 -7.1163E+00  2.1797E+00  9.0000E-01  2.7518E+01
 68185 -7.1163E+00  2.1797E+00  1.0000E+00  2.7310E+01
 68234 -7.1024E+00  2.1972E+00  0.0000E+00  1.7750E+01
 68235 -7.1022E+00  2.1971E+00  1.0000E-01  1.8066E+01
 68332 -7.1022E+00  2.1971E+00  2.0000E-01  1.8070E+01
 68381 -7.1022E+00  2.1971E+00  3.0000E-01  1.8068E+01
 68430 -7.1022E+00  2.1971E+00  4.0000E-01  1.8068E+01
 68479 -7.1022E+00  2.1971E+00  5.0000E-01  1.8072E+01
 68528 -7.1022E+00  2.1971E+00  6.0000E-01  1.8073E+01
 68577 -7.1022E+00  2.1971E+00  7.0000E-01  1.8073E+01
 68626 -7.1022E+00  2.1971E+00  8.0000E-01  1.8076E+01
 68675 -7.1022E+00  2.1971E+00  9.0000E-01  1.8071E+01
 68724 -7.1024E+00  2.1972E+00  1.0000E+00  1.7750E+01
 68773 -7.0891E+00  2.2154E+00  0.0000E+00  9.9645E+00
 68774 -7.0891E+00  2.2153E+00  1.0000E-01  9.8952E+00
 68871 -7.0891E+00  2.2153E+00  2.0000E-01  9.8974E+00
 68920 -7.0891E+00  2.2153E+00  3.0000E-01  9.8963E+00
 68969 -7.0891E+00  2.2153E+00  4.0000E-01  9.8961E+00
 69018 -7.0891E+00  2.2153E+00  5.0000E-01  9.8894E+00
 69067 -7.0891E+00  2.2153E+00  6.0000E-01  9.8897E+00
 69116 -7.0891E+00  2.2153E+00  7.0000E-01  9.8891E+00
 69165 -7.0891E+00  2.2153E+00  8.0000E-01  9.8903E+00
 69214 -7.0891E+00  2.2153E+00  9.0000E-01  9.8881E+00
 69263 -7.0891E+00  2.2154E+00  1.0000E+00  9.9651E+00
 69312 -7.0767E+00  2.2340E+00  0.0000E+00  3.7496E+00
 69313 -7.0767E+00  2.2340E+00  1.0000E-01  3.7351E+00
 69410 -7.0767E+00  2.2340E+00  2.0000E-01  3.7350E+00
 69459 -7.0767E+00  2.2340E+00  3.0000E-01  3.7343E+00
 69508 -7.0767E+00  2.2340E+00  4.0000E-01  3.7341E+00
 69557 -7.0767E+00  2.2340E+00  5.0000E-01  3.7337E+00
 69606 -7.0767E+00  2.2340E+00  6.0000E-01  3.7337E+00
 69655 -7.0767E+00  2.2340E+00  7.0000E-01  3.7340E+00
 69704 -7.0767E+00  2.2340E+00  8.0000E-01  3.7346E+00
 69753 -7.0767E+00  2.2340E+00  9.0000E-01  3.7349E+00
 69802 -7.0767E+00  2.2340E+00  1.0000E+00  3.7492E+00
 69851 -7.0652E+00  2.2533E+00  0.0000E+00 -8.9626E-01
 69852 -7.0652E+00  2.2533E+00  1.0000E-01 -9.0501E-01
 69949 -7.0652E+00  2.2533E+00  2.0000E-01 -9.0751E-01
 69998 -7.0652E+00  2.2533E+00  3.0000E-01 -9.0779E-01
 70047 -7.0652E+00  2.2533E+00  4.0000E-01 -9.0803E-01
 70096 -7.0652E+00  2.2533E+00  5.0000E-01 -9.0848E-01
 70145 -7.0652E+00  2.2533E+00  6.0000E-01 -9.0845E-01
 70194 -7.0652E+00  2.2533E+00  7.0000E-01 -9.0826E-01
 70243 -7.0652E+00  2.2533E+00  8.0000E-01 -9.0797E-01
 70292 -7.0652E+00  2.2533E+00  9.0000E-01 -9.0532E-01
 70341 -7.0652E+00  2.2533E+00  1.0000E+00 -8.9596E-01
 70390 -7.0547E+00  2.2731E+00  0.0000E+00 -3.9882E+00
 70391 -7.0546E+00  2.2730E+00  1.0000E-01 -4.0404E+00
 70488 -7.0546E+00  2.2730E+00  2.0000E-01 -4.0448E+00
 70537 -7.0546E+00  2.2730E+00  3.0000E-01 -4.0447E+00
 70586 -7.0546E+00  2.2730E+00  4.0000E-01 -4.0449E+00
 70635 -7.0546E+00  2.2730E+00  5.0000E-01 -4.0451E+00
 70684 -7.0546E+00  2.2730E+00  6.0000E-01 -4.0451E+00
 70733 -7.0546E+00  2.2730E+00  7.0000E-01 -4.0449E+00
 70782 -7.0546E+00  2.2730E+00  8.0000E-01 -4.0450E+00
 70831 -7.0546E+00  2.2730E+00  9.0000E-01 -4.0405E+00
 70880 -7.0547E+00  2.2731E+00  1.0000E+00 -3.9841E+00
 70929 -7.0450E+00  2.2933E+00  0.0000E+00 -6.0012E+00
 70930 -7.0448E+00  2.2933E+00  1.0000E-01 -5.9151E+00
 71027 -7.0448E+00  2.2933E+00  2.0000E-01 -5.9188E+00
 71076 -7.0448E+00  2.2933E+00  3.0000E-01 -5.9187E+00
 71125 -7.0448E+00  2.2933E+00  4.0000E-01 -5.9189E+00
 71174 -7.0448E+00  2.2933E+00  5.0000E-01 -5.9189E+00
 71223 -7.0448E+00  2.2933E+00  6.0000E-01 -5.9189E+00
 71272 -7.0448E+00  2.2933E+00  7.0000E-01 -5.9187E+00
 71321 -7.0448E+00  2.2933E+00  8.0000E-01 -5.9188E+00
 71370 -7.0448E+00  2.2933E+00  9.0000E-01 -5.9151E+00
 71419 -7.0450E+00  2.2933E+00  1.0000E+00 -6.0099E+00
 71468 -7.0361E+00  2.3139E+00  0.0000E+00 -6.7802E+00
 71469 -7.0360E+00  2.3139E+00  1.0000E-01 -6.7278E+00
 71566 -7.0360E+00  2.3139E+00  2.0000E-01 -6.7298E+00
 71615 -7.0360E+00  2.3139E+00  3.0000E-01 -6.7298E+00
 71664 -7.0360E+00  2.3139E+00  4.0000E-01 -6.7299E+00
 71713 -7.0360E+00  2.3139E+00  5.0000E-01 -6.7300E+00
 71762 -7.0360E+00  2.3139E+00  6.0000E-01 -6.7300E+00
 71811 -7.0360E+00  2.3139E+00  7.0000E-01 -6.7299E+00
 71860 -7.0360E+00  2.3139E+00  8.0000E-01 -6.7298E+00
 71909 -7.0360E+00  2.3139E+00  9.0000E-01 -6.7278E+00
 71958 -7.0360E+00  2.3139E+00  1.0000E+00 -6.7847E+00
 72007 -7.0282E+00  2.3349E+00  0.0000E+00 -6.7306E+00
 72008 -7.0281E+00  2.3349E+00  1.0000E-01 -6.6863E+00
 72105 -7.0281E+00  2.3349E+00  2.0000E-01 -6.6872E+00
 72154 -7.0281E+00  2.3349E+00  3.0000E-01 -6.6874E+00
 72203 -7.0281E+00  2.3349E+00  4.0000E-01 -6.6874E+00
 72252 -7.0281E+00  2.3349E+00  5.0000E-01 -6.6874E+00
 72301 -7.0281E+00  2.3349E+00  6.0000E-01 -6.6874E+00
 72350 -7.0281E+00  2.3349E+00  7.0000E-01 -6.6874E+00
 72399 -7.0281E+00  2.3349E+00  8.0000E-01 -6.6872E+00
 72448 -7.0281E+00  2.3349E+00  9.0000E-01 -6.6865E+00
 72497 -7.0282E+00  2.3349E+00  1.0000E+00 -6.7199E+00
 72546 -7.0212E+00  2.3562E+00  0.0000E+00 -6.1738E+00
 72547 -7.0212E+00  2.3562E+00  1.0000E-01 -6.1003E+00
 72644 -7.0212E+00  2.3562E+00  2.0000E-01 -6.0957E+00
 72693 -7.0212E+00  2.3562E+00  3.0000E-01 -6.0959E+00
 72742 -7.0212E+00  2.3562E+00  4.0000E-01 -6.0960E+00
 72791 -7.0212E+00  2.3562E+00  5.0000E-01 -6.0960E+00
 72840 -7.0212E+00  2.3562E+00  6.0000E-01 -6.0960E+00
 72889 -7.0212E+00  2.3562E+00  7.0000E-01 -6.0960E+00
 72938 -7.0212E+00  2.3562E+00  8.0000E-01 -6.0957E+00
 72987 -7.0212E+00  2.3562E+00  9.0000E-01 -6.0961E+00
 73036 -7.0212E+00  2.3562E+00  1.0000E+00 -6.1705E+00
 73085 -7.0152E+00  2.3778E+00 -5.5500E-17 -4.9962E+00
 73086 -7.0152E+00  2.3778E+00  1.0000E-01 -4.9987E+00
 73183 -7.0152E+00  2.3778E+00  2.0000E-01 -5.0085E+00
 73232 -7.0152E+00  2.3778E+00  3.0000E-01 -5.0088E+00
 73281 -7.0152E+00  2.3778E+00  4.0000E-01 -5.0088E+00
 73330 -7.0152E+00  2.3778E+00  5.0000E-01 -5.0088E+00
 73379 -7.0152E+00  2.3778E+00  6.0000E-01 -5.0088E+00
 73428 -7.0152E+00  2.3778E+00  7.0000E-01 -5.0088E+00
 73477 -7.0152E+00  2.3778E+00  8.0000E-01 -5.0086E+00
 73526 -7.0152E+00  2.3778E+00  9.0000E-01 -5.0090E+00
 73575 -7.0152E+00  2.3778E+00  1.0000E+00 -5.0064E+00
 73624 -7.0102E+00  2.3997E+00  0.0000E+00 -3.6863E+00
 73625 -7.0102E+00  2.3997E+00  1.0000E-01 -3.6848E+00
 73722 -7.0102E+00  2.3997E+00  2.0000E-01 -3.6888E+00
 73771 -7.0102E+00  2.3997E+00  3.0000E-01 -3.6889E+00
 73820 -7.0102E+00  2.3997E+00  4.0000E-01 -3.6889E+00
 73869 -7.0102E+00  2.3997E+00  5.0000E-01 -3.6889E+00
 73918 -7.0102E+00  2.3997E+00  6.0000E-01 -3.6889E+00
 73967 -7.0102E+00  2.3997E+00  7.0000E-01 -3.6889E+00
 74016 -7.0102E+00  2.3997E+00  8.0000E-01 -3.6889E+00
 74065 -7.0102E+00  2.3997E+00  9.0000E-01 -3.6891E+00
 74114 -7.0102E+00  2.3997E+00  1.0000E+00 -3.6905E+00
 74163 -7.0063E+00  2.4218E+00  0.0000E+00 -2.4688E+00
 74164 -7.0063E+00  2.4218E+00  1.0000E-01 -2.4679E+00
 74261 -7.0063E+00  2.4218E+00  2.0000E-01 -2.4578E+00
 74310 -7.0063E+00  2.4218E+00  3.0000E-01 -2.4577E+00
 74359 -7.0063E+00  2.4218E+00  4.0000E-01 -2.4577E+00
 74408 -7.0063E+00  2.4218E+00  5.0000E-01 -2.4577E+00
 74457 -7.0063E+00  2.4218E+00  6.0000E-01 -2.4577E+00
 74506 -7.0063E+00  2.4218E+00  7.0000E-01 -2.4577E+00
 74555 -7.0063E+00  2.4218E+00  8.0000E-01 -2.4577E+00
 74604 -7.0063E+00  2.4218E+00  9.0000E-01 -2.4578E+00
 74653 -7.0063E+00  2.4218E+00  1.0000E+00 -2.4588E+00
 74702 -7.0033E+00  2.4440E+00  0.0000E+00 -1.4014E+00
 74703 -7.0033E+00  2.4440E+00  1.0000E-01 -1.4013E+00
 74800 -7.0033E+00  2.4440E+00  2.0000E-01 -1.4021E+00
 74849 -7.0033E+00  2.4440E+00  3.0000E-01 -1.4021E+00
 74898 -7.0033E+00  2.4440E+00  4.0000E-01 -1.4021E+00
 74947 -7.0033E+00  2.4440E+00  5.0000E-01 -1.4021E+00
 74996 -7.0033E+00  2.4440E+00  6.0000E-01 -1.4021E+00
 75045 -7.0033E+00  2.4440E+00  7.0000E-01 -1.4021E+00
 75094 -7.0033E+00  2.4440E+00  8.0000E-01 -1.4021E+00
 75143 -7.0033E+00  2.4440E+00  9.0000E-01 -1.4021E+00
 75192 -7.0033E+00  2.4440E+00  1.0000E+00 -1.4021E+00
 75241 -7.0013E+00  2.4664E+00  0.0000E+00 -6.1837E-01
 75242 -7.0013E+00  2.4664E+00  1.0000E-01 -6.1826E-01
 75339 -7.0013E+00  2.4664E+00  2.0000E-01 -6.1823E-01
 75388 -7.0013E+00  2.4664E+00  3.0000E-01 -6.1821E-01
 75437 -7.0013E+00  2.4664E+00  4.0000E-01 -6.1822E-01
 75486 -7.0013E+00  2.4664E+00  5.0000E-01 -6.1822E-01
 75535 -7.0013E+00  2.4664E+00  6.0000E-01 -6.1822E-01
 75584 -7.0013E+00  2.4664E+00  7.0000E-01 -6.1822E-01
 75633 -7.0013E+00  2.4664E+00  8.0000E-01 -6.1820E-01
 75682 -7.0013E+00  2.4664E+00  9.0000E-01 -6.1821E-01
 75731 -7.0013E+00  2.4664E+00  1.0000E+00 -6.1840E-01
 75780 -7.0003E+00  2.4888E+00  0.0000E+00 -2.0354E-01
 75781 -7.0003E+00  2.4888E+00  1.0000E-01 -2.0351E-01
 75878 -7.0003E+00  2.4888E+00  2.0000E-01 -2.0346E-01
 75927 -7.0003E+00  2.4888E+00  3.0000E-01 -2.0345E-01
 75976 -7.0003E+00  2.4888E+00  4.0000E-01 -2.0345E-01
 76025 -7.0003E+00  2.4888E+00  5.0000E-01 -2.0345E-01
 76074 -7.0003E+00  2.4888E+00  6.0000E-01 -2.0345E-01
 76123 -7.0003E+00  2.4888E+00  7.0000E-01 -2.0345E-01
 76172 -7.0003E+00  2.4888E+00  8.0000E-01 -2.0350E-01
 76221 -7.0003E+00  2.4888E+00  9.0000E-01 -2.0351E-01
 76270 -7.0003E+00  2.4888E+00  1.0000E+00 -2.0346E-01
 76319 -7.0003E+00  2.5112E+00 -2.7800E-17 -2.0404E-01
 76320 -7.0003E+00  2.5112E+00  1.0000E-01 -2.0401E-01
 76417 -7.0003E+00  2.5112E+00  2.0000E-01 -2.0397E-01
 76466 -7.0003E+00  2.5112E+00  3.0000E-01 -2.0396E-01
 76515 -7.0003E+00  2.5112E+00  4.0000E-01 -2.0397E-01
 76564 -7.0003E+00  2.5112E+00  5.0000E-01 -2.0397E-01
 76613 -7.0003E+00  2.5112E+00  6.0000E-01 -2.0397E-01
 76662 -7.0003E+00  2.5112E+00  7.0000E-01 -2.0397E-01
 76711 -7.0003E+00  2.5112E+00  8.0000E-01 -2.0390E-01
 76760 -7.0003E+00  2.5112E+00  9.0000E-01 -2.0391E-01
 76809 -7.0003E+00  2.5112E+00  1.0000E+00 -2.0398E-01
 76858 -7.0013E+00  2.5336E+00 -1.3900E-17 -6.1876E-01
 76859 -7.0013E+00  2.5336E+00  1.0000E-01 -6.1865E-01
 76956 -7.0013E+00  2.5336E+00  2.0000E-01 -6.1859E-01
 77005 -7.0013E+00  2.5336E+00  3.0000E-01 -6.1857E-01
 77054 -7.0013E+00  2.5336E+00  4.0000E-01 -6.1858E-01
 77103 -7.0013E+00  2.5336E+00  5.0000E-01 -6.1858E-01
 77152 -7.0013E+00  2.5336E+00  6.0000E-01 -6.1858E-01
 77201 -7.0013E+00  2.5336E+00  7.0000E-01 -6.1858E-01
 77250 -7.0013E+00  2.5336E+00  8.0000E-01 -6.1867E-01
 77299 -7.0013E+00  2.5336E+00  9.0000E-01 -6.1869E-01
 77348 -7.0013E+00  2.5336E+00  1.0000E+00 -6.1876E-01
 77397 -7.0033E+00  2.5560E+00  0.0000E+00 -1.4013E+00
 77398 -7.0033E+00  2.5560E+00  1.0000E-01 -1.4013E+00
 77495 -7.0033E+00  2.5560E+00  2.0000E-01 -1.4021E+00
 77544 -7.0033E+00  2.5560E+00  3.0000E-01 -1.4021E+00
 77593 -7.0033E+00  2.5560E+00  4.0000E-01 -1.4021E+00
 77642 -7.0033E+00  2.5560E+00  5.0000E-01 -1.4021E+00
 77691 -7.0033E+00  2.5560E+00  6.0000E-01 -1.4021E+00
 77740 -7.0033E+00  2.5560E+00  7.0000E-01 -1.4021E+00
 77789 -7.0033E+00  2.5560E+00  8.0000E-01 -1.4020E+00
 77838 -7.0033E+00  2.5560E+00  9.0000E-01 -1.4020E+00
 77887 -7.0033E+00  2.5560E+00  1.0000E+00 -1.4021E+00
 77936 -7.0063E+00  2.5782E+00  0.0000E+00 -2.4688E+00
 77937 -7.0063E+00  2.5782E+00  1.0000E-01 -2.4679E+00
 78034 -7.0063E+00  2.5782E+00  2.0000E-01 -2.4575E+00
 78083 -7.0063E+00  2.5782E+00  3.0000E-01 -2.4575E+00
 78132 -7.0063E+00  2.5782E+00  4.0000E-01 -2.4575E+00
 78181 -7.0063E+00  2.5782E+00  5.0000E-01 -2.4575E+00
 78230 -7.0063E+00  2.5782E+00  6.0000E-01 -2.4575E+00
 78279 -7.0063E+00  2.5782E+00  7.0000E-01 -2.4575E+00
 78328 -7.0063E+00  2.5782E+00  8.0000E-01 -2.4576E+00
 78377 -7.0063E+00  2.5782E+00  9.0000E-01 -2.4577E+00
 78426 -7.0063E+00  2.5782E+00  1.0000E+00 -2.4585E+00
 78475 -7.0102E+00  2.6003E+00 -1.3900E-17 -3.6862E+00
 78476 -7.0102E+00  2.6003E+00  1.0000E-01 -3.6848E+00
 78573 -7.0102E+00  2.6003E+00  2.0000E-01 -3.6887E+00
 78622 -7.0102E+00  2.6003E+00  3.0000E-01 -3.6889E+00
 78671 -7.0102E+00  2.6003E+00  4.0000E-01 -3.6888E+00
 78720 -7.0102E+00  2.6003E+00  5.0000E-01 -3.6889E+00
 78769 -7.0102E+00  2.6003E+00  6.0000E-01 -3.6889E+00
 78818 -7.0102E+00  2.6003E+00  7.0000E-01 -3.6888E+00
 78867 -7.0102E+00  2.6003E+00  8.0000E-01 -3.6888E+00
 78916 -7.0102E+00  2.6003E+00  9.0000E-01 -3.6889E+00
 78965 -7.0102E+00  2.6003E+00  1.0000E+00 -3.6904E+00
 79014 -7.0152E+00  2.6222E+00  0.0000E+00 -4.9961E+00
 79015 -7.0152E+00  2.6222E+00  1.0000E-01 -4.9986E+00
 79112 -7.0152E+00  2.6222E+00  2.0000E-01 -5.0088E+00
 79161 -7.0152E+00  2.6222E+00  3.0000E-01 -5.0090E+00
 79210 -7.0152E+00  2.6222E+00  4.0000E-01 -5.0090E+00
 79259 -7.0152E+00  2.6222E+00  5.0000E-01 -5.0090E+00
 79308 -7.0152E+00  2.6222E+00  6.0000E-01 -5.0090E+00
 79357 -7.0152E+00  2.6222E+00  7.0000E-01 -5.0090E+00
 79406 -7.0152E+00  2.6222E+00  8.0000E-01 -5.0089E+00
 79455 -7.0152E+00  2.6222E+00  9.0000E-01 -5.0092E+00
 79504 -7.0152E+00  2.6222E+00  1.0000E+00 -5.0066E+00
 79553 -7.0212E+00  2.6438E+00  0.0000E+00 -6.1739E+00
 79554 -7.0212E+00  2.6438E+00  1.0000E-01 -6.1008E+00
 79651 -7.0212E+00  2.6438E+00  2.0000E-01 -6.0961E+00
 79700 -7.0212E+00  2.6438E+00  3.0000E-01 -6.0964E+00
 79749 -7.0212E+00  2.6438E+00  4.0000E-01 -6.0964E+00
 79798 -7.0212E+00  2.6438E+00  5.0000E-01 -6.0964E+00
 79847 -7.0212E+00  2.6438E+00  6.0000E-01 -6.0964E+00
 79896 -7.0212E+00  2.6438E+00  7.0000E-01 -6.0964E+00
 79945 -7.0212E+00  2.6438E+00  8.0000E-01 -6.0962E+00
 79994 -7.0212E+00  2.6438E+00  9.0000E-01 -6.0966E+00
 80043 -7.0212E+00  2.6438E+00  1.0000E+00 -6.1705E+00
 80092 -7.0282E+00  2.6651E+00  0.0000E+00 -6.7311E+00
 80093 -7.0281E+00  2.6651E+00  1.0000E-01 -6.6868E+00
 80190 -7.0281E+00  2.6651E+00  2.0000E-01 -6.6877E+00
 80239 -7.0281E+00  2.6651E+00  3.0000E-01 -6.6879E+00
 80288 -7.0281E+00  2.6651E+00  4.0000E-01 -6.6879E+00
 80337 -7.0281E+00  2.6651E+00  5.0000E-01 -6.6876E+00
 80386 -7.0281E+00  2.6651E+00  6.0000E-01 -6.6876E+00
 80435 -7.0281E+00  2.6651E+00  7.0000E-01 -6.6875E+00
 80484 -7.0281E+00  2.6651E+00  8.0000E-01 -6.6873E+00
 80533 -7.0281E+00  2.6651E+00  9.0000E-01 -6.6866E+00
 80582 -7.0282E+00  2.6651E+00  1.0000E+00 -6.7204E+00
 80631 -7.0361E+00  2.6861E+00  0.0000E+00 -6.7801E+00
 80632 -7.0360E+00  2.6861E+00  1.0000E-01 -6.7274E+00
 80729 -7.0360E+00  2.6861E+00  2.0000E-01 -6.7294E+00
 80778 -7.0360E+00  2.6861E+00  3.0000E-01 -6.7294E+00
 80827 -7.0360E+00  2.6861E+00  4.0000E-01 -6.7295E+00
 80876 -7.0360E+00  2.6861E+00  5.0000E-01 -6.7294E+00
 80925 -7.0360E+00  2.6861E+00  6.0000E-01 -6.7294E+00
 80974 -7.0360E+00  2.6861E+00  7.0000E-01 -6.7293E+00
 81023 -7.0360E+00  2.6861E+00  8.0000E-01 -6.7292E+00
 81072 -7.0360E+00  2.6861E+00  9.0000E-01 -6.7275E+00
 81121 -7.0360E+00  2.6861E+00  1.0000E+00 -6.7847E+00
 81170 -7.0450E+00  2.7067E+00  0.0000E+00 -6.0008E+00
 81171 -7.0448E+00  2.7067E+00  1.0000E-01 -5.9146E+00
 81268 -7.0448E+00  2.7067E+00  2.0000E-01 -5.9183E+00
 81317 -7.0448E+00  2.7067E+00  3.0000E-01 -5.9182E+00
 81366 -7.0448E+00  2.7067E+00  4.0000E-01 -5.9183E+00
 81415 -7.0448E+00  2.7067E+00  5.0000E-01 -5.9191E+00
 81464 -7.0448E+00  2.7067E+00  6.0000E-01 -5.9191E+00
 81513 -7.0448E+00  2.7067E+00  7.0000E-01 -5.9189E+00
 81562 -7.0448E+00  2.7067E+00  8.0000E-01 -5.9190E+00
 81611 -7.0448E+00  2.7067E+00  9.0000E-01 -5.9155E+00
 81660 -7.0450E+00  2.7067E+00  1.0000E+00 -6.0095E+00
 81709 -7.0547E+00  2.7269E+00  0.0000E+00 -3.9884E+00
 81710 -7.0546E+00  2.7270E+00  1.0000E-01 -4.0409E+00
 81807 -7.0546E+00  2.7270E+00  2.0000E-01 -4.0454E+00
 81856 -7.0546E+00  2.7270E+00  3.0000E-01 -4.0452E+00
 81905 -7.0546E+00  2.7270E+00  4.0000E-01 -4.0455E+00
 81954 -7.0546E+00  2.7270E+00  5.0000E-01 -4.0453E+00
 82003 -7.0546E+00  2.7270E+00  6.0000E-01 -4.0453E+00
 82052 -7.0546E+00  2.7270E+00  7.0000E-01 -4.0450E+00
 82101 -7.0546E+00  2.7270E+00  8.0000E-01 -4.0451E+00
 82150 -7.0546E+00  2.7270E+00  9.0000E-01 -4.0396E+00
 82199 -7.0547E+00  2.7269E+00  1.0000E+00 -3.9845E+00
 82248 -7.0652E+00  2.7467E+00  0.0000E+00 -8.9526E-01
 82249 -7.0652E+00  2.7467E+00  1.0000E-01 -9.0551E-01
 82346 -7.0652E+00  2.7467E+00  2.0000E-01 -9.0805E-01
 82395 -7.0652E+00  2.7467E+00  3.0000E-01 -9.0833E-01
 82444 -7.0652E+00  2.7467E+00  4.0000E-01 -9.0854E-01
 82493 -7.0652E+00  2.7467E+00  5.0000E-01 -9.0863E-01
 82542 -7.0652E+00  2.7467E+00  6.0000E-01 -9.0860E-01
 82591 -7.0652E+00  2.7467E+00  7.0000E-01 -9.0837E-01
 82640 -7.0652E+00  2.7467E+00  8.0000E-01 -9.0808E-01
 82689 -7.0652E+00  2.7467E+00  9.0000E-01 -9.0529E-01
 82738 -7.0652E+00  2.7467E+00  1.0000E+00 -8.9527E-01
 82787 -7.0767E+00  2.7660E+00  0.0000E+00  3.7487E+00
 82788 -7.0767E+00  2.7660E+00  1.0000E-01  3.7354E+00
 82885 -7.0767E+00  2.7660E+00  2.0000E-01  3.7353E+00
 82934 -7.0767E+00  2.7660E+00  3.0000E-01  3.7346E+00
 82983 -7.0767E+00  2.7660E+00  4.0000E-01  3.7344E+00
 83032 -7.0767E+00  2.7660E+00  5.0000E-01  3.7344E+00
 83081 -7.0767E+00  2.7660E+00  6.0000E-01  3.7344E+00
 83130 -7.0767E+00  2.7660E+00  7.0000E-01  3.7347E+00
 83179 -7.0767E+00  2.7660E+00  8.0000E-01  3.7353E+00
 83228 -7.0767E+00  2.7660E+00  9.0000E-01  3.7348E+00
 83277 -7.0767E+00  2.7660E+00  1.0000E+00  3.7491E+00
 83326 -7.0891E+00  2.7846E+00  0.0000E+00  9.9643E+00
 83327 -7.0891E+00  2.7847E+00  1.0000E-01  9.8884E+00
 83424 -7.0891E+00  2.7847E+00  2.0000E-01  9.8906E+00
 83473 -7.0891E+00  2.7847E+00  3.0000E-01  9.8895E+00
 83522 -7.0891E+00  2.7847E+00  4.0000E-01  9.8893E+00
 83571 -7.0891E+00  2.7847E+00  5.0000E-01  9.8893E+00
 83620 -7.0891E+00  2.7847E+00  6.0000E-01  9.8893E+00
 83669 -7.0891E+00  2.7847E+00  7.0000E-01  9.8895E+00
 83718 -7.0891E+00  2.7847E+00  8.0000E-01  9.8907E+00
 83767 -7.0891E+00  2.7847E+00  9.0000E-01  9.8887E+00
 83816 -7.0891E+00  2.7846E+00  1.0000E+00  9.9644E+00
 83865 -7.1024E+00  2.8028E+00  0.0000E+00  1.7750E+01
 83866 -7.1022E+00  2.8029E+00  1.0000E-01  1.8070E+01
 83963 -7.1022E+00  2.8029E+00  2.0000E-01  1.8075E+01
 84012 -7.1022E+00  2.8029E+00  3.0000E-01  1.8073E+01
 84061 -7.1022E+00  2.8029E+00  4.0000E-01  1.8073E+01
 84110 -7.1022E+00  2.8029E+00  5.0000E-01  1.8073E+01
 84159 -7.1022E+00  2.8029E+00  6.0000E-01  1.8073E+01
 84208 -7.1022E+00  2.8029E+00  7.0000E-01  1.8073E+01
 84257 -7.1022E+00  2.8029E+00  8.0000E-01  1.8075E+01
 84306 -7.1022E+00  2.8029E+00  9.0000E-01  1.8070E+01
 84355 -7.1024E+00  2.8028E+00  1.0000E+00  1.7750E+01
 84404 -7.1163E+00  2.8203E+00  0.0000E+00  2.7309E+01
 84405 -7.1163E+00  2.8203E+00  1.0000E-01  2.7517E+01
 84502 -7.1163E+00  2.8203E+00  2.0000E-01  2.7516E+01
 84551 -7.1163E+00  2.8203E+00  3.0000E-01  2.7514E+01
 84600 -7.1163E+00  2.8203E+00  4.0000E-01  2.7514E+01
 84649 -7.1163E+00  2.8203E+00  5.0000E-01  2.7514E+01
 84698 -7.1163E+00  2.8203E+00  6.0000E-01  2.7514E+01
 84747 -7.1163E+00  2.8203E+00  7.0000E-01  2.7514E+01
 84796 -7.1163E+00  2.8203E+00  8.0000E-01  2.7516E+01
 84845 -7.1163E+00  2.8203E+00  9.0000E-01  2.7517E+01
 84894 -7.1163E+00  2.8203E+00  1.0000E+00  2.7309E+01
 84943 -7.1310E+00  2.8373E+00  0.0000E+00  3.8788E+01
 84944 -7.1310E+00  2.8373E+00  1.0000E-01  3.8652E+01
 85041 -7.1310E+00  2.8373E+00  2.0000E-01  3.8640E+01
 85090 -7.1310E+00  2.8373E+00  3.0000E-01  3.8640E+01
 85139 -7.1310E+00  2.8373E+00  4.0000E-01  3.8640E+01
 85188 -7.1310E+00  2.8373E+00  5.0000E-01  3.8640E+01
 85237 -7.1310E+00  2.8373E+00  6.0000E-01  3.8640E+01
 85286 -7.1310E+00  2.8373E+00  7.0000E-01  3.8640E+01
 85335 -7.1310E+00  2.8373E+00  8.0000E-01  3.8640E+01
 85384 -7.1310E+00  2.8373E+00  9.0000E-01  3.8652E+01
 85433 -7.1310E+00  2.8373E+00  1.0000E+00  3.8788E+01
 85482 -7.1465E+00  2.8535E+00 -4.7700E-17  5.2775E+01
 85483 -7.1465E+00  2.8535E+00  1.0000E-01  5.2685E+01
 85580 -7.1465E+00  2.8535E+00  2.0000E-01  5.2666E+01
 85629 -7.1465E+00  2.8535E+00  3.0000E-01  5.2668E+01
 85678 -7.1465E+00  2.8535E+00  4.0000E-01  5.2668E+01
 85727 -7.1465E+00  2.8535E+00  5.0000E-01  5.2668E+01
 85776 -7.1465E+00  2.8535E+00  6.0000E-01  5.2668E+01
 85825 -7.1465E+00  2.8535E+00  7.0000E-01  5.2668E+01
 85874 -7.1465E+00  2.8535E+00  8.0000E-01  5.2666E+01
 85923 -7.1465E+00  2.8535E+00  9.0000E-01  5.2685E+01
 85972 -7.1465E+00  2.8535E+00  1.0000E+00  5.2775E+01
 86021 -7.1627E+00  2.8690E+00  0.0000E+00  6.7791E+01
 86022 -7.1627E+00  2.8690E+00  1.0000E-01  6.7594E+01
 86025 -7.1797E+00  2.8837E+00 -1.3900E-17  8.3552E+01
 86026 -7.1797E+00  2.8837E+00  1.0000E-01  8.2671E+01
 86029 -7.1972E+00  2.8976E+00  0.0000E+00  1.0083E+02
 86030 -7.1971E+00  2.8978E+00  1.0000E-01  1.0099E+02
 86033 -7.2154E+00  2.9109E+00  0.0000E+00  1.1944E+02
 86034 -7.2153E+00  2.9109E+00  1.0000E-01  1.2043E+02
 86037 -7.2340E+00  2.9233E+00  0.0000E+00  1.4047E+02
 86038 -7.2340E+00  2.9233E+00  1.0000E-01  1.3995E+02
 86041 -7.2533E+00  2.9347E+00  0.0000E+00  1.6124E+02
 86042 -7.2533E+00  2.9348E+00  1.0000E-01  1.6019E+02
 86045 -7.2731E+00  2.9453E+00  0.0000E+00  1.8010E+02
 86046 -7.2730E+00  2.9454E+00  1.0000E-01  1.8044E+02
 86049 -7.2933E+00  2.9550E+00  0.0000E+00  1.9937E+02
 86050 -7.2933E+00  2.9552E+00  1.0000E-01  2.0076E+02
 86053 -7.3139E+00  2.9639E+00  0.0000E+00  2.2016E+02
 86054 -7.3139E+00  2.9640E+00  1.0000E-01  2.2040E+02
 86057 -7.3349E+00  2.9718E+00  0.0000E+00  2.3904E+02
 86058 -7.3349E+00  2.9719E+00  1.0000E-01  2.3905E+02
 86061 -7.3562E+00  2.9788E+00 -2.4300E-17  2.5662E+02
 86062 -7.3562E+00  2.9788E+00  1.0000E-01  2.5653E+02
 86065 -7.3779E+00  2.9848E+00  0.0000E+00  2.7324E+02
 86066 -7.3779E+00  2.9848E+00  1.0000E-01  2.7285E+02
 86069 -7.3997E+00  2.9898E+00  0.0000E+00  2.8639E+02
 86070 -7.3997E+00  2.9898E+00  1.0000E-01  2.8631E+02
 86073 -7.4218E+00  2.9937E+00  2.7760E-17  2.9703E+02
 86074 -7.4218E+00  2.9937E+00  1.0000E-01  2.9698E+02
 86077 -7.4440E+00  2.9967E+00  1.8000E-10  3.0546E+02
 86078 -7.4440E+00  2.9967E+00  1.0000E-01  3.0544E+02
 86081 -7.4664E+00  2.9987E+00  1.9640E-10  3.1123E+02
 86082 -7.4664E+00  2.9987E+00  1.0000E-01  3.1121E+02
 86085 -7.4888E+00  2.9997E+00  9.8360E-11  3.1414E+02
 86086 -7.4888E+00  2.9997E+00  1.0000E-01  3.1413E+02
 86089 -7.5112E+00  2.9997E+00  1.2140E-13  3.1414E+02
 86090 -7.5112E+00  2.9997E+00  1.0000E-01  3.1413E+02
 86093 -7.5336E+00  2.9987E+00  6.7580E-14  3.1122E+02
 86094 -7.5336E+00  2.9987E+00  1.0000E-01  3.1121E+02
 86097 -7.5560E+00  2.9967E+00  0.0000E+00  3.0546E+02
 86098 -7.5560E+00  2.9967E+00  1.0000E-01  3.0544E+02
 86101 -7.5782E+00  2.9937E+00  0.0000E+00  2.9703E+02
 86102 -7.5782E+00  2.9937E+00  1.0000E-01  2.9698E+02
 86105 -7.6003E+00  2.9898E+00 -6.9400E-18  2.8639E+02
 86106 -7.6003E+00  2.9898E+00  1.0000E-01  2.8631E+02
 86109 -7.6221E+00  2.9848E+00 -2.7800E-17  2.7324E+02
 86110 -7.6221E+00  2.9848E+00  1.0000E-01  2.7285E+02
 86113 -7.6438E+00  2.9788E+00  0.0000E+00  2.5662E+02
 86114 -7.6438E+00  2.9788E+00  1.0000E-01  2.5653E+02
 86117 -7.6651E+00  2.9718E+00  0.0000E+00  2.3903E+02
 86118 -7.6651E+00  2.9719E+00  1.0000E-01  2.3905E+02
 86121 -7.6861E+00  2.9639E+00  0.0000E+00  2.2017E+02
 86122 -7.6861E+00  2.9640E+00  1.0000E-01  2.2040E+02
 86125 -7.7067E+00  2.9550E+00  0.0000E+00  1.9938E+02
 86126 -7.7067E+00  2.9552E+00  1.0000E-01  2.0076E+02
 86129 -7.7269E+00  2.9453E+00  0.0000E+00  1.8009E+02
 86130 -7.7270E+00  2.9454E+00  1.0000E-01  1.8045E+02
 86133 -7.7467E+00  2.9347E+00  0.0000E+00  1.6124E+02
 86134 -7.7467E+00  2.9348E+00  1.0000E-01  1.6019E+02
 86137 -7.7660E+00  2.9233E+00  0.0000E+00  1.4047E+02
 86138 -7.7660E+00  2.9233E+00  1.0000E-01  1.3995E+02
 86141 -7.7846E+00  2.9109E+00  0.0000E+00  1.1944E+02
 86142 -7.7847E+00  2.9109E+00  1.0000E-01  1.2044E+02
 86145 -7.8028E+00  2.8976E+00  0.0000E+00  1.0083E+02
 86146 -7.8029E+00  2.8978E+00  1.0000E-01  1.0099E+02
 86149 -7.8203E+00  2.8837E+00  0.0000E+00  8.3546E+01
 86150 -7.8203E+00  2.8837E+00  1.0000E-01  8.2665E+01
 86153 -7.8373E+00  2.8690E+00  1.5280E-20  6.7791E+01
 86154 -7.8373E+00  2.8690E+00  1.0000E-01  6.7594E+01
 89421 -7.1627E+00  2.8690E+00  2.0000E-01  6.7572E+01
 89423 -7.1797E+00  2.8837E+00  2.0000E-01  8.2662E+01
 89425 -7.1971E+00  2.8978E+00  2.0000E-01  1.0101E+02
 89427 -7.2153E+00  2.9109E+00  2.0000E-01  1.2046E+02
 89429 -7.2340E+00  2.9233E+00  2.0000E-01  1.3995E+02
 89431 -7.2533E+00  2.9348E+00  2.0000E-01  1.6020E+02
 89433 -7.2730E+00  2.9454E+00  2.0000E-01  1.8051E+02
 89435 -7.2933E+00  2.9552E+00  2.0000E-01  2.0085E+02
 89437 -7.3139E+00  2.9640E+00  2.0000E-01  2.2045E+02
 89439 -7.3349E+00  2.9719E+00  2.0000E-01  2.3905E+02
 89441 -7.3562E+00  2.9788E+00  2.0000E-01  2.5651E+02
 89443 -7.3779E+00  2.9848E+00  2.0000E-01  2.7281E+02
 89445 -7.3997E+00  2.9898E+00  2.0000E-01  2.8628E+02
 89447 -7.4218E+00  2.9937E+00  2.0000E-01  2.9696E+02
 89449 -7.4440E+00  2.9967E+00  2.0000E-01  3.0542E+02
 89451 -7.4664E+00  2.9987E+00  2.0000E-01  3.1120E+02
 89453 -7.4888E+00  2.9997E+00  2.0000E-01  3.1412E+02
 89455 -7.5112E+00  2.9997E+00  2.0000E-01  3.1412E+02
 89457 -7.5336E+00  2.9987E+00  2.0000E-01  3.1120E+02
 89459 -7.5560E+00  2.9967E+00  2.0000E-01  3.0542E+02
 89461 -7.5782E+00  2.9937E+00  2.0000E-01  2.9696E+02
 89463 -7.6003E+00  2.9898E+00  2.0000E-01  2.8628E+02
 89465 -7.6221E+00  2.9848E+00  2.0000E-01  2.7281E+02
 89467 -7.6438E+00  2.9788E+00  2.0000E-01  2.5651E+02
 89469 -7.6651E+00  2.9719E+00  2.0000E-01  2.3905E+02
 89471 -7.6861E+00  2.9640E+00  2.0000E-01  2.2045E+02
 89473 -7.7067E+00  2.9552E+00  2.0000E-01  2.0085E+02
 89475 -7.7270E+00  2.9454E+00  2.0000E-01  1.8051E+02
 89477 -7.7467E+00  2.9348E+00  2.0000E-01  1.6020E+02
 89479 -7.7660E+00  2.9233E+00  2.0000E-01  1.3995E+02
 89481 -7.7847E+00  2.9109E+00  2.0000E-01  1.2046E+02
 89483 -7.8029E+00  2.8978E+00  2.0000E-01  1.0101E+02
 89485 -7.8203E+00  2.8837E+00  2.0000E-01  8.2656E+01
 89487 -7.8373E+00  2.8690E+00  2.0000E-01  6.7572E+01
 91121 -7.1627E+00  2.8690E+00  3.0000E-01  6.7575E+01
 91123 -7.1797E+00  2.8837E+00  3.0000E-01  8.2665E+01
 91125 -7.1971E+00  2.8978E+00  3.0000E-01  1.0101E+02
 91127 -7.2153E+00  2.9109E+00  3.0000E-01  1.2046E+02
 91129 -7.2340E+00  2.9233E+00  3.0000E-01  1.3996E+02
 91131 -7.2533E+00  2.9348E+00  3.0000E-01  1.6021E+02
 91133 -7.2730E+00  2.9454E+00  3.0000E-01  1.8051E+02
 91135 -7.2933E+00  2.9552E+00  3.0000E-01  2.0084E+02
 91137 -7.3139E+00  2.9640E+00  3.0000E-01  2.2045E+02
 91139 -7.3349E+00  2.9719E+00  3.0000E-01  2.3906E+02
 91141 -7.3562E+00  2.9788E+00  3.0000E-01  2.5651E+02
 91143 -7.3779E+00  2.9848E+00  3.0000E-01  2.7281E+02
 91145 -7.3997E+00  2.9898E+00  3.0000E-01  2.8628E+02
 91147 -7.4218E+00  2.9937E+00  3.0000E-01  2.9695E+02
 91149 -7.4440E+00  2.9967E+00  3.0000E-01  3.0542E+02
 91151 -7.4664E+00  2.9987E+00  3.0000E-01  3.1119E+02
 91153 -7.4888E+00  2.9997E+00  3.0000E-01  3.1411E+02
 91155 -7.5112E+00  2.9997E+00  3.0000E-01  3.1411E+02
 91157 -7.5336E+00  2.9987E+00  3.0000E-01  3.1119E+02
 91159 -7.5560E+00  2.9967E+00  3.0000E-01  3.0542E+02
 91161 -7.5782E+00  2.9937E+00  3.0000E-01  2.9695E+02
 91163 -7.6003E+00  2.9898E+00  3.0000E-01  2.8628E+02
 91165 -7.6221E+00  2.9848E+00  3.0000E-01  2.7281E+02
 91167 -7.6438E+00  2.9788E+00  3.0000E-01  2.5651E+02
 91169 -7.6651E+00  2.9719E+00  3.0000E-01  2.3906E+02
 91171 -7.6861E+00  2.9640E+00  3.0000E-01  2.2045E+02
 91173 -7.7067E+00  2.9552E+00  3.0000E-01  2.0084E+02
 91175 -7.7270E+00  2.9454E+00  3.0000E-01  1.8051E+02
 91177 -7.7467E+00  2.9348E+00  3.0000E-01  1.6021E+02
 91179 -7.7660E+00  2.9233E+00  3.0000E-01  1.3996E+02
 91181 -7.7847E+00  2.9109E+00  3.0000E-01  1.2046E+02
 91183 -7.8029E+00  2.8978E+00  3.0000E-01  1.0101E+02
 91185 -7.8203E+00  2.8837E+00  3.0000E-01  8.2658E+01
 91187 -7.8373E+00  2.8690E+00  3.0000E-01  6.7576E+01
 92821 -7.1627E+00  2.8690E+00  4.0000E-01  6.7575E+01
 92823 -7.1797E+00  2.8837E+00  4.0000E-01  8.2665E+01
 92825 -7.1971E+00  2.8978E+00  4.0000E-01  1.0101E+02
 92827 -7.2153E+00  2.9109E+00  4.0000E-01  1.2046E+02
 92829 -7.2340E+00  2.9233E+00  4.0000E-01  1.3996E+02
 92831 -7.2533E+00  2.9348E+00  4.0000E-01  1.6021E+02
 92833 -7.2730E+00  2.9454E+00  4.0000E-01  1.8051E+02
 92835 -7.2933E+00  2.9552E+00  4.0000E-01  2.0085E+02
 92837 -7.3139E+00  2.9640E+00  4.0000E-01  2.2045E+02
 92839 -7.3349E+00  2.9719E+00  4.0000E-01  2.3906E+02
 92841 -7.3562E+00  2.9788E+00  4.0000E-01  2.5651E+02
 92843 -7.3779E+00  2.9848E+00  4.0000E-01  2.7281E+02
 92845 -7.3997E+00  2.9898E+00  4.0000E-01  2.8628E+02
 92847 -7.4218E+00  2.9937E+00  4.0000E-01  2.9695E+02
 92849 -7.4440E+00  2.9967E+00  4.0000E-01  3.0541E+02
 92851 -7.4664E+00  2.9987E+00  4.0000E-01  3.1119E+02
 92853 -7.4888E+00  2.9997E+00  4.0000E-01  3.1411E+02
 92855 -7.5112E+00  2.9997E+00  4.0000E-01  3.1411E+02
 92857 -7.5336E+00  2.9987E+00  4.0000E-01  3.1119E+02
 92859 -7.5560E+00  2.9967E+00  4.0000E-01  3.0541E+02
 92861 -7.5782E+00  2.9937E+00  4.0000E-01  2.9695E+02
 92863 -7.6003E+00  2.9898E+00  4.0000E-01  2.8627E+02
 92865 -7.6221E+00  2.9848E+00  4.0000E-01  2.7281E+02
 92867 -7.6438E+00  2.9788E+00  4.0000E-01  2.5651E+02
 92869 -7.6651E+00  2.9719E+00  4.0000E-01  2.3906E+02
 92871 -7.6861E+00  2.9640E+00  4.0000E-01  2.2045E+02
 92873 -7.7067E+00  2.9552E+00  4.0000E-01  2.0085E+02
 92875 -7.7270E+00  2.9454E+00  4.0000E-01  1.8052E+02
 92877 -7.7467E+00  2.9348E+00  4.0000E-01  1.6021E+02
 92879 -7.7660E+00  2.9233E+00  4.0000E-01  1.3996E+02
 92881 -7.7847E+00  2.9109E+00  4.0000E-01  1.2046E+02
 92883 -7.8029E+00  2.8978E+00  4.0000E-01  1.0101E+02
 92885 -7.8203E+00  2.8837E+00  4.0000E-01  8.2659E+01
 92887 -7.8373E+00  2.8690E+00  4.0000E-01  6.7575E+01
 94521 -7.1627E+00  2.8690E+00  5.0000E-01  6.7576E+01
 94523 -7.1797E+00  2.8837E+00  5.0000E-01  8.2665E+01
 94525 -7.1971E+00  2.8978E+00  5.0000E-01  1.0101E+02
 94527 -7.2153E+00  2.9109E+00  5.0000E-01  1.2046E+02
 94529 -7.2340E+00  2.9233E+00  5.0000E-01  1.3996E+02
 94531 -7.2533E+00  2.9348E+00  5.0000E-01  1.6021E+02
 94533 -7.2730E+00  2.9454E+00  5.0000E-01  1.8051E+02
 94535 -7.2933E+00  2.9552E+00  5.0000E-01  2.0084E+02
 94537 -7.3139E+00  2.9640E+00  5.0000E-01  2.2045E+02
 94539 -7.3349E+00  2.9719E+00  5.0000E-01  2.3906E+02
 94541 -7.3562E+00  2.9788E+00  5.0000E-01  2.5651E+02
 94543 -7.3779E+00  2.9848E+00  5.0000E-01  2.7281E+02
 94545 -7.3997E+00  2.9898E+00  5.0000E-01  2.8628E+02
 94547 -7.4218E+00  2.9937E+00  5.0000E-01  2.9695E+02
 94549 -7.4440E+00  2.9967E+00  5.0000E-01  3.0541E+02
 94551 -7.4664E+00  2.9987E+00  5.0000E-01  3.1119E+02
 94553 -7.4888E+00  2.9997E+00  5.0000E-01  3.1411E+02
 94555 -7.5112E+00  2.9997E+00  5.0000E-01  3.1411E+02
 94557 -7.5336E+00  2.9987E+00  5.0000E-01  3.1119E+02
 94559 -7.5560E+00  2.9967E+00  5.0000E-01  3.0541E+02
 94561 -7.5782E+00  2.9937E+00  5.0000E-01  2.9695E+02
 94563 -7.6003E+00  2.9898E+00  5.0000E-01  2.8627E+02
 94565 -7.6221E+00  2.9848E+00  5.0000E-01  2.7281E+02
 94567 -7.6438E+00  2.9788E+00  5.0000E-01  2.5651E+02
 94569 -7.6651E+00  2.9719E+00  5.0000E-01  2.3906E+02
 94571 -7.6861E+00  2.9640E+00  5.0000E-01  2.2045E+02
 94573 -7.7067E+00  2.9552E+00  5.0000E-01  2.0085E+02
 94575 -7.7270E+00  2.9454E+00  5.0000E-01  1.8052E+02
 94577 -7.7467E+00  2.9348E+00  5.0000E-01  1.6021E+02
 94579 -7.7660E+00  2.9233E+00  5.0000E-01  1.3996E+02
 94581 -7.7847E+00  2.9109E+00  5.0000E-01  1.2046E+02
 94583 -7.8029E+00  2.8978E+00  5.0000E-01  1.0101E+02
 94585 -7.8203E+00  2.8837E+00  5.0000E-01  8.2659E+01
 94587 -7.8373E+00  2.8690E+00  5.0000E-01  6.7576E+01
 96221 -7.1627E+00  2.8690E+00  6.0000E-01  6.7575E+01
 96223 -7.1797E+00  2.8837E+00  6.0000E-01  8.2665E+01
 96225 -7.1971E+00  2.8978E+00  6.0000E-01  1.0101E+02
 96227 -7.2153E+00  2.9109E+00  6.0000E-01  1.2046E+02
 96229 -7.2340E+00  2.9233E+00  6.0000E-01  1.3996E+02
 96231 -7.2533E+00  2.9348E+00  6.0000E-01  1.6021E+02
 96233 -7.2730E+00  2.9454E+00  6.0000E-01  1.8051E+02
 96235 -7.2933E+00  2.9552E+00  6.0000E-01  2.0085E+02
 96237 -7.3139E+00  2.9640E+00  6.0000E-01  2.2045E+02
 96239 -7.3349E+00  2.9719E+00  6.0000E-01  2.3906E+02
 96241 -7.3562E+00  2.9788E+00  6.0000E-01  2.5651E+02
 96243 -7.3779E+00  2.9848E+00  6.0000E-01  2.7281E+02
 96245 -7.3997E+00  2.9898E+00  6.0000E-01  2.8628E+02
 96247 -7.4218E+00  2.9937E+00  6.0000E-01  2.9695E+02
 96249 -7.4440E+00  2.9967E+00  6.0000E-01  3.0541E+02
 96251 -7.4664E+00  2.9987E+00  6.0000E-01  3.1119E+02
 96253 -7.4888E+00  2.9997E+00  6.0000E-01  3.1411E+02
 96255 -7.5112E+00  2.9997E+00  6.0000E-01  3.1411E+02
 96257 -7.5336E+00  2.9987E+00  6.0000E-01  3.1119E+02
 96259 -7.5560E+00  2.9967E+00  6.0000E-01  3.0541E+02
 96261 -7.5782E+00  2.9937E+00  6.0000E-01  2.9695E+02
 96263 -7.6003E+00  2.9898E+00  6.0000E-01  2.8627E+02
 96265 -7.6221E+00  2.9848E+00  6.0000E-01  2.7281E+02
 96267 -7.6438E+00  2.9788E+00  6.0000E-01  2.5651E+02
 96269 -7.6651E+00  2.9719E+00  6.0000E-01  2.3906E+02
 96271 -7.6861E+00  2.9640E+00  6.0000E-01  2.2045E+02
 96273 -7.7067E+00  2.9552E+00  6.0000E-01  2.0085E+02
 96275 -7.7270E+00  2.9454E+00  6.0000E-01  1.8052E+02
 96277 -7.7467E+00  2.9348E+00  6.0000E-01  1.6021E+02
 96279 -7.7660E+00  2.9233E+00  6.0000E-01  1.3996E+02
 96281 -7.7847E+00  2.9109E+00  6.0000E-01  1.2046E+02
 96283 -7.8029E+00  2.8978E+00  6.0000E-01  1.0101E+02
 96285 -7.8203E+00  2.8837E+00  6.0000E-01  8.2659E+01
 96287 -7.8373E+00  2.8690E+00  6.0000E-01  6.7575E+01
 97921 -7.1627E+00  2.8690E+00  7.0000E-01  6.7576E+01
 97923 -7.1797E+00  2.8837E+00  7.0000E-01  8.2665E+01
 97925 -7.1971E+00  2.8978E+00  7.0000E-01  1.0101E+02
 97927 -7.2153E+00  2.9109E+00  7.0000E-01  1.2046E+02
 97929 -7.2340E+00  2.9233E+00  7.0000E-01  1.3996E+02
 97931 -7.2533E+00  2.9348E+00  7.0000E-01  1.6021E+02
 97933 -7.2730E+00  2.9454E+00  7.0000E-01  1.8051E+02
 97935 -7.2933E+00  2.9552E+00  7.0000E-01  2.0084E+02
 97937 -7.3139E+00  2.9640E+00  7.0000E-01  2.2045E+02
 97939 -7.3349E+00  2.9719E+00  7.0000E-01  2.3906E+02
 97941 -7.3562E+00  2.9788E+00  7.0000E-01  2.5651E+02
 97943 -7.3779E+00  2.9848E+00  7.0000E-01  2.7281E+02
 97945 -7.3997E+00  2.9898E+00  7.0000E-01  2.8628E+02
 97947 -7.4218E+00  2.9937E+00  7.0000E-01  2.9695E+02
 97949 -7.4440E+00  2.9967E+00  7.0000E-01  3.0542E+02
 97951 -7.4664E+00  2.9987E+00  7.0000E-01  3.1119E+02
 97953 -7.4888E+00  2.9997E+00  7.0000E-01  3.1411E+02
 97955 -7.5112E+00  2.9997E+00  7.0000E-01  3.1411E+02
 97957 -7.5336E+00  2.9987E+00  7.0000E-01  3.1119E+02
 97959 -7.5560E+00  2.9967E+00  7.0000E-01  3.0542E+02
 97961 -7.5782E+00  2.9937E+00  7.0000E-01  2.9695E+02
 97963 -7.6003E+00  2.9898E+00  7.0000E-01  2.8628E+02
 97965 -7.6221E+00  2.9848E+00  7.0000E-01  2.7281E+02
 97967 -7.6438E+00  2.9788E+00  7.0000E-01  2.5651E+02
 97969 -7.6651E+00  2.9719E+00  7.0000E-01  2.3906E+02
 97971 -7.6861E+00  2.9640E+00  7.0000E-01  2.2045E+02
 97973 -7.7067E+00  2.9552E+00  7.0000E-01  2.0084E+02
 97975 -7.7270E+00  2.9454E+00  7.0000E-01  1.8051E+02
 97977 -7.7467E+00  2.9348E+00  7.0000E-01  1.6021E+02
 97979 -7.7660E+00  2.9233E+00  7.0000E-01  1.3996E+02
 97981 -7.7847E+00  2.9109E+00  7.0000E-01  1.2046E+02
 97983 -7.8029E+00  2.8978E+00  7.0000E-01  1.0101E+02
 97985 -7.8203E+00  2.8837E+00  7.0000E-01  8.2658E+01
 97987 -7.8373E+00  2.8690E+00  7.0000E-01  6.7576E+01
 99621 -7.1627E+00  2.8690E+00  8.0000E-01  6.7572E+01
 99623 -7.1797E+00  2.8837E+00  8.0000E-01  8.2662E+01
 99625 -7.1971E+00  2.8978E+00  8.0000E-01  1.0101E+02
 99627 -7.2153E+00  2.9109E+00  8.0000E-01  1.2046E+02
 99629 -7.2340E+00  2.9233E+00  8.0000E-01  1.3995E+02
 99631 -7.2533E+00  2.9348E+00  8.0000E-01  1.6020E+02
 99633 -7.2730E+00  2.9454E+00  8.0000E-01  1.8051E+02
 99635 -7.2933E+00  2.9552E+00  8.0000E-01  2.0085E+02
 99637 -7.3139E+00  2.9640E+00  8.0000E-01  2.2045E+02
 99639 -7.3349E+00  2.9719E+00  8.0000E-01  2.3905E+02
 99641 -7.3562E+00  2.9788E+00  8.0000E-01  2.5651E+02
 99643 -7.3779E+00  2.9848E+00  8.0000E-01  2.7281E+02
 99645 -7.3997E+00  2.9898E+00  8.0000E-01  2.8628E+02
 99647 -7.4218E+00  2.9937E+00  8.0000E-01  2.9696E+02
 99649 -7.4440E+00  2.9967E+00  8.0000E-01  3.0542E+02
 99651 -7.4664E+00  2.9987E+00  8.0000E-01  3.1120E+02
 99653 -7.4888E+00  2.9997E+00  8.0000E-01  3.1412E+02
 99655 -7.5112E+00  2.9997E+00  8.0000E-01  3.1412E+02
 99657 -7.5336E+00  2.9987E+00  8.0000E-01  3.1120E+02
 99659 -7.5560E+00  2.9967E+00  8.0000E-01  3.0542E+02
 99661 -7.5782E+00  2.9937E+00  8.0000E-01  2.9696E+02
 99663 -7.6003E+00  2.9898E+00  8.0000E-01  2.8628E+02
 99665 -7.6221E+00  2.9848E+00  8.0000E-01  2.7281E+02
 99667 -7.6438E+00  2.9788E+00  8.0000E-01  2.5651E+02
 99669 -7.6651E+00  2.9719E+00  8.0000E-01  2.3905E+02
 99671 -7.6861E+00  2.9640E+00  8.0000E-01  2.2045E+02
 99673 -7.7067E+00  2.9552E+00  8.0000E-01  2.0085E+02
 99675 -7.7270E+00  2.9454E+00  8.0000E-01  1.8051E+02
 99677 -7.7467E+00  2.9348E+00  8.0000E-01  1.6020E+02
 99679 -7.7660E+00  2.9233E+00  8.0000E-01  1.3995E+02
 99681 -7.7847E+00  2.9109E+00  8.0000E-01  1.2046E+02
 99683 -7.8029E+00  2.8978E+00  8.0000E-01  1.0101E+02
 99685 -7.8203E+00  2.8837E+00  8.0000E-01  8.2656E+01
 99687 -7.8373E+00  2.8690E+00  8.0000E-01  6.7572E+01
 101321 -7.1627E+00  2.8690E+00  9.0000E-01  6.7594E+01
 101323 -7.1797E+00  2.8837E+00  9.0000E-01  8.2671E+01
 101325 -7.1971E+00  2.8978E+00  9.0000E-01  1.0099E+02
 101327 -7.2153E+00  2.9109E+00  9.0000E-01  1.2043E+02
 101329 -7.2340E+00  2.9233E+00  9.0000E-01  1.3995E+02
 101331 -7.2533E+00  2.9348E+00  9.0000E-01  1.6019E+02
 101333 -7.2730E+00  2.9454E+00  9.0000E-01  1.8044E+02
 101335 -7.2933E+00  2.9552E+00  9.0000E-01  2.0076E+02
 101337 -7.3139E+00  2.9640E+00  9.0000E-01  2.2040E+02
 101339 -7.3349E+00  2.9719E+00  9.0000E-01  2.3905E+02
 101341 -7.3562E+00  2.9788E+00  9.0000E-01  2.5653E+02
 101343 -7.3779E+00  2.9848E+00  9.0000E-01  2.7285E+02
 101345 -7.3997E+00  2.9898E+00  9.0000E-01  2.8631E+02
 101347 -7.4218E+00  2.9937E+00  9.0000E-01  2.9698E+02
 101349 -7.4440E+00  2.9967E+00  9.0000E-01  3.0544E+02
 101351 -7.4664E+00  2.9987E+00  9.0000E-01  3.1121E+02
 101353 -7.4888E+00  2.9997E+00  9.0000E-01  3.1413E+02
 101355 -7.5112E+00  2.9997E+00  9.0000E-01  3.1413E+02
 101357 -7.5336E+00  2.9987E+00  9.0000E-01  3.1121E+02
 101359 -7.5560E+00  2.9967E+00  9.0000E-01  3.0544E+02
 101361 -7.5782E+00  2.9937E+00  9.0000E-01  2.9698E+02
 101363 -7.6003E+00  2.9898E+00  9.0000E-01  2.8631E+02
 101365 -7.6221E+00  2.9848E+00  9.0000E-01  2.7285E+02
 101367 -7.6438E+00  2.9788E+00  9.0000E-01  2.5653E+02
 101369 -7.6651E+00  2.9719E+00  9.0000E-01  2.3905E+02
 101371 -7.6861E+00  2.9640E+00  9.0000E-01  2.2040E+02
 101373 -7.7067E+00  2.9552E+00  9.0000E-01  2.0076E+02
 101375 -7.7270E+00  2.9454E+00  9.0000E-01  1.8045E+02
 101377 -7.7467E+00  2.9348E+00  9.0000E-01  1.6019E+02
 101379 -7.7660E+00  2.9233E+00  9.0000E-01  1.3995E+02
 101381 -7.7847E+00  2.9109E+00  9.0000E-01  1.2044E+02
 101383 -7.8029E+00  2.8978E+00  9.0000E-01  1.0099E+02
 101385 -7.8203E+00  2.8837E+00  9.0000E-01  8.2665E+01
 101387 -7.8373E+00  2.8690E+00  9.0000E-01  6.7594E+01
 103021 -7.1627E+00  2.8690E+00  1.0000E+00  6.7791E+01
 103023 -7.1797E+00  2.8837E+00  1.0000E+00  8.3552E+01
 103025 -7.1972E+00  2.8976E+00  1.0000E+00  1.0083E+02
 103027 -7.2154E+00  2.9109E+00  1.0000E+00  1.1944E+02
 103029 -7.2340E+00  2.9233E+00  1.0000E+00  1.4047E+02
 103031 -7.2533E+00  2.9347E+00  1.0000E+00  1.6124E+02
 103033 -7.2731E+00  2.9453E+00  1.0000E+00  1.8010E+02
 103035 -7.2933E+00  2.9550E+00  1.0000E+00  1.9937E+02
 103037 -7.3139E+00  2.9639E+00  1.0000E+00  2.2016E+02
 103039 -7.3349E+00  2.9718E+00  1.0000E+00  2.3904E+02
 103041 -7.3562E+00  2.9788E+00  1.0000E+00  2.5662E+02
 103043 -7.3779E+00  2.9848E+00  1.0000E+00  2.7324E+02
 103045 -7.3997E+00  2.9898E+00  1.0000E+00  2.8639E+02
 103047 -7.4218E+00  2.9937E+00  1.0000E+00  2.9703E+02
 103049 -7.4440E+00  2.9967E+00  1.0000E+00  3.0546E+02
 103051 -7.4664E+00  2.9987E+00  1.0000E+00  3.1122E+02
 103053 -7.4888E+00  2.9997E+00  1.0000E+00  3.1413E+02
 103055 -7.5112E+00  2.9997E+00  1.0000E+00  3.1414E+02
 103057 -7.5336E+00  2.9987E+00  1.0000E+00  3.1124E+02
 103059 -7.5560E+00  2.9967E+00  1.0000E+00  3.0546E+02
 103061 -7.5782E+00  2.9937E+00  1.0000E+00  2.9702E+02
 103063 -7.6003E+00  2.9898E+00  1.0000E+00  2.8639E+02
 103065 -7.6221E+00  2.9848E+00  1.0000E+00  2.7324E+02
 103067 -7.6438E+00  2.9788E+00  1.0000E+00  2.5662E+02
 103069 -7.6651E+00  2.9718E+00  1.0000E+00  2.3903E+02
 103071 -7.6861E+00  2.9639E+00  1.0000E+00  2.2017E+02
 103073 -7.7067E+00  2.9550E+00  1.0000E+00  1.9938E+02
 103075 -7.7269E+00  2.9453E+00  1.0000E+00  1.8009E+02
 103077 -7.7467E+00  2.9347E+00  1.0000E+00  1.6124E+02
 103079 -7.7660E+00  2.9233E+00  1.0000E+00  1.4047E+02
 103081 -7.7846E+00  2.9109E+00  1.0000E+00  1.1944E+02
 103083 -7.8028E+00  2.8976E+00  1.0000E+00  1.0083E+02
 103085 -7.8203E+00  2.8837E+00  1.0000E+00  8.3546E+01
 103087 -7.8373E+00  2.8690E+00  1.0000E+00  6.7791E+01
