# node 65
   0.0000E+00    0.0000E+00
   1.2910E-03   -4.4638E-07
   2.5820E-03   -4.0906E-06
   3.8729E-03   -1.4278E-05
   5.1639E-03   -3.1973E-05
   6.4549E-03   -5.7573E-05
   7.7459E-03   -8.9788E-05
   9.0369E-03   -1.2542E-04
   1.0328E-02   -1.6169E-04
   1.1619E-02   -1.9476E-04
   1.2910E-02   -2.2170E-04
   1.4201E-02   -2.4126E-04
   1.5492E-02   -2.5258E-04
   1.6783E-02   -2.5742E-04
   1.8074E-02   -2.5830E-04
   1.9365E-02   -2.5818E-04
   2.0656E-02   -2.6118E-04
   2.1947E-02   -2.6974E-04
   2.3238E-02   -2.8583E-04
   2.4529E-02   -3.1016E-04
   2.5820E-02   -3.4096E-04
   2.7111E-02   -3.7633E-04
   2.8402E-02   -4.1273E-04
   2.9693E-02   -4.4639E-04
   3.0984E-02   -4.7486E-04
   3.2275E-02   -4.9557E-04
   3.3565E-02   -5.0829E-04
   3.4856E-02   -5.1422E-04
   3.6147E-02   -5.1520E-04
   3.7438E-02   -5.1513E-04
   3.8729E-02   -5.1719E-04
   4.0020E-02   -5.2440E-04
   4.1311E-02   -5.3932E-04
   4.2602E-02   -5.6197E-04
   4.3893E-02   -5.9188E-04
   4.5184E-02   -6.2674E-04
   4.6475E-02   -6.6288E-04
   4.7766E-02   -6.9737E-04
   4.9057E-02   -7.2654E-04
   5.0348E-02   -7.4831E-04
   5.1639E-02   -7.6226E-04
   5.2930E-02   -7.6861E-04
   5.4221E-02   -7.7013E-04
   5.5512E-02   -7.6985E-04
   5.6803E-02   -7.7107E-04
   5.8094E-02   -7.7762E-04
   5.9385E-02   -7.9115E-04
   6.0676E-02   -8.1280E-04
   6.1967E-02   -8.4202E-04
   6.3258E-02   -8.7606E-04
   6.4549E-02   -9.1237E-04
   6.5840E-02   -9.4699E-04
   6.7131E-02   -9.7654E-04
   6.8422E-02   -9.9918E-04
   6.9713E-02   -1.0134E-03
   7.1004E-02   -1.0202E-03
   7.2295E-02   -1.0219E-03
   7.3586E-02   -1.0212E-03
   7.4877E-02   -1.0223E-03
   7.6168E-02   -1.0280E-03
   7.7459E-02   -1.0409E-03
   7.8750E-02   -1.0621E-03
   8.0041E-02   -1.0906E-03
   8.1332E-02   -1.1245E-03
   8.2623E-02   -1.1607E-03
   8.3914E-02   -1.1950E-03
   8.5205E-02   -1.2249E-03
   8.6496E-02   -1.2473E-03
   8.7787E-02   -1.2614E-03
   8.9078E-02   -1.2683E-03
   9.0369E-02   -1.2694E-03
   9.1660E-02   -1.2687E-03
   9.2951E-02   -1.2695E-03
   9.4242E-02   -1.2750E-03
   9.5533E-02   -1.2881E-03
   9.6823E-02   -1.3091E-03
   9.8114E-02   -1.3377E-03
   9.9405E-02   -1.3717E-03
   1.0070E-01   -1.4074E-03
   1.0199E-01   -1.4418E-03
   1.0328E-01   -1.4708E-03
   1.0457E-01   -1.4924E-03
   1.0586E-01   -1.5060E-03
   1.0715E-01   -1.5117E-03
   1.0844E-01   -1.5124E-03
   1.0973E-01   -1.5114E-03
   1.1102E-01   -1.5121E-03
   1.1232E-01   -1.5183E-03
   1.1361E-01   -1.5319E-03
   1.1490E-01   -1.5537E-03
   1.1619E-01   -1.5832E-03
   1.1748E-01   -1.6172E-03
   1.1877E-01   -1.6530E-03
   1.2006E-01   -1.6864E-03
   1.2135E-01   -1.7141E-03
   1.2264E-01   -1.7343E-03
   1.2393E-01   -1.7458E-03
   1.2523E-01   -1.7502E-03
   1.2652E-01   -1.7500E-03
   1.2781E-01   -1.7485E-03
   1.2910E-01   -1.7501E-03
   1.3039E-01   -1.7574E-03
   1.3168E-01   -1.7726E-03
   1.3297E-01   -1.7963E-03
   1.3426E-01   -1.8267E-03
   1.3555E-01   -1.8616E-03
   1.3684E-01   -1.8969E-03
   1.3813E-01   -1.9287E-03
   1.3943E-01   -1.9544E-03
   1.4072E-01   -1.9716E-03
   1.4201E-01   -1.9805E-03
   1.4330E-01   -1.9830E-03
   1.4459E-01   -1.9815E-03
   1.4588E-01   -1.9804E-03
   1.4717E-01   -1.9832E-03
   1.4846E-01   -1.9927E-03
   1.4975E-01   -2.0109E-03
   1.5104E-01   -2.0369E-03
   1.5234E-01   -2.0693E-03
   1.5363E-01   -2.1046E-03
   1.5492E-01   -2.1386E-03
   1.5621E-01   -2.1683E-03
   1.5750E-01   -2.1902E-03
   1.5879E-01   -2.2036E-03
   1.6008E-01   -2.2093E-03
   1.6137E-01   -2.2090E-03
   1.6266E-01   -2.2071E-03
   1.6395E-01   -2.2070E-03
   1.6525E-01   -2.2122E-03
   1.6654E-01   -2.2257E-03
   1.6783E-01   -2.2474E-03
   1.6912E-01   -2.2768E-03
   1.7041E-01   -2.3109E-03
   1.7170E-01   -2.3457E-03
   1.7299E-01   -2.3778E-03
   1.7428E-01   -2.4032E-03
   1.7557E-01   -2.4202E-03
   1.7686E-01   -2.4289E-03
   1.7816E-01   -2.4303E-03
   1.7945E-01   -2.4284E-03
   1.8074E-01   -2.4266E-03
   1.8203E-01   -2.4289E-03
   1.8332E-01   -2.4388E-03
   1.8461E-01   -2.4570E-03
   1.8590E-01   -2.4836E-03
   1.8719E-01   -2.5162E-03
   1.8848E-01   -2.5509E-03
   1.8977E-01   -2.5842E-03
   1.9107E-01   -2.6118E-03
   1.9236E-01   -2.6313E-03
   1.9365E-01   -2.6422E-03
   1.9494E-01   -2.6451E-03
   1.9623E-01   -2.6434E-03
   1.9752E-01   -2.6408E-03
   1.9881E-01   -2.6413E-03
   2.0010E-01   -2.6487E-03
   2.0139E-01   -2.6645E-03
   2.0268E-01   -2.6890E-03
   2.0397E-01   -2.7204E-03
   2.0527E-01   -2.7547E-03
   2.0656E-01   -2.7884E-03
   2.0785E-01   -2.8171E-03
   2.0914E-01   -2.8379E-03
   2.1043E-01   -2.8499E-03
   2.1172E-01   -2.8535E-03
   2.1301E-01   -2.8519E-03
   2.1430E-01   -2.8488E-03
   2.1559E-01   -2.8483E-03
   2.1688E-01   -2.8545E-03
   2.1818E-01   -2.8690E-03
   2.1947E-01   -2.8925E-03
   2.2076E-01   -2.9231E-03
   2.2205E-01   -2.9571E-03
   2.2334E-01   -2.9907E-03
   2.2463E-01   -3.0195E-03
   2.2592E-01   -3.0402E-03
   2.2721E-01   -3.0522E-03
   2.2850E-01   -3.0555E-03
   2.2979E-01   -3.0535E-03
   2.3109E-01   -3.0500E-03
   2.3238E-01   -3.0491E-03
   2.3367E-01   -3.0551E-03
   2.3496E-01   -3.0697E-03
   2.3625E-01   -3.0932E-03
   2.3754E-01   -3.1239E-03
   2.3883E-01   -3.1577E-03
   2.4012E-01   -3.1908E-03
   2.4141E-01   -3.2186E-03
   2.4270E-01   -3.2381E-03
   2.4400E-01   -3.2486E-03
   2.4529E-01   -3.2506E-03
   2.4658E-01   -3.2477E-03
   2.4787E-01   -3.2439E-03
   2.4916E-01   -3.2435E-03
   2.5045E-01   -3.2506E-03
   2.5174E-01   -3.2665E-03
   2.5303E-01   -3.2913E-03
   2.5432E-01   -3.3228E-03
   2.5561E-01   -3.3565E-03
   2.5691E-01   -3.3885E-03
   2.5820E-01   -3.4142E-03
   2.5949E-01   -3.4311E-03
   2.6078E-01   -3.4388E-03
   2.6207E-01   -3.4386E-03
   2.6336E-01   -3.4346E-03
   2.6465E-01   -3.4310E-03
   2.6594E-01   -3.4320E-03
   2.6723E-01   -3.4415E-03
   2.6852E-01   -3.4601E-03
   2.6981E-01   -3.4872E-03
   2.7111E-01   -3.5198E-03
   2.7240E-01   -3.5530E-03
   2.7369E-01   -3.5828E-03
   2.7498E-01   -3.6050E-03
   2.7627E-01   -3.6177E-03
   2.7756E-01   -3.6216E-03
   2.7885E-01   -3.6187E-03
   2.8014E-01   -3.6139E-03
   2.8143E-01   -3.6114E-03
   2.8272E-01   -3.6155E-03
   2.8402E-01   -3.6289E-03
   2.8531E-01   -3.6515E-03
   2.8660E-01   -3.6814E-03
   2.8789E-01   -3.7147E-03
   2.8918E-01   -3.7463E-03
   2.9047E-01   -3.7724E-03
   2.9176E-01   -3.7893E-03
   2.9305E-01   -3.7965E-03
   2.9434E-01   -3.7960E-03
   2.9563E-01   -3.7909E-03
   2.9693E-01   -3.7865E-03
   2.9822E-01   -3.7871E-03
   2.9951E-01   -3.7960E-03
   3.0080E-01   -3.8150E-03
   3.0209E-01   -3.8421E-03
   3.0338E-01   -3.8744E-03
   3.0467E-01   -3.9070E-03
   3.0596E-01   -3.9349E-03
   3.0725E-01   -3.9549E-03
   3.0854E-01   -3.9648E-03
   3.0984E-01   -3.9659E-03
   3.1113E-01   -3.9615E-03
   3.1242E-01   -3.9556E-03
   3.1371E-01   -3.9541E-03
   3.1500E-01   -3.9602E-03
   3.1629E-01   -3.9760E-03
   3.1758E-01   -4.0012E-03
   3.1887E-01   -4.0322E-03
   3.2016E-01   -4.0650E-03
   3.2145E-01   -4.0942E-03
   3.2275E-01   -4.1155E-03
   3.2404E-01   -4.1272E-03
   3.2533E-01   -4.1293E-03
   3.2662E-01   -4.1250E-03
   3.2791E-01   -4.1188E-03
   3.2920E-01   -4.1156E-03
   3.3049E-01   -4.1203E-03
   3.3178E-01   -4.1345E-03
   3.3307E-01   -4.1582E-03
   3.3436E-01   -4.1887E-03
   3.3565E-01   -4.2210E-03
   3.3695E-01   -4.2505E-03
   3.3824E-01   -4.2723E-03
   3.3953E-01   -4.2841E-03
   3.4082E-01   -4.2866E-03
   3.4211E-01   -4.2818E-03
   3.4340E-01   -4.2752E-03
   3.4469E-01   -4.2716E-03
   3.4598E-01   -4.2754E-03
   3.4727E-01   -4.2894E-03
   3.4856E-01   -4.3128E-03
   3.4986E-01   -4.3430E-03
   3.5115E-01   -4.3753E-03
   3.5244E-01   -4.4040E-03
   3.5373E-01   -4.4253E-03
   3.5502E-01   -4.4362E-03
   3.5631E-01   -4.4375E-03
   3.5760E-01   -4.4323E-03
   3.5889E-01   -4.4251E-03
   3.6018E-01   -4.4218E-03
   3.6147E-01   -4.4264E-03
   3.6277E-01   -4.4411E-03
   3.6406E-01   -4.4656E-03
   3.6535E-01   -4.4960E-03
   3.6664E-01   -4.5278E-03
   3.6793E-01   -4.5556E-03
   3.6922E-01   -4.5746E-03
   3.7051E-01   -4.5837E-03
   3.7180E-01   -4.5830E-03
   3.7309E-01   -4.5765E-03
   3.7438E-01   -4.5695E-03
   3.7568E-01   -4.5670E-03
   3.7697E-01   -4.5737E-03
   3.7826E-01   -4.5906E-03
   3.7955E-01   -4.6166E-03
   3.8084E-01   -4.6480E-03
   3.8213E-01   -4.6789E-03
   3.8342E-01   -4.7045E-03
   3.8471E-01   -4.7207E-03
   3.8600E-01   -4.7261E-03
   3.8729E-01   -4.7231E-03
   3.8858E-01   -4.7155E-03
   3.8988E-01   -4.7092E-03
   3.9117E-01   -4.7093E-03
   3.9246E-01   -4.7191E-03
   3.9375E-01   -4.7397E-03
   3.9504E-01   -4.7680E-03
   3.9633E-01   -4.7997E-03
   3.9762E-01   -4.8292E-03
   3.9891E-01   -4.8510E-03
   4.0020E-01   -4.8628E-03
   4.0149E-01   -4.8640E-03
   4.0279E-01   -4.8581E-03
   4.0408E-01   -4.8503E-03
   4.0537E-01   -4.8458E-03
   4.0666E-01   -4.8501E-03
   4.0795E-01   -4.8648E-03
   4.0924E-01   -4.8893E-03
   4.1053E-01   -4.9202E-03
   4.1182E-01   -4.9512E-03
   4.1311E-01   -4.9775E-03
   4.1440E-01   -4.9943E-03
   4.1570E-01   -5.0000E-03
   4.1699E-01   -4.9970E-03
   4.1828E-01   -4.9890E-03
   4.1957E-01   -4.9822E-03
   4.2086E-01   -4.9821E-03
   4.2215E-01   -4.9919E-03
   4.2344E-01   -5.0127E-03
   4.2473E-01   -5.0413E-03
   4.2602E-01   -5.0730E-03
   4.2731E-01   -5.1018E-03
   4.2861E-01   -5.1222E-03
   4.2990E-01   -5.1321E-03
   4.3119E-01   -5.1316E-03
   4.3248E-01   -5.1245E-03
   4.3377E-01   -5.1166E-03
   4.3506E-01   -5.1133E-03
   4.3635E-01   -5.1197E-03
   4.3764E-01   -5.1370E-03
   4.3893E-01   -5.1634E-03
   4.4022E-01   -5.1950E-03
   4.4152E-01   -5.2249E-03
   4.4281E-01   -5.2481E-03
   4.4410E-01   -5.2608E-03
   4.4539E-01   -5.2624E-03
   4.4668E-01   -5.2565E-03
   4.4797E-01   -5.2477E-03
   4.4926E-01   -5.2427E-03
   4.5055E-01   -5.2465E-03
   4.5184E-01   -5.2611E-03
   4.5313E-01   -5.2860E-03
   4.5442E-01   -5.3166E-03
   4.5572E-01   -5.3473E-03
   4.5701E-01   -5.3719E-03
   4.5830E-01   -5.3861E-03
   4.5959E-01   -5.3894E-03
   4.6088E-01   -5.3839E-03
   4.6217E-01   -5.3749E-03
   4.6346E-01   -5.3689E-03
   4.6475E-01   -5.3709E-03
   4.6604E-01   -5.3843E-03
   4.6733E-01   -5.4079E-03
   4.6863E-01   -5.4380E-03
   4.6992E-01   -5.4689E-03
   4.7121E-01   -5.4938E-03
   4.7250E-01   -5.5088E-03
   4.7379E-01   -5.5124E-03
   4.7508E-01   -5.5068E-03
   4.7637E-01   -5.4977E-03
   4.7766E-01   -5.4909E-03
   4.7895E-01   -5.4925E-03
   4.8024E-01   -5.5053E-03
   4.8154E-01   -5.5285E-03
   4.8283E-01   -5.5587E-03
   4.8412E-01   -5.5891E-03
   4.8541E-01   -5.6139E-03
   4.8670E-01   -5.6284E-03
   4.8799E-01   -5.6312E-03
   4.8928E-01   -5.6253E-03
   4.9057E-01   -5.6156E-03
   4.9186E-01   -5.6091E-03
   4.9315E-01   -5.6112E-03
   4.9445E-01   -5.6245E-03
   4.9574E-01   -5.6486E-03
   4.9703E-01   -5.6787E-03
   4.9832E-01   -5.7087E-03
   4.9961E-01   -5.7324E-03
   5.0090E-01   -5.7450E-03
   5.0219E-01   -5.7465E-03
   5.0348E-01   -5.7393E-03
   5.0477E-01   -5.7294E-03
   5.0606E-01   -5.7238E-03
   5.0736E-01   -5.7272E-03
   5.0865E-01   -5.7425E-03
   5.0994E-01   -5.7678E-03
   5.1123E-01   -5.7983E-03
   5.1252E-01   -5.8277E-03
   5.1381E-01   -5.8490E-03
   5.1510E-01   -5.8593E-03
   5.1639E-01   -5.8582E-03
   5.1768E-01   -5.8495E-03
   5.1897E-01   -5.8400E-03
   5.2026E-01   -5.8357E-03
   5.2156E-01   -5.8420E-03
   5.2285E-01   -5.8601E-03
   5.2414E-01   -5.8871E-03
   5.2543E-01   -5.9181E-03
   5.2672E-01   -5.9454E-03
   5.2801E-01   -5.9637E-03
   5.2930E-01   -5.9702E-03
   5.3059E-01   -5.9658E-03
   5.3188E-01   -5.9561E-03
   5.3317E-01   -5.9472E-03
   5.3447E-01   -5.9460E-03
   5.3576E-01   -5.9563E-03
   5.3705E-01   -5.9778E-03
   5.3834E-01   -6.0071E-03
   5.3963E-01   -6.0372E-03
   5.4092E-01   -6.0616E-03
   5.4221E-01   -6.0755E-03
   5.4350E-01   -6.0770E-03
   5.4479E-01   -6.0697E-03
   5.4608E-01   -6.0591E-03
   5.4738E-01   -6.0525E-03
   5.4867E-01   -6.0557E-03
   5.4996E-01   -6.0707E-03
   5.5125E-01   -6.0963E-03
   5.5254E-01   -6.1266E-03
   5.5383E-01   -6.1548E-03
   5.5512E-01   -6.1748E-03
   5.5641E-01   -6.1824E-03
   5.5770E-01   -6.1791E-03
   5.5899E-01   -6.1690E-03
   5.6029E-01   -6.1592E-03
   5.6158E-01   -6.1569E-03
   5.6287E-01   -6.1656E-03
   5.6416E-01   -6.1865E-03
   5.6545E-01   -6.2152E-03
   5.6674E-01   -6.2451E-03
   5.6803E-01   -6.2695E-03
   5.6932E-01   -6.2825E-03
   5.7061E-01   -6.2837E-03
   5.7190E-01   -6.2755E-03
   5.7320E-01   -6.2644E-03
   5.7449E-01   -6.2580E-03
   5.7578E-01   -6.2615E-03
   5.7707E-01   -6.2776E-03
   5.7836E-01   -6.3036E-03
   5.7965E-01   -6.3338E-03
   5.8094E-01   -6.3611E-03
   5.8223E-01   -6.3786E-03
   5.8352E-01   -6.3840E-03
   5.8481E-01   -6.3784E-03
   5.8610E-01   -6.3672E-03
   5.8740E-01   -6.3582E-03
   5.8869E-01   -6.3575E-03
   5.8998E-01   -6.3692E-03
   5.9127E-01   -6.3923E-03
   5.9256E-01   -6.4217E-03
   5.9385E-01   -6.4508E-03
   5.9514E-01   -6.4716E-03
   5.9643E-01   -6.4806E-03
   5.9772E-01   -6.4778E-03
   5.9901E-01   -6.4672E-03
   6.0031E-01   -6.4567E-03
   6.0160E-01   -6.4530E-03
   6.0289E-01   -6.4611E-03
   6.0418E-01   -6.4814E-03
   6.0547E-01   -6.5097E-03
   6.0676E-01   -6.5395E-03
   6.0805E-01   -6.5627E-03
   6.0934E-01   -6.5745E-03
   6.1063E-01   -6.5739E-03
   6.1192E-01   -6.5642E-03
   6.1322E-01   -6.5529E-03
   6.1451E-01   -6.5470E-03
   6.1580E-01   -6.5525E-03
   6.1709E-01   -6.5706E-03
   6.1838E-01   -6.5977E-03
   6.1967E-01   -6.6278E-03
   6.2096E-01   -6.6524E-03
   6.2225E-01   -6.6662E-03
   6.2354E-01   -6.6673E-03
   6.2483E-01   -6.6583E-03
   6.2613E-01   -6.6466E-03
   6.2742E-01   -6.6393E-03
   6.2871E-01   -6.6429E-03
   6.3000E-01   -6.6594E-03
   6.3129E-01   -6.6856E-03
   6.3258E-01   -6.7157E-03
   6.3387E-01   -6.7412E-03
   6.3516E-01   -6.7560E-03
   6.3645E-01   -6.7581E-03
   6.3774E-01   -6.7496E-03
   6.3904E-01   -6.7377E-03
   6.4033E-01   -6.7297E-03
   6.4162E-01   -6.7323E-03
   6.4291E-01   -6.7480E-03
   6.4420E-01   -6.7738E-03
   6.4549E-01   -6.8038E-03
   6.4678E-01   -6.8295E-03
   6.4807E-01   -6.8447E-03
   6.4936E-01   -6.8470E-03
   6.5065E-01   -6.8385E-03
   6.5194E-01   -6.8264E-03
   6.5324E-01   -6.8183E-03
   6.5453E-01   -6.8208E-03
   6.5582E-01   -6.8366E-03
   6.5711E-01   -6.8625E-03
   6.5840E-01   -6.8926E-03
   6.5969E-01   -6.9181E-03
   6.6098E-01   -6.9328E-03
   6.6227E-01   -6.9346E-03
   6.6356E-01   -6.9257E-03
   6.6485E-01   -6.9135E-03
   6.6615E-01   -6.9058E-03
   6.6744E-01   -6.9092E-03
   6.6873E-01   -6.9259E-03
   6.7002E-01   -6.9524E-03
   6.7131E-01   -6.9825E-03
   6.7260E-01   -7.0073E-03
   6.7389E-01   -7.0208E-03
   6.7518E-01   -7.0213E-03
   6.7647E-01   -7.0116E-03
   6.7776E-01   -6.9996E-03
   6.7906E-01   -6.9929E-03
   6.8035E-01   -6.9979E-03
   6.8164E-01   -7.0163E-03
   6.8293E-01   -7.0438E-03
   6.8422E-01   -7.0737E-03
   6.8551E-01   -7.0970E-03
   6.8680E-01   -7.1084E-03
   6.8809E-01   -7.1068E-03
   6.8938E-01   -7.0960E-03
   6.9067E-01   -7.0843E-03
   6.9197E-01   -7.0794E-03
   6.9326E-01   -7.0870E-03
   6.9455E-01   -7.1077E-03
   6.9584E-01   -7.1362E-03
   6.9713E-01   -7.1654E-03
   6.9842E-01   -7.1865E-03
   6.9971E-01   -7.1947E-03
   7.0100E-01   -7.1903E-03
   7.0229E-01   -7.1782E-03
   7.0358E-01   -7.1674E-03
   7.0488E-01   -7.1650E-03
   7.0617E-01   -7.1759E-03
   7.0746E-01   -7.1992E-03
   7.0875E-01   -7.2286E-03
   7.1004E-01   -7.2562E-03
   7.1133E-01   -7.2737E-03
   7.1262E-01   -7.2779E-03
   7.1391E-01   -7.2704E-03
   7.1520E-01   -7.2574E-03
   7.1649E-01   -7.2481E-03
   7.1778E-01   -7.2493E-03
   7.1908E-01   -7.2641E-03
   7.2037E-01   -7.2900E-03
   7.2166E-01   -7.3195E-03
   7.2295E-01   -7.3443E-03
   7.2424E-01   -7.3572E-03
   7.2553E-01   -7.3565E-03
   7.2682E-01   -7.3460E-03
   7.2811E-01   -7.3329E-03
   7.2940E-01   -7.3266E-03
   7.3069E-01   -7.3324E-03
   7.3199E-01   -7.3517E-03
   7.3328E-01   -7.3798E-03
   7.3457E-01   -7.4081E-03
   7.3586E-01   -7.4288E-03
   7.3715E-01   -7.4359E-03
   7.3844E-01   -7.4303E-03
   7.3973E-01   -7.4174E-03
   7.4102E-01   -7.4057E-03
   7.4231E-01   -7.4039E-03
   7.4360E-01   -7.4154E-03
   7.4490E-01   -7.4392E-03
   7.4619E-01   -7.4685E-03
   7.4748E-01   -7.4941E-03
   7.4877E-01   -7.5091E-03
   7.5006E-01   -7.5098E-03
   7.5135E-01   -7.4997E-03
   7.5264E-01   -7.4861E-03
   7.5393E-01   -7.4779E-03
   7.5522E-01   -7.4823E-03
   7.5651E-01   -7.5000E-03
   7.5781E-01   -7.5275E-03
   7.5910E-01   -7.5561E-03
   7.6039E-01   -7.5770E-03
   7.6168E-01   -7.5850E-03
   7.6297E-01   -7.5793E-03
   7.6426E-01   -7.5663E-03
   7.6555E-01   -7.5544E-03
   7.6684E-01   -7.5521E-03
   7.6813E-01   -7.5638E-03
   7.6942E-01   -7.5875E-03
   7.7072E-01   -7.6168E-03
   7.7201E-01   -7.6423E-03
   7.7330E-01   -7.6563E-03
   7.7459E-01   -7.6565E-03
   7.7588E-01   -7.6456E-03
   7.7717E-01   -7.6322E-03
   7.7846E-01   -7.6249E-03
   7.7975E-01   -7.6304E-03
   7.8104E-01   -7.6499E-03
   7.8233E-01   -7.6779E-03
   7.8362E-01   -7.7063E-03
   7.8492E-01   -7.7256E-03
   7.8621E-01   -7.7312E-03
   7.8750E-01   -7.7241E-03
   7.8879E-01   -7.7103E-03
   7.9008E-01   -7.6999E-03
   7.9137E-01   -7.7001E-03
   7.9266E-01   -7.7147E-03
   7.9395E-01   -7.7407E-03
   7.9524E-01   -7.7700E-03
   7.9653E-01   -7.7936E-03
   7.9783E-01   -7.8043E-03
   7.9912E-01   -7.8010E-03
   8.0041E-01   -7.7887E-03
   8.0170E-01   -7.7759E-03
   8.0299E-01   -7.7722E-03
   8.0428E-01   -7.7820E-03
   8.0557E-01   -7.8051E-03
   8.0686E-01   -7.8346E-03
   8.0815E-01   -7.8607E-03
   8.0944E-01   -7.8760E-03
   8.1074E-01   -7.8765E-03
   8.1203E-01   -7.8660E-03
   8.1332E-01   -7.8525E-03
   8.1461E-01   -7.8452E-03
   8.1590E-01   -7.8514E-03
   8.1719E-01   -7.8712E-03
   8.1848E-01   -7.8998E-03
   8.1977E-01   -7.9279E-03
   8.2106E-01   -7.9462E-03
   8.2235E-01   -7.9505E-03
   8.2365E-01   -7.9418E-03
   8.2494E-01   -7.9281E-03
   8.2623E-01   -7.9185E-03
   8.2752E-01   -7.9210E-03
   8.2881E-01   -7.9381E-03
   8.3010E-01   -7.9652E-03
   8.3139E-01   -7.9942E-03
   8.3268E-01   -8.0151E-03
   8.3397E-01   -8.0220E-03
   8.3526E-01   -8.0155E-03
   8.3656E-01   -8.0015E-03
   8.3785E-01   -7.9903E-03
   8.3914E-01   -7.9899E-03
   8.4043E-01   -8.0042E-03
   8.4172E-01   -8.0301E-03
   8.4301E-01   -8.0590E-03
   8.4430E-01   -8.0818E-03
   8.4559E-01   -8.0908E-03
   8.4688E-01   -8.0857E-03
   8.4817E-01   -8.0721E-03
   8.4946E-01   -8.0593E-03
   8.5076E-01   -8.0569E-03
   8.5205E-01   -8.0687E-03
   8.5334E-01   -8.0932E-03
   8.5463E-01   -8.1222E-03
   8.5592E-01   -8.1456E-03
   8.5721E-01   -8.1564E-03
   8.5850E-01   -8.1522E-03
   8.5979E-01   -8.1388E-03
   8.6108E-01   -8.1253E-03
   8.6237E-01   -8.1210E-03
   8.6367E-01   -8.1316E-03
   8.6496E-01   -8.1547E-03
   8.6625E-01   -8.1836E-03
   8.6754E-01   -8.2076E-03
   8.6883E-01   -8.2190E-03
   8.7012E-01   -8.2158E-03
   8.7141E-01   -8.2023E-03
   8.7270E-01   -8.1884E-03
   8.7399E-01   -8.1833E-03
   8.7528E-01   -8.1928E-03
   8.7658E-01   -8.2157E-03
   8.7787E-01   -8.2442E-03
   8.7916E-01   -8.2688E-03
   8.8045E-01   -8.2806E-03
   8.8174E-01   -8.2776E-03
   8.8303E-01   -8.2645E-03
   8.8432E-01   -8.2501E-03
   8.8561E-01   -8.2451E-03
   8.8690E-01   -8.2543E-03
   8.8819E-01   -8.2771E-03
   8.8949E-01   -8.3060E-03
   8.9078E-01   -8.3304E-03
   8.9207E-01   -8.3425E-03
   8.9336E-01   -8.3394E-03
   8.9465E-01   -8.3262E-03
   8.9594E-01   -8.3122E-03
   8.9723E-01   -8.3072E-03
   8.9852E-01   -8.3173E-03
   8.9981E-01   -8.3403E-03
   9.0110E-01   -8.3694E-03
   9.0240E-01   -8.3937E-03
   9.0369E-01   -8.4051E-03
   9.0498E-01   -8.4018E-03
   9.0627E-01   -8.3881E-03
   9.0756E-01   -8.3746E-03
   9.0885E-01   -8.3706E-03
   9.1014E-01   -8.3816E-03
   9.1143E-01   -8.4058E-03
   9.1272E-01   -8.4347E-03
   9.1401E-01   -8.4585E-03
   9.1530E-01   -8.4687E-03
   9.1660E-01   -8.4640E-03
   9.1789E-01   -8.4502E-03
   9.1918E-01   -8.4370E-03
   9.2047E-01   -8.4346E-03
   9.2176E-01   -8.4472E-03
   9.2305E-01   -8.4724E-03
   9.2434E-01   -8.5015E-03
   9.2563E-01   -8.5238E-03
   9.2692E-01   -8.5326E-03
   9.2821E-01   -8.5272E-03
   9.2951E-01   -8.5134E-03
   9.3080E-01   -8.5017E-03
   9.3209E-01   -8.5008E-03
   9.3338E-01   -8.5149E-03
   9.3467E-01   -8.5404E-03
   9.3596E-01   -8.5684E-03
   9.3725E-01   -8.5897E-03
   9.3854E-01   -8.5986E-03
   9.3983E-01   -8.5958E-03
   9.4112E-01   -8.5847E-03
   9.4242E-01   -8.5752E-03
   9.4371E-01   -8.5750E-03
   9.4500E-01   -8.5871E-03
   9.4629E-01   -8.6103E-03
   9.4758E-01   -8.6352E-03
   9.4887E-01   -8.6576E-03
   9.5016E-01   -8.6704E-03
   9.5145E-01   -8.6708E-03
   9.5274E-01   -8.6646E-03
   9.5403E-01   -8.6549E-03
   9.5533E-01   -8.6529E-03
   9.5662E-01   -8.6612E-03
   9.5791E-01   -8.6791E-03
   9.5920E-01   -8.7029E-03
   9.6049E-01   -8.7241E-03
   9.6178E-01   -8.7397E-03
   9.6307E-01   -8.7442E-03
   9.6436E-01   -8.7401E-03
   9.6565E-01   -8.7333E-03
   9.6694E-01   -8.7285E-03
   9.6823E-01   -8.7342E-03
   9.6953E-01   -8.7483E-03
   9.7082E-01   -8.7687E-03
   9.7211E-01   -8.7909E-03
   9.7340E-01   -8.8069E-03
   9.7469E-01   -8.8153E-03
   9.7598E-01   -8.8144E-03
   9.7727E-01   -8.8081E-03
   9.7856E-01   -8.8035E-03
   9.7985E-01   -8.8048E-03
   9.8114E-01   -8.8163E-03
   9.8244E-01   -8.8339E-03
   9.8373E-01   -8.8548E-03
   9.8502E-01   -8.8735E-03
   9.8631E-01   -8.8833E-03
   9.8760E-01   -8.8860E-03
   9.8889E-01   -8.8812E-03
   9.9018E-01   -8.8757E-03
   9.9147E-01   -8.8758E-03
   9.9276E-01   -8.8831E-03
   9.9405E-01   -8.8995E-03
   9.9535E-01   -8.9185E-03
   9.9664E-01   -8.9372E-03
   9.9793E-01   -8.9502E-03
   9.9922E-01   -8.9539E-03
   1.0005E+00   -8.9524E-03
   1.0018E+00   -8.9470E-03
   1.0031E+00   -8.9460E-03
   1.0044E+00   -8.9521E-03
   1.0057E+00   -8.9650E-03
   1.0070E+00   -8.9838E-03
   1.0083E+00   -9.0016E-03
   1.0095E+00   -9.0159E-03
   1.0108E+00   -9.0225E-03
   1.0121E+00   -9.0230E-03
   1.0134E+00   -9.0218E-03
   1.0147E+00   -9.0205E-03
   1.0160E+00   -9.0258E-03
   1.0173E+00   -9.0365E-03
   1.0186E+00   -9.0524E-03
   1.0199E+00   -9.0731E-03
   1.0212E+00   -9.0908E-03
   1.0225E+00   -9.1055E-03
   1.0237E+00   -9.1138E-03
   1.0250E+00   -9.1149E-03
   1.0263E+00   -9.1147E-03
   1.0276E+00   -9.1136E-03
   1.0289E+00   -9.1181E-03
   1.0302E+00   -9.1281E-03
   1.0315E+00   -9.1424E-03
   1.0328E+00   -9.1621E-03
   1.0341E+00   -9.1795E-03
   1.0354E+00   -9.1938E-03
   1.0367E+00   -9.2032E-03
   1.0379E+00   -9.2048E-03
   1.0392E+00   -9.2053E-03
   1.0405E+00   -9.2047E-03
   1.0418E+00   -9.2083E-03
   1.0431E+00   -9.2182E-03
   1.0444E+00   -9.2315E-03
   1.0457E+00   -9.2503E-03
   1.0470E+00   -9.2677E-03
   1.0483E+00   -9.2814E-03
   1.0496E+00   -9.2912E-03
   1.0509E+00   -9.2933E-03
   1.0521E+00   -9.2937E-03
   1.0534E+00   -9.2938E-03
   1.0547E+00   -9.2968E-03
   1.0560E+00   -9.3066E-03
   1.0573E+00   -9.3196E-03
   1.0586E+00   -9.3372E-03
   1.0599E+00   -9.3548E-03
   1.0612E+00   -9.3678E-03
   1.0625E+00   -9.3775E-03
   1.0638E+00   -9.3802E-03
   1.0651E+00   -9.3802E-03
   1.0663E+00   -9.3810E-03
   1.0676E+00   -9.3836E-03
   1.0689E+00   -9.3930E-03
   1.0702E+00   -9.4063E-03
   1.0715E+00   -9.4230E-03
   1.0728E+00   -9.4406E-03
   1.0741E+00   -9.4532E-03
   1.0754E+00   -9.4622E-03
   1.0767E+00   -9.4654E-03
   1.0780E+00   -9.4649E-03
   1.0793E+00   -9.4660E-03
   1.0806E+00   -9.4691E-03
   1.0818E+00   -9.4783E-03
   1.0831E+00   -9.4924E-03
   1.0844E+00   -9.5085E-03
   1.0857E+00   -9.5256E-03
   1.0870E+00   -9.5381E-03
   1.0883E+00   -9.5459E-03
   1.0896E+00   -9.5493E-03
   1.0909E+00   -9.5487E-03
   1.0922E+00   -9.5498E-03
   1.0935E+00   -9.5538E-03
   1.0948E+00   -9.5630E-03
   1.0960E+00   -9.5779E-03
   1.0973E+00   -9.5942E-03
   1.0986E+00   -9.6107E-03
   1.0999E+00   -9.6232E-03
   1.1012E+00   -9.6298E-03
   1.1025E+00   -9.6329E-03
   1.1038E+00   -9.6324E-03
   1.1051E+00   -9.6334E-03
   1.1064E+00   -9.6386E-03
   1.1077E+00   -9.6482E-03
   1.1090E+00   -9.6637E-03
   1.1102E+00   -9.6805E-03
   1.1115E+00   -9.6961E-03
   1.1128E+00   -9.7083E-03
   1.1141E+00   -9.7139E-03
   1.1154E+00   -9.7161E-03
   1.1167E+00   -9.7159E-03
   1.1180E+00   -9.7170E-03
   1.1193E+00   -9.7234E-03
   1.1206E+00   -9.7340E-03
   1.1219E+00   -9.7497E-03
   1.1232E+00   -9.7669E-03
   1.1244E+00   -9.7813E-03
   1.1257E+00   -9.7923E-03
   1.1270E+00   -9.7969E-03
   1.1283E+00   -9.7978E-03
   1.1296E+00   -9.7980E-03
   1.1309E+00   -9.7998E-03
   1.1322E+00   -9.8074E-03
   1.1335E+00   -9.8193E-03
   1.1348E+00   -9.8350E-03
   1.1361E+00   -9.8518E-03
   1.1374E+00   -9.8649E-03
   1.1386E+00   -9.8740E-03
   1.1399E+00   -9.8774E-03
   1.1412E+00   -9.8773E-03
   1.1425E+00   -9.8780E-03
   1.1438E+00   -9.8809E-03
   1.1451E+00   -9.8895E-03
   1.1464E+00   -9.9029E-03
   1.1477E+00   -9.9186E-03
   1.1490E+00   -9.9346E-03
   1.1503E+00   -9.9463E-03
   1.1516E+00   -9.9532E-03
   1.1528E+00   -9.9554E-03
   1.1541E+00   -9.9547E-03
   1.1554E+00   -9.9559E-03
   1.1567E+00   -9.9604E-03
   1.1580E+00   -9.9703E-03
   1.1593E+00   -9.9850E-03
   1.1606E+00   -1.0001E-02
   1.1619E+00   -1.0015E-02
   1.1632E+00   -1.0025E-02
   1.1645E+00   -1.0030E-02
   1.1658E+00   -1.0031E-02
   1.1670E+00   -1.0030E-02
   1.1683E+00   -1.0033E-02
   1.1696E+00   -1.0039E-02
   1.1709E+00   -1.0051E-02
   1.1722E+00   -1.0066E-02
   1.1735E+00   -1.0082E-02
   1.1748E+00   -1.0095E-02
   1.1761E+00   -1.0103E-02
   1.1774E+00   -1.0106E-02
   1.1787E+00   -1.0106E-02
   1.1800E+00   -1.0106E-02
   1.1812E+00   -1.0109E-02
   1.1825E+00   -1.0118E-02
   1.1838E+00   -1.0132E-02
   1.1851E+00   -1.0148E-02
   1.1864E+00   -1.0163E-02
   1.1877E+00   -1.0174E-02
   1.1890E+00   -1.0180E-02
   1.1903E+00   -1.0180E-02
   1.1916E+00   -1.0180E-02
   1.1929E+00   -1.0182E-02
   1.1942E+00   -1.0188E-02
   1.1954E+00   -1.0199E-02
   1.1967E+00   -1.0214E-02
   1.1980E+00   -1.0230E-02
   1.1993E+00   -1.0244E-02
   1.2006E+00   -1.0252E-02
   1.2019E+00   -1.0256E-02
   1.2032E+00   -1.0256E-02
   1.2045E+00   -1.0256E-02
   1.2058E+00   -1.0260E-02
   1.2071E+00   -1.0268E-02
   1.2084E+00   -1.0282E-02
   1.2096E+00   -1.0298E-02
   1.2109E+00   -1.0313E-02
   1.2122E+00   -1.0324E-02
   1.2135E+00   -1.0329E-02
   1.2148E+00   -1.0331E-02
   1.2161E+00   -1.0330E-02
   1.2174E+00   -1.0332E-02
   1.2187E+00   -1.0339E-02
   1.2200E+00   -1.0350E-02
   1.2213E+00   -1.0365E-02
   1.2226E+00   -1.0381E-02
   1.2238E+00   -1.0393E-02
   1.2251E+00   -1.0401E-02
   1.2264E+00   -1.0404E-02
   1.2277E+00   -1.0404E-02
   1.2290E+00   -1.0404E-02
   1.2303E+00   -1.0408E-02
   1.2316E+00   -1.0417E-02
   1.2329E+00   -1.0431E-02
   1.2342E+00   -1.0447E-02
   1.2355E+00   -1.0461E-02
   1.2368E+00   -1.0470E-02
   1.2380E+00   -1.0475E-02
   1.2393E+00   -1.0475E-02
   1.2406E+00   -1.0474E-02
   1.2419E+00   -1.0477E-02
   1.2432E+00   -1.0484E-02
   1.2445E+00   -1.0496E-02
   1.2458E+00   -1.0511E-02
   1.2471E+00   -1.0526E-02
   1.2484E+00   -1.0537E-02
   1.2497E+00   -1.0543E-02
   1.2510E+00   -1.0544E-02
   1.2523E+00   -1.0543E-02
   1.2535E+00   -1.0544E-02
   1.2548E+00   -1.0550E-02
   1.2561E+00   -1.0560E-02
   1.2574E+00   -1.0575E-02
   1.2587E+00   -1.0590E-02
   1.2600E+00   -1.0602E-02
   1.2613E+00   -1.0610E-02
   1.2626E+00   -1.0612E-02
   1.2639E+00   -1.0612E-02
   1.2652E+00   -1.0612E-02
   1.2665E+00   -1.0616E-02
   1.2677E+00   -1.0625E-02
   1.2690E+00   -1.0638E-02
   1.2703E+00   -1.0653E-02
   1.2716E+00   -1.0667E-02
   1.2729E+00   -1.0676E-02
   1.2742E+00   -1.0680E-02
   1.2755E+00   -1.0680E-02
   1.2768E+00   -1.0679E-02
   1.2781E+00   -1.0682E-02
   1.2794E+00   -1.0689E-02
   1.2807E+00   -1.0702E-02
   1.2819E+00   -1.0717E-02
   1.2832E+00   -1.0731E-02
   1.2845E+00   -1.0742E-02
   1.2858E+00   -1.0746E-02
   1.2871E+00   -1.0747E-02
   1.2884E+00   -1.0747E-02
   1.2897E+00   -1.0748E-02
   1.2910E+00   -1.0755E-02
   1.2923E+00   -1.0767E-02
   1.2936E+00   -1.0782E-02
   1.2949E+00   -1.0796E-02
   1.2961E+00   -1.0807E-02
   1.2974E+00   -1.0814E-02
   1.2987E+00   -1.0815E-02
   1.3000E+00   -1.0814E-02
   1.3013E+00   -1.0815E-02
   1.3026E+00   -1.0821E-02
   1.3039E+00   -1.0832E-02
   1.3052E+00   -1.0846E-02
   1.3065E+00   -1.0861E-02
   1.3078E+00   -1.0873E-02
   1.3091E+00   -1.0880E-02
   1.3103E+00   -1.0881E-02
   1.3116E+00   -1.0881E-02
   1.3129E+00   -1.0881E-02
   1.3142E+00   -1.0886E-02
   1.3155E+00   -1.0896E-02
   1.3168E+00   -1.0910E-02
   1.3181E+00   -1.0925E-02
   1.3194E+00   -1.0937E-02
   1.3207E+00   -1.0944E-02
   1.3220E+00   -1.0946E-02
   1.3233E+00   -1.0946E-02
   1.3245E+00   -1.0946E-02
   1.3258E+00   -1.0950E-02
   1.3271E+00   -1.0959E-02
   1.3284E+00   -1.0973E-02
   1.3297E+00   -1.0988E-02
   1.3310E+00   -1.1000E-02
   1.3323E+00   -1.1007E-02
   1.3336E+00   -1.1010E-02
   1.3349E+00   -1.1009E-02
   1.3362E+00   -1.1009E-02
   1.3375E+00   -1.1012E-02
   1.3387E+00   -1.1021E-02
   1.3400E+00   -1.1035E-02
   1.3413E+00   -1.1050E-02
   1.3426E+00   -1.1062E-02
   1.3439E+00   -1.1070E-02
   1.3452E+00   -1.1072E-02
   1.3465E+00   -1.1072E-02
   1.3478E+00   -1.1071E-02
   1.3491E+00   -1.1075E-02
   1.3504E+00   -1.1084E-02
   1.3517E+00   -1.1097E-02
   1.3529E+00   -1.1112E-02
   1.3542E+00   -1.1125E-02
   1.3555E+00   -1.1133E-02
   1.3568E+00   -1.1135E-02
   1.3581E+00   -1.1135E-02
   1.3594E+00   -1.1135E-02
   1.3607E+00   -1.1139E-02
   1.3620E+00   -1.1148E-02
   1.3633E+00   -1.1161E-02
   1.3646E+00   -1.1176E-02
   1.3659E+00   -1.1188E-02
   1.3671E+00   -1.1196E-02
   1.3684E+00   -1.1198E-02
   1.3697E+00   -1.1197E-02
   1.3710E+00   -1.1198E-02
   1.3723E+00   -1.1202E-02
   1.3736E+00   -1.1211E-02
   1.3749E+00   -1.1225E-02
   1.3762E+00   -1.1239E-02
   1.3775E+00   -1.1251E-02
   1.3788E+00   -1.1258E-02
   1.3801E+00   -1.1260E-02
   1.3813E+00   -1.1260E-02
   1.3826E+00   -1.1260E-02
   1.3839E+00   -1.1264E-02
   1.3852E+00   -1.1274E-02
   1.3865E+00   -1.1288E-02
   1.3878E+00   -1.1302E-02
   1.3891E+00   -1.1313E-02
   1.3904E+00   -1.1320E-02
   1.3917E+00   -1.1321E-02
   1.3930E+00   -1.1320E-02
   1.3943E+00   -1.1321E-02
   1.3955E+00   -1.1326E-02
   1.3968E+00   -1.1336E-02
   1.3981E+00   -1.1350E-02
   1.3994E+00   -1.1364E-02
   1.4007E+00   -1.1374E-02
   1.4020E+00   -1.1380E-02
   1.4033E+00   -1.1381E-02
   1.4046E+00   -1.1380E-02
   1.4059E+00   -1.1381E-02
   1.4072E+00   -1.1386E-02
   1.4085E+00   -1.1397E-02
   1.4098E+00   -1.1411E-02
   1.4110E+00   -1.1424E-02
   1.4123E+00   -1.1433E-02
   1.4136E+00   -1.1438E-02
   1.4149E+00   -1.1438E-02
   1.4162E+00   -1.1437E-02
   1.4175E+00   -1.1439E-02
   1.4188E+00   -1.1445E-02
   1.4201E+00   -1.1456E-02
   1.4214E+00   -1.1470E-02
   1.4227E+00   -1.1483E-02
   1.4240E+00   -1.1491E-02
   1.4252E+00   -1.1494E-02
   1.4265E+00   -1.1494E-02
   1.4278E+00   -1.1493E-02
   1.4291E+00   -1.1496E-02
   1.4304E+00   -1.1503E-02
   1.4317E+00   -1.1515E-02
   1.4330E+00   -1.1529E-02
   1.4343E+00   -1.1541E-02
   1.4356E+00   -1.1549E-02
   1.4369E+00   -1.1551E-02
   1.4382E+00   -1.1550E-02
   1.4394E+00   -1.1551E-02
   1.4407E+00   -1.1554E-02
   1.4420E+00   -1.1563E-02
   1.4433E+00   -1.1577E-02
   1.4446E+00   -1.1590E-02
   1.4459E+00   -1.1602E-02
   1.4472E+00   -1.1608E-02
   1.4485E+00   -1.1609E-02
   1.4498E+00   -1.1609E-02
   1.4511E+00   -1.1610E-02
   1.4524E+00   -1.1616E-02
   1.4536E+00   -1.1626E-02
   1.4549E+00   -1.1640E-02
   1.4562E+00   -1.1653E-02
   1.4575E+00   -1.1663E-02
   1.4588E+00   -1.1668E-02
   1.4601E+00   -1.1668E-02
   1.4614E+00   -1.1668E-02
   1.4627E+00   -1.1670E-02
   1.4640E+00   -1.1677E-02
   1.4653E+00   -1.1689E-02
   1.4666E+00   -1.1703E-02
   1.4678E+00   -1.1715E-02
   1.4691E+00   -1.1723E-02
   1.4704E+00   -1.1726E-02
   1.4717E+00   -1.1726E-02
   1.4730E+00   -1.1726E-02
   1.4743E+00   -1.1729E-02
   1.4756E+00   -1.1738E-02
   1.4769E+00   -1.1750E-02
   1.4782E+00   -1.1764E-02
   1.4795E+00   -1.1775E-02
   1.4808E+00   -1.1781E-02
   1.4820E+00   -1.1782E-02
   1.4833E+00   -1.1781E-02
   1.4846E+00   -1.1782E-02
   1.4859E+00   -1.1787E-02
   1.4872E+00   -1.1797E-02
   1.4885E+00   -1.1810E-02
   1.4898E+00   -1.1823E-02
   1.4911E+00   -1.1832E-02
   1.4924E+00   -1.1837E-02
   1.4937E+00   -1.1838E-02
   1.4950E+00   -1.1837E-02
   1.4962E+00   -1.1839E-02
   1.4975E+00   -1.1845E-02
   1.4988E+00   -1.1855E-02
   1.5001E+00   -1.1868E-02
   1.5014E+00   -1.1881E-02
   1.5027E+00   -1.1889E-02
   1.5040E+00   -1.1893E-02
   1.5053E+00   -1.1893E-02
   1.5066E+00   -1.1892E-02
   1.5079E+00   -1.1895E-02
   1.5092E+00   -1.1902E-02
   1.5104E+00   -1.1913E-02
   1.5117E+00   -1.1926E-02
   1.5130E+00   -1.1938E-02
   1.5143E+00   -1.1945E-02
   1.5156E+00   -1.1947E-02
   1.5169E+00   -1.1947E-02
   1.5182E+00   -1.1947E-02
   1.5195E+00   -1.1951E-02
   1.5208E+00   -1.1960E-02
   1.5221E+00   -1.1972E-02
   1.5234E+00   -1.1985E-02
   1.5246E+00   -1.1996E-02
   1.5259E+00   -1.2001E-02
   1.5272E+00   -1.2003E-02
   1.5285E+00   -1.2002E-02
   1.5298E+00   -1.2004E-02
   1.5311E+00   -1.2009E-02
   1.5324E+00   -1.2020E-02
   1.5337E+00   -1.2033E-02
   1.5350E+00   -1.2046E-02
   1.5363E+00   -1.2055E-02
   1.5376E+00   -1.2059E-02
   1.5388E+00   -1.2059E-02
   1.5401E+00   -1.2059E-02
   1.5414E+00   -1.2062E-02
   1.5427E+00   -1.2070E-02
   1.5440E+00   -1.2081E-02
   1.5453E+00   -1.2095E-02
   1.5466E+00   -1.2107E-02
   1.5479E+00   -1.2114E-02
   1.5492E+00   -1.2116E-02
   1.5505E+00   -1.2116E-02
   1.5518E+00   -1.2117E-02
   1.5530E+00   -1.2121E-02
   1.5543E+00   -1.2130E-02
   1.5556E+00   -1.2143E-02
   1.5569E+00   -1.2156E-02
   1.5582E+00   -1.2166E-02
   1.5595E+00   -1.2171E-02
   1.5608E+00   -1.2172E-02
   1.5621E+00   -1.2171E-02
   1.5634E+00   -1.2173E-02
   1.5647E+00   -1.2179E-02
   1.5660E+00   -1.2189E-02
   1.5672E+00   -1.2202E-02
   1.5685E+00   -1.2214E-02
   1.5698E+00   -1.2221E-02
   1.5711E+00   -1.2224E-02
   1.5724E+00   -1.2224E-02
   1.5737E+00   -1.2223E-02
   1.5750E+00   -1.2227E-02
   1.5763E+00   -1.2235E-02
   1.5776E+00   -1.2247E-02
   1.5789E+00   -1.2259E-02
   1.5802E+00   -1.2269E-02
   1.5815E+00   -1.2274E-02
   1.5827E+00   -1.2274E-02
   1.5840E+00   -1.2274E-02
   1.5853E+00   -1.2275E-02
   1.5866E+00   -1.2280E-02
   1.5879E+00   -1.2290E-02
   1.5892E+00   -1.2303E-02
   1.5905E+00   -1.2314E-02
   1.5918E+00   -1.2322E-02
   1.5931E+00   -1.2324E-02
   1.5944E+00   -1.2324E-02
   1.5957E+00   -1.2324E-02
   1.5969E+00   -1.2327E-02
   1.5982E+00   -1.2335E-02
   1.5995E+00   -1.2347E-02
   1.6008E+00   -1.2360E-02
   1.6021E+00   -1.2369E-02
   1.6034E+00   -1.2374E-02
   1.6047E+00   -1.2375E-02
   1.6060E+00   -1.2374E-02
   1.6073E+00   -1.2376E-02
   1.6086E+00   -1.2382E-02
   1.6099E+00   -1.2393E-02
   1.6111E+00   -1.2405E-02
   1.6124E+00   -1.2417E-02
   1.6137E+00   -1.2424E-02
   1.6150E+00   -1.2427E-02
   1.6163E+00   -1.2426E-02
   1.6176E+00   -1.2427E-02
   1.6189E+00   -1.2431E-02
   1.6202E+00   -1.2440E-02
   1.6215E+00   -1.2452E-02
   1.6228E+00   -1.2464E-02
   1.6241E+00   -1.2473E-02
   1.6253E+00   -1.2478E-02
   1.6266E+00   -1.2478E-02
   1.6279E+00   -1.2478E-02
   1.6292E+00   -1.2480E-02
   1.6305E+00   -1.2487E-02
   1.6318E+00   -1.2498E-02
   1.6331E+00   -1.2511E-02
   1.6344E+00   -1.2521E-02
   1.6357E+00   -1.2527E-02
   1.6370E+00   -1.2529E-02
   1.6383E+00   -1.2529E-02
   1.6395E+00   -1.2530E-02
   1.6408E+00   -1.2536E-02
   1.6421E+00   -1.2545E-02
   1.6434E+00   -1.2557E-02
   1.6447E+00   -1.2569E-02
   1.6460E+00   -1.2577E-02
   1.6473E+00   -1.2580E-02
   1.6486E+00   -1.2581E-02
   1.6499E+00   -1.2581E-02
   1.6512E+00   -1.2584E-02
   1.6525E+00   -1.2591E-02
   1.6537E+00   -1.2602E-02
   1.6550E+00   -1.2614E-02
   1.6563E+00   -1.2624E-02
   1.6576E+00   -1.2629E-02
   1.6589E+00   -1.2631E-02
   1.6602E+00   -1.2630E-02
   1.6615E+00   -1.2631E-02
   1.6628E+00   -1.2636E-02
   1.6641E+00   -1.2646E-02
   1.6654E+00   -1.2658E-02
   1.6667E+00   -1.2669E-02
   1.6679E+00   -1.2677E-02
   1.6692E+00   -1.2680E-02
   1.6705E+00   -1.2680E-02
   1.6718E+00   -1.2680E-02
   1.6731E+00   -1.2683E-02
   1.6744E+00   -1.2690E-02
   1.6757E+00   -1.2702E-02
   1.6770E+00   -1.2713E-02
   1.6783E+00   -1.2723E-02
   1.6796E+00   -1.2728E-02
   1.6809E+00   -1.2729E-02
   1.6821E+00   -1.2729E-02
   1.6834E+00   -1.2730E-02
   1.6847E+00   -1.2736E-02
   1.6860E+00   -1.2746E-02
   1.6873E+00   -1.2758E-02
   1.6886E+00   -1.2769E-02
   1.6899E+00   -1.2776E-02
   1.6912E+00   -1.2779E-02
   1.6925E+00   -1.2779E-02
   1.6938E+00   -1.2779E-02
   1.6951E+00   -1.2783E-02
   1.6963E+00   -1.2792E-02
   1.6976E+00   -1.2804E-02
   1.6989E+00   -1.2816E-02
   1.7002E+00   -1.2824E-02
   1.7015E+00   -1.2828E-02
   1.7028E+00   -1.2829E-02
   1.7041E+00   -1.2829E-02
   1.7054E+00   -1.2832E-02
   1.7067E+00   -1.2839E-02
   1.7080E+00   -1.2849E-02
   1.7093E+00   -1.2862E-02
   1.7105E+00   -1.2871E-02
   1.7118E+00   -1.2877E-02
   1.7131E+00   -1.2878E-02
   1.7144E+00   -1.2878E-02
   1.7157E+00   -1.2879E-02
   1.7170E+00   -1.2885E-02
   1.7183E+00   -1.2894E-02
   1.7196E+00   -1.2906E-02
   1.7209E+00   -1.2917E-02
   1.7222E+00   -1.2923E-02
   1.7235E+00   -1.2926E-02
   1.7247E+00   -1.2925E-02
   1.7260E+00   -1.2925E-02
   1.7273E+00   -1.2929E-02
   1.7286E+00   -1.2938E-02
   1.7299E+00   -1.2949E-02
   1.7312E+00   -1.2960E-02
   1.7325E+00   -1.2968E-02
   1.7338E+00   -1.2972E-02
   1.7351E+00   -1.2972E-02
   1.7364E+00   -1.2971E-02
   1.7377E+00   -1.2974E-02
   1.7390E+00   -1.2981E-02
   1.7402E+00   -1.2992E-02
   1.7415E+00   -1.3004E-02
   1.7428E+00   -1.3013E-02
   1.7441E+00   -1.3017E-02
   1.7454E+00   -1.3018E-02
   1.7467E+00   -1.3017E-02
   1.7480E+00   -1.3019E-02
   1.7493E+00   -1.3025E-02
   1.7506E+00   -1.3035E-02
   1.7519E+00   -1.3047E-02
   1.7532E+00   -1.3057E-02
   1.7544E+00   -1.3063E-02
   1.7557E+00   -1.3064E-02
   1.7570E+00   -1.3063E-02
   1.7583E+00   -1.3064E-02
   1.7596E+00   -1.3069E-02
   1.7609E+00   -1.3079E-02
   1.7622E+00   -1.3091E-02
   1.7635E+00   -1.3101E-02
   1.7648E+00   -1.3108E-02
   1.7661E+00   -1.3110E-02
   1.7674E+00   -1.3109E-02
   1.7686E+00   -1.3110E-02
   1.7699E+00   -1.3114E-02
   1.7712E+00   -1.3123E-02
   1.7725E+00   -1.3135E-02
   1.7738E+00   -1.3145E-02
   1.7751E+00   -1.3153E-02
   1.7764E+00   -1.3155E-02
   1.7777E+00   -1.3155E-02
   1.7790E+00   -1.3155E-02
   1.7803E+00   -1.3159E-02
   1.7816E+00   -1.3168E-02
   1.7828E+00   -1.3179E-02
   1.7841E+00   -1.3190E-02
   1.7854E+00   -1.3198E-02
   1.7867E+00   -1.3201E-02
   1.7880E+00   -1.3201E-02
   1.7893E+00   -1.3201E-02
   1.7906E+00   -1.3205E-02
   1.7919E+00   -1.3212E-02
   1.7932E+00   -1.3223E-02
   1.7945E+00   -1.3234E-02
   1.7958E+00   -1.3242E-02
   1.7970E+00   -1.3246E-02
   1.7983E+00   -1.3246E-02
   1.7996E+00   -1.3246E-02
   1.8009E+00   -1.3249E-02
   1.8022E+00   -1.3256E-02
   1.8035E+00   -1.3266E-02
   1.8048E+00   -1.3277E-02
   1.8061E+00   -1.3285E-02
   1.8074E+00   -1.3289E-02
   1.8087E+00   -1.3289E-02
   1.8100E+00   -1.3289E-02
   1.8112E+00   -1.3292E-02
   1.8125E+00   -1.3298E-02
   1.8138E+00   -1.3308E-02
   1.8151E+00   -1.3319E-02
   1.8164E+00   -1.3327E-02
   1.8177E+00   -1.3332E-02
   1.8190E+00   -1.3332E-02
   1.8203E+00   -1.3332E-02
   1.8216E+00   -1.3334E-02
   1.8229E+00   -1.3340E-02
   1.8242E+00   -1.3350E-02
   1.8254E+00   -1.3362E-02
   1.8267E+00   -1.3370E-02
   1.8280E+00   -1.3374E-02
   1.8293E+00   -1.3375E-02
   1.8306E+00   -1.3375E-02
   1.8319E+00   -1.3377E-02
   1.8332E+00   -1.3383E-02
   1.8345E+00   -1.3393E-02
   1.8358E+00   -1.3405E-02
   1.8371E+00   -1.3413E-02
   1.8384E+00   -1.3417E-02
   1.8396E+00   -1.3418E-02
   1.8409E+00   -1.3418E-02
   1.8422E+00   -1.3420E-02
   1.8435E+00   -1.3426E-02
   1.8448E+00   -1.3436E-02
   1.8461E+00   -1.3447E-02
   1.8474E+00   -1.3456E-02
   1.8487E+00   -1.3460E-02
   1.8500E+00   -1.3461E-02
   1.8513E+00   -1.3460E-02
   1.8526E+00   -1.3463E-02
   1.8538E+00   -1.3469E-02
   1.8551E+00   -1.3479E-02
   1.8564E+00   -1.3490E-02
   1.8577E+00   -1.3498E-02
   1.8590E+00   -1.3502E-02
   1.8603E+00   -1.3503E-02
   1.8616E+00   -1.3502E-02
   1.8629E+00   -1.3505E-02
   1.8642E+00   -1.3511E-02
   1.8655E+00   -1.3521E-02
   1.8668E+00   -1.3533E-02
   1.8680E+00   -1.3540E-02
   1.8693E+00   -1.3545E-02
   1.8706E+00   -1.3545E-02
   1.8719E+00   -1.3544E-02
   1.8732E+00   -1.3547E-02
   1.8745E+00   -1.3554E-02
   1.8758E+00   -1.3564E-02
   1.8771E+00   -1.3575E-02
   1.8784E+00   -1.3583E-02
   1.8797E+00   -1.3587E-02
   1.8810E+00   -1.3587E-02
   1.8822E+00   -1.3586E-02
   1.8835E+00   -1.3590E-02
   1.8848E+00   -1.3596E-02
   1.8861E+00   -1.3607E-02
   1.8874E+00   -1.3618E-02
   1.8887E+00   -1.3625E-02
   1.8900E+00   -1.3628E-02
   1.8913E+00   -1.3628E-02
   1.8926E+00   -1.3628E-02
   1.8939E+00   -1.3632E-02
   1.8952E+00   -1.3639E-02
   1.8964E+00   -1.3650E-02
   1.8977E+00   -1.3660E-02
   1.8990E+00   -1.3667E-02
   1.9003E+00   -1.3670E-02
   1.9016E+00   -1.3669E-02
   1.9029E+00   -1.3669E-02
   1.9042E+00   -1.3674E-02
   1.9055E+00   -1.3681E-02
   1.9068E+00   -1.3693E-02
   1.9081E+00   -1.3702E-02
   1.9094E+00   -1.3708E-02
   1.9107E+00   -1.3711E-02
   1.9119E+00   -1.3710E-02
   1.9132E+00   -1.3710E-02
   1.9145E+00   -1.3715E-02
   1.9158E+00   -1.3723E-02
   1.9171E+00   -1.3735E-02
   1.9184E+00   -1.3744E-02
   1.9197E+00   -1.3749E-02
   1.9210E+00   -1.3751E-02
   1.9223E+00   -1.3750E-02
   1.9236E+00   -1.3751E-02
   1.9249E+00   -1.3756E-02
   1.9261E+00   -1.3765E-02
   1.9274E+00   -1.3776E-02
   1.9287E+00   -1.3785E-02
   1.9300E+00   -1.3789E-02
   1.9313E+00   -1.3790E-02
   1.9326E+00   -1.3789E-02
   1.9339E+00   -1.3790E-02
   1.9352E+00   -1.3796E-02
   1.9365E+00   -1.3806E-02
   1.9378E+00   -1.3817E-02
   1.9391E+00   -1.3824E-02
   1.9403E+00   -1.3828E-02
   1.9416E+00   -1.3828E-02
   1.9429E+00   -1.3827E-02
   1.9442E+00   -1.3830E-02
   1.9455E+00   -1.3837E-02
   1.9468E+00   -1.3847E-02
   1.9481E+00   -1.3857E-02
   1.9494E+00   -1.3864E-02
   1.9507E+00   -1.3866E-02
   1.9520E+00   -1.3866E-02
   1.9533E+00   -1.3866E-02
   1.9545E+00   -1.3870E-02
   1.9558E+00   -1.3877E-02
   1.9571E+00   -1.3888E-02
   1.9584E+00   -1.3898E-02
   1.9597E+00   -1.3903E-02
   1.9610E+00   -1.3905E-02
   1.9623E+00   -1.3904E-02
   1.9636E+00   -1.3905E-02
   1.9649E+00   -1.3910E-02
   1.9662E+00   -1.3919E-02
   1.9675E+00   -1.3930E-02
   1.9687E+00   -1.3939E-02
   1.9700E+00   -1.3943E-02
   1.9713E+00   -1.3944E-02
   1.9726E+00   -1.3943E-02
   1.9739E+00   -1.3945E-02
   1.9752E+00   -1.3952E-02
   1.9765E+00   -1.3961E-02
   1.9778E+00   -1.3972E-02
   1.9791E+00   -1.3979E-02
   1.9804E+00   -1.3983E-02
   1.9817E+00   -1.3983E-02
   1.9829E+00   -1.3983E-02
   1.9842E+00   -1.3986E-02
   1.9855E+00   -1.3993E-02
   1.9868E+00   -1.4003E-02
   1.9881E+00   -1.4013E-02
   1.9894E+00   -1.4019E-02
   1.9907E+00   -1.4021E-02
   1.9920E+00   -1.4021E-02
   1.9933E+00   -1.4021E-02
   1.9946E+00   -1.4025E-02
   1.9959E+00   -1.4033E-02
   1.9971E+00   -1.4043E-02
   1.9984E+00   -1.4052E-02
   1.9997E+00   -1.4057E-02
   2.0010E+00   -1.4057E-02
   2.0023E+00   -1.4054E-02
   2.0036E+00   -1.4050E-02
   2.0049E+00   -1.4048E-02
   2.0062E+00   -1.4050E-02
   2.0075E+00   -1.4055E-02
   2.0088E+00   -1.4057E-02
   2.0101E+00   -1.4055E-02
   2.0113E+00   -1.4051E-02
   2.0126E+00   -1.4048E-02
   2.0139E+00   -1.4049E-02
   2.0152E+00   -1.4053E-02
   2.0165E+00   -1.4056E-02
   2.0178E+00   -1.4056E-02
   2.0191E+00   -1.4052E-02
   2.0204E+00   -1.4048E-02
   2.0217E+00   -1.4048E-02
   2.0230E+00   -1.4051E-02
   2.0243E+00   -1.4055E-02
   2.0255E+00   -1.4057E-02
   2.0268E+00   -1.4054E-02
   2.0281E+00   -1.4050E-02
   2.0294E+00   -1.4048E-02
   2.0307E+00   -1.4051E-02
   2.0320E+00   -1.4054E-02
   2.0333E+00   -1.4057E-02
   2.0346E+00   -1.4056E-02
   2.0359E+00   -1.4052E-02
   2.0372E+00   -1.4049E-02
   2.0385E+00   -1.4050E-02
   2.0397E+00   -1.4054E-02
   2.0410E+00   -1.4057E-02
   2.0423E+00   -1.4058E-02
   2.0436E+00   -1.4055E-02
   2.0449E+00   -1.4051E-02
   2.0462E+00   -1.4051E-02
   2.0475E+00   -1.4053E-02
   2.0488E+00   -1.4057E-02
   2.0501E+00   -1.4058E-02
   2.0514E+00   -1.4057E-02
   2.0527E+00   -1.4054E-02
   2.0539E+00   -1.4051E-02
   2.0552E+00   -1.4053E-02
   2.0565E+00   -1.4056E-02
   2.0578E+00   -1.4059E-02
   2.0591E+00   -1.4058E-02
   2.0604E+00   -1.4056E-02
   2.0617E+00   -1.4053E-02
   2.0630E+00   -1.4052E-02
   2.0643E+00   -1.4055E-02
   2.0656E+00   -1.4057E-02
   2.0669E+00   -1.4059E-02
   2.0681E+00   -1.4057E-02
   2.0694E+00   -1.4054E-02
   2.0707E+00   -1.4052E-02
   2.0720E+00   -1.4053E-02
   2.0733E+00   -1.4056E-02
   2.0746E+00   -1.4057E-02
   2.0759E+00   -1.4057E-02
   2.0772E+00   -1.4054E-02
   2.0785E+00   -1.4052E-02
   2.0798E+00   -1.4051E-02
   2.0811E+00   -1.4053E-02
   2.0824E+00   -1.4056E-02
   2.0836E+00   -1.4056E-02
   2.0849E+00   -1.4055E-02
   2.0862E+00   -1.4052E-02
   2.0875E+00   -1.4050E-02
   2.0888E+00   -1.4051E-02
   2.0901E+00   -1.4054E-02
   2.0914E+00   -1.4056E-02
   2.0927E+00   -1.4055E-02
   2.0940E+00   -1.4053E-02
   2.0953E+00   -1.4051E-02
   2.0966E+00   -1.4051E-02
   2.0978E+00   -1.4053E-02
   2.0991E+00   -1.4056E-02
   2.1004E+00   -1.4056E-02
   2.1017E+00   -1.4054E-02
   2.1030E+00   -1.4052E-02
   2.1043E+00   -1.4052E-02
   2.1056E+00   -1.4054E-02
   2.1069E+00   -1.4056E-02
   2.1082E+00   -1.4058E-02
   2.1095E+00   -1.4056E-02
   2.1108E+00   -1.4054E-02
   2.1120E+00   -1.4053E-02
   2.1133E+00   -1.4054E-02
   2.1146E+00   -1.4057E-02
   2.1159E+00   -1.4059E-02
   2.1172E+00   -1.4058E-02
   2.1185E+00   -1.4056E-02
   2.1198E+00   -1.4054E-02
   2.1211E+00   -1.4054E-02
   2.1224E+00   -1.4057E-02
   2.1237E+00   -1.4059E-02
   2.1250E+00   -1.4059E-02
   2.1262E+00   -1.4058E-02
   2.1275E+00   -1.4055E-02
   2.1288E+00   -1.4055E-02
   2.1301E+00   -1.4056E-02
   2.1314E+00   -1.4058E-02
   2.1327E+00   -1.4060E-02
   2.1340E+00   -1.4059E-02
   2.1353E+00   -1.4056E-02
   2.1366E+00   -1.4054E-02
   2.1379E+00   -1.4055E-02
   2.1392E+00   -1.4057E-02
   2.1404E+00   -1.4059E-02
   2.1417E+00   -1.4059E-02
   2.1430E+00   -1.4057E-02
   2.1443E+00   -1.4054E-02
   2.1456E+00   -1.4054E-02
   2.1469E+00   -1.4056E-02
   2.1482E+00   -1.4058E-02
   2.1495E+00   -1.4058E-02
   2.1508E+00   -1.4056E-02
   2.1521E+00   -1.4054E-02
   2.1534E+00   -1.4053E-02
   2.1546E+00   -1.4054E-02
   2.1559E+00   -1.4056E-02
   2.1572E+00   -1.4057E-02
   2.1585E+00   -1.4056E-02
   2.1598E+00   -1.4054E-02
   2.1611E+00   -1.4052E-02
   2.1624E+00   -1.4052E-02
   2.1637E+00   -1.4054E-02
   2.1650E+00   -1.4056E-02
   2.1663E+00   -1.4056E-02
   2.1676E+00   -1.4054E-02
   2.1688E+00   -1.4052E-02
   2.1701E+00   -1.4052E-02
   2.1714E+00   -1.4053E-02
   2.1727E+00   -1.4056E-02
   2.1740E+00   -1.4056E-02
   2.1753E+00   -1.4055E-02
   2.1766E+00   -1.4053E-02
   2.1779E+00   -1.4052E-02
   2.1792E+00   -1.4054E-02
   2.1805E+00   -1.4056E-02
   2.1818E+00   -1.4058E-02
   2.1830E+00   -1.4057E-02
   2.1843E+00   -1.4055E-02
   2.1856E+00   -1.4054E-02
   2.1869E+00   -1.4054E-02
   2.1882E+00   -1.4057E-02
   2.1895E+00   -1.4059E-02
   2.1908E+00   -1.4059E-02
   2.1921E+00   -1.4057E-02
   2.1934E+00   -1.4056E-02
   2.1947E+00   -1.4055E-02
   2.1960E+00   -1.4057E-02
   2.1972E+00   -1.4059E-02
   2.1985E+00   -1.4060E-02
   2.1998E+00   -1.4059E-02
   2.2011E+00   -1.4057E-02
   2.2024E+00   -1.4055E-02
   2.2037E+00   -1.4056E-02
   2.2050E+00   -1.4059E-02
   2.2063E+00   -1.4060E-02
   2.2076E+00   -1.4059E-02
   2.2089E+00   -1.4057E-02
   2.2102E+00   -1.4055E-02
   2.2114E+00   -1.4055E-02
   2.2127E+00   -1.4057E-02
   2.2140E+00   -1.4059E-02
   2.2153E+00   -1.4059E-02
   2.2166E+00   -1.4058E-02
   2.2179E+00   -1.4055E-02
   2.2192E+00   -1.4055E-02
   2.2205E+00   -1.4055E-02
   2.2218E+00   -1.4057E-02
   2.2231E+00   -1.4058E-02
   2.2244E+00   -1.4057E-02
   2.2256E+00   -1.4055E-02
   2.2269E+00   -1.4054E-02
   2.2282E+00   -1.4054E-02
   2.2295E+00   -1.4056E-02
   2.2308E+00   -1.4057E-02
   2.2321E+00   -1.4057E-02
   2.2334E+00   -1.4055E-02
   2.2347E+00   -1.4054E-02
   2.2360E+00   -1.4053E-02
   2.2373E+00   -1.4055E-02
   2.2386E+00   -1.4056E-02
   2.2399E+00   -1.4057E-02
   2.2411E+00   -1.4056E-02
   2.2424E+00   -1.4054E-02
   2.2437E+00   -1.4053E-02
   2.2450E+00   -1.4054E-02
   2.2463E+00   -1.4056E-02
   2.2476E+00   -1.4057E-02
   2.2489E+00   -1.4057E-02
   2.2502E+00   -1.4056E-02
   2.2515E+00   -1.4055E-02
   2.2528E+00   -1.4055E-02
   2.2541E+00   -1.4056E-02
   2.2553E+00   -1.4058E-02
   2.2566E+00   -1.4058E-02
   2.2579E+00   -1.4058E-02
   2.2592E+00   -1.4056E-02
   2.2605E+00   -1.4056E-02
   2.2618E+00   -1.4057E-02
   2.2631E+00   -1.4058E-02
   2.2644E+00   -1.4059E-02
   2.2657E+00   -1.4059E-02
   2.2670E+00   -1.4058E-02
   2.2683E+00   -1.4057E-02
   2.2695E+00   -1.4057E-02
   2.2708E+00   -1.4058E-02
   2.2721E+00   -1.4060E-02
   2.2734E+00   -1.4060E-02
   2.2747E+00   -1.4059E-02
   2.2760E+00   -1.4058E-02
   2.2773E+00   -1.4057E-02
   2.2786E+00   -1.4058E-02
   2.2799E+00   -1.4060E-02
   2.2812E+00   -1.4060E-02
   2.2825E+00   -1.4059E-02
   2.2837E+00   -1.4058E-02
   2.2850E+00   -1.4057E-02
   2.2863E+00   -1.4057E-02
   2.2876E+00   -1.4059E-02
   2.2889E+00   -1.4059E-02
   2.2902E+00   -1.4059E-02
   2.2915E+00   -1.4057E-02
   2.2928E+00   -1.4056E-02
   2.2941E+00   -1.4056E-02
   2.2954E+00   -1.4057E-02
   2.2967E+00   -1.4058E-02
   2.2979E+00   -1.4058E-02
   2.2992E+00   -1.4057E-02
   2.3005E+00   -1.4055E-02
   2.3018E+00   -1.4055E-02
   2.3031E+00   -1.4056E-02
   2.3044E+00   -1.4057E-02
   2.3057E+00   -1.4057E-02
   2.3070E+00   -1.4057E-02
   2.3083E+00   -1.4055E-02
   2.3096E+00   -1.4054E-02
   2.3109E+00   -1.4055E-02
   2.3121E+00   -1.4056E-02
   2.3134E+00   -1.4057E-02
   2.3147E+00   -1.4057E-02
   2.3160E+00   -1.4056E-02
   2.3173E+00   -1.4055E-02
   2.3186E+00   -1.4055E-02
   2.3199E+00   -1.4056E-02
   2.3212E+00   -1.4058E-02
   2.3225E+00   -1.4058E-02
   2.3238E+00   -1.4057E-02
   2.3251E+00   -1.4056E-02
   2.3263E+00   -1.4056E-02
   2.3276E+00   -1.4057E-02
   2.3289E+00   -1.4058E-02
   2.3302E+00   -1.4059E-02
   2.3315E+00   -1.4059E-02
   2.3328E+00   -1.4057E-02
   2.3341E+00   -1.4057E-02
   2.3354E+00   -1.4057E-02
   2.3367E+00   -1.4059E-02
   2.3380E+00   -1.4060E-02
   2.3393E+00   -1.4060E-02
   2.3405E+00   -1.4058E-02
   2.3418E+00   -1.4057E-02
   2.3431E+00   -1.4057E-02
   2.3444E+00   -1.4058E-02
   2.3457E+00   -1.4060E-02
   2.3470E+00   -1.4060E-02
   2.3483E+00   -1.4059E-02
   2.3496E+00   -1.4057E-02
   2.3509E+00   -1.4056E-02
   2.3522E+00   -1.4057E-02
   2.3535E+00   -1.4059E-02
   2.3547E+00   -1.4059E-02
   2.3560E+00   -1.4058E-02
   2.3573E+00   -1.4057E-02
   2.3586E+00   -1.4056E-02
   2.3599E+00   -1.4056E-02
   2.3612E+00   -1.4057E-02
   2.3625E+00   -1.4059E-02
   2.3638E+00   -1.4058E-02
   2.3651E+00   -1.4057E-02
   2.3664E+00   -1.4055E-02
   2.3677E+00   -1.4055E-02
   2.3689E+00   -1.4056E-02
   2.3702E+00   -1.4058E-02
   2.3715E+00   -1.4058E-02
   2.3728E+00   -1.4057E-02
   2.3741E+00   -1.4055E-02
   2.3754E+00   -1.4054E-02
   2.3767E+00   -1.4055E-02
   2.3780E+00   -1.4057E-02
   2.3793E+00   -1.4057E-02
   2.3806E+00   -1.4057E-02
   2.3819E+00   -1.4055E-02
   2.3831E+00   -1.4054E-02
   2.3844E+00   -1.4054E-02
   2.3857E+00   -1.4056E-02
   2.3870E+00   -1.4057E-02
   2.3883E+00   -1.4057E-02
   2.3896E+00   -1.4056E-02
   2.3909E+00   -1.4054E-02
   2.3922E+00   -1.4054E-02
   2.3935E+00   -1.4055E-02
   2.3948E+00   -1.4057E-02
   2.3961E+00   -1.4057E-02
   2.3973E+00   -1.4057E-02
   2.3986E+00   -1.4055E-02
   2.3999E+00   -1.4055E-02
   2.4012E+00   -1.4056E-02
   2.4025E+00   -1.4057E-02
   2.4038E+00   -1.4058E-02
   2.4051E+00   -1.4058E-02
   2.4064E+00   -1.4057E-02
   2.4077E+00   -1.4056E-02
   2.4090E+00   -1.4056E-02
   2.4103E+00   -1.4058E-02
   2.4116E+00   -1.4059E-02
   2.4128E+00   -1.4059E-02
   2.4141E+00   -1.4058E-02
   2.4154E+00   -1.4057E-02
   2.4167E+00   -1.4056E-02
   2.4180E+00   -1.4057E-02
   2.4193E+00   -1.4059E-02
   2.4206E+00   -1.4059E-02
   2.4219E+00   -1.4058E-02
   2.4232E+00   -1.4057E-02
   2.4245E+00   -1.4056E-02
   2.4258E+00   -1.4056E-02
   2.4270E+00   -1.4058E-02
   2.4283E+00   -1.4058E-02
   2.4296E+00   -1.4058E-02
   2.4309E+00   -1.4056E-02
   2.4322E+00   -1.4055E-02
   2.4335E+00   -1.4055E-02
   2.4348E+00   -1.4056E-02
   2.4361E+00   -1.4057E-02
   2.4374E+00   -1.4057E-02
   2.4387E+00   -1.4056E-02
   2.4400E+00   -1.4055E-02
   2.4412E+00   -1.4054E-02
   2.4425E+00   -1.4055E-02
   2.4438E+00   -1.4056E-02
   2.4451E+00   -1.4057E-02
   2.4464E+00   -1.4056E-02
   2.4477E+00   -1.4055E-02
   2.4490E+00   -1.4054E-02
   2.4503E+00   -1.4054E-02
   2.4516E+00   -1.4056E-02
   2.4529E+00   -1.4057E-02
   2.4542E+00   -1.4057E-02
   2.4554E+00   -1.4055E-02
   2.4567E+00   -1.4054E-02
   2.4580E+00   -1.4054E-02
   2.4593E+00   -1.4055E-02
   2.4606E+00   -1.4057E-02
   2.4619E+00   -1.4057E-02
   2.4632E+00   -1.4056E-02
   2.4645E+00   -1.4055E-02
   2.4658E+00   -1.4054E-02
   2.4671E+00   -1.4055E-02
   2.4684E+00   -1.4056E-02
   2.4696E+00   -1.4057E-02
   2.4709E+00   -1.4057E-02
   2.4722E+00   -1.4055E-02
   2.4735E+00   -1.4054E-02
   2.4748E+00   -1.4054E-02
   2.4761E+00   -1.4056E-02
   2.4774E+00   -1.4057E-02
   2.4787E+00   -1.4057E-02
   2.4800E+00   -1.4056E-02
   2.4813E+00   -1.4055E-02
   2.4826E+00   -1.4055E-02
   2.4838E+00   -1.4056E-02
   2.4851E+00   -1.4057E-02
   2.4864E+00   -1.4058E-02
   2.4877E+00   -1.4057E-02
   2.4890E+00   -1.4056E-02
   2.4903E+00   -1.4055E-02
   2.4916E+00   -1.4056E-02
   2.4929E+00   -1.4057E-02
   2.4942E+00   -1.4058E-02
   2.4955E+00   -1.4058E-02
   2.4968E+00   -1.4057E-02
   2.4980E+00   -1.4056E-02
   2.4993E+00   -1.4056E-02
   2.5006E+00   -1.4057E-02
   2.5019E+00   -1.4058E-02
   2.5032E+00   -1.4058E-02
   2.5045E+00   -1.4057E-02
   2.5058E+00   -1.4056E-02
   2.5071E+00   -1.4056E-02
   2.5084E+00   -1.4056E-02
   2.5097E+00   -1.4057E-02
   2.5110E+00   -1.4058E-02
   2.5122E+00   -1.4058E-02
   2.5135E+00   -1.4057E-02
   2.5148E+00   -1.4056E-02
   2.5161E+00   -1.4056E-02
   2.5174E+00   -1.4057E-02
   2.5187E+00   -1.4058E-02
   2.5200E+00   -1.4057E-02
   2.5213E+00   -1.4057E-02
   2.5226E+00   -1.4056E-02
   2.5239E+00   -1.4056E-02
   2.5252E+00   -1.4056E-02
   2.5264E+00   -1.4057E-02
   2.5277E+00   -1.4058E-02
   2.5290E+00   -1.4057E-02
   2.5303E+00   -1.4057E-02
   2.5316E+00   -1.4056E-02
   2.5329E+00   -1.4057E-02
   2.5342E+00   -1.4057E-02
   2.5355E+00   -1.4058E-02
   2.5368E+00   -1.4058E-02
   2.5381E+00   -1.4058E-02
   2.5394E+00   -1.4057E-02
   2.5406E+00   -1.4057E-02
   2.5419E+00   -1.4057E-02
   2.5432E+00   -1.4058E-02
   2.5445E+00   -1.4058E-02
   2.5458E+00   -1.4058E-02
   2.5471E+00   -1.4058E-02
   2.5484E+00   -1.4057E-02
   2.5497E+00   -1.4057E-02
   2.5510E+00   -1.4058E-02
   2.5523E+00   -1.4058E-02
   2.5536E+00   -1.4058E-02
   2.5548E+00   -1.4058E-02
   2.5561E+00   -1.4057E-02
   2.5574E+00   -1.4057E-02
   2.5587E+00   -1.4058E-02
   2.5600E+00   -1.4058E-02
   2.5613E+00   -1.4058E-02
   2.5626E+00   -1.4058E-02
   2.5639E+00   -1.4057E-02
   2.5652E+00   -1.4057E-02
   2.5665E+00   -1.4057E-02
   2.5678E+00   -1.4058E-02
   2.5691E+00   -1.4058E-02
   2.5703E+00   -1.4058E-02
   2.5716E+00   -1.4057E-02
   2.5729E+00   -1.4057E-02
   2.5742E+00   -1.4057E-02
   2.5755E+00   -1.4057E-02
   2.5768E+00   -1.4058E-02
   2.5781E+00   -1.4058E-02
   2.5794E+00   -1.4058E-02
   2.5807E+00   -1.4057E-02
   2.5820E+00   -1.4057E-02
   2.5833E+00   -1.4057E-02
   2.5845E+00   -1.4058E-02
   2.5858E+00   -1.4058E-02
   2.5871E+00   -1.4058E-02
   2.5884E+00   -1.4058E-02
   2.5897E+00   -1.4057E-02
   2.5910E+00   -1.4057E-02
   2.5923E+00   -1.4058E-02
   2.5936E+00   -1.4058E-02
   2.5949E+00   -1.4058E-02
   2.5962E+00   -1.4058E-02
   2.5975E+00   -1.4057E-02
   2.5987E+00   -1.4057E-02
   2.6000E+00   -1.4057E-02
   2.6013E+00   -1.4057E-02
   2.6026E+00   -1.4058E-02
   2.6039E+00   -1.4057E-02
   2.6052E+00   -1.4057E-02
   2.6065E+00   -1.4057E-02
   2.6078E+00   -1.4057E-02
   2.6091E+00   -1.4057E-02
   2.6104E+00   -1.4057E-02
   2.6117E+00   -1.4057E-02
   2.6129E+00   -1.4057E-02
   2.6142E+00   -1.4057E-02
   2.6155E+00   -1.4057E-02
   2.6168E+00   -1.4057E-02
   2.6181E+00   -1.4057E-02
   2.6194E+00   -1.4057E-02
   2.6207E+00   -1.4057E-02
   2.6220E+00   -1.4057E-02
   2.6233E+00   -1.4057E-02
   2.6246E+00   -1.4057E-02
   2.6259E+00   -1.4057E-02
   2.6271E+00   -1.4057E-02
   2.6284E+00   -1.4057E-02
   2.6297E+00   -1.4057E-02
   2.6310E+00   -1.4057E-02
   2.6323E+00   -1.4057E-02
   2.6336E+00   -1.4057E-02
   2.6349E+00   -1.4058E-02
   2.6362E+00   -1.4058E-02
   2.6375E+00   -1.4057E-02
   2.6388E+00   -1.4057E-02
   2.6401E+00   -1.4057E-02
   2.6413E+00   -1.4057E-02
   2.6426E+00   -1.4058E-02
   2.6439E+00   -1.4058E-02
   2.6452E+00   -1.4057E-02
   2.6465E+00   -1.4057E-02
   2.6478E+00   -1.4057E-02
   2.6491E+00   -1.4057E-02
   2.6504E+00   -1.4058E-02
   2.6517E+00   -1.4058E-02
   2.6530E+00   -1.4058E-02
   2.6543E+00   -1.4057E-02
   2.6555E+00   -1.4057E-02
   2.6568E+00   -1.4057E-02
   2.6581E+00   -1.4058E-02
   2.6594E+00   -1.4058E-02
   2.6607E+00   -1.4058E-02
   2.6620E+00   -1.4058E-02
   2.6633E+00   -1.4058E-02
   2.6646E+00   -1.4058E-02
   2.6659E+00   -1.4058E-02
   2.6672E+00   -1.4059E-02
   2.6685E+00   -1.4059E-02
   2.6697E+00   -1.4058E-02
   2.6710E+00   -1.4058E-02
   2.6723E+00   -1.4058E-02
   2.6736E+00   -1.4058E-02
   2.6749E+00   -1.4059E-02
   2.6762E+00   -1.4059E-02
   2.6775E+00   -1.4059E-02
   2.6788E+00   -1.4058E-02
   2.6801E+00   -1.4058E-02
   2.6814E+00   -1.4058E-02
   2.6827E+00   -1.4058E-02
   2.6839E+00   -1.4059E-02
   2.6852E+00   -1.4058E-02
   2.6865E+00   -1.4058E-02
   2.6878E+00   -1.4057E-02
   2.6891E+00   -1.4057E-02
   2.6904E+00   -1.4057E-02
   2.6917E+00   -1.4058E-02
   2.6930E+00   -1.4058E-02
   2.6943E+00   -1.4057E-02
   2.6956E+00   -1.4057E-02
   2.6969E+00   -1.4056E-02
   2.6981E+00   -1.4056E-02
   2.6994E+00   -1.4057E-02
   2.7007E+00   -1.4057E-02
   2.7020E+00   -1.4057E-02
   2.7033E+00   -1.4056E-02
   2.7046E+00   -1.4056E-02
   2.7059E+00   -1.4056E-02
   2.7072E+00   -1.4056E-02
   2.7085E+00   -1.4057E-02
   2.7098E+00   -1.4057E-02
   2.7111E+00   -1.4056E-02
   2.7123E+00   -1.4056E-02
   2.7136E+00   -1.4056E-02
   2.7149E+00   -1.4057E-02
   2.7162E+00   -1.4057E-02
   2.7175E+00   -1.4057E-02
   2.7188E+00   -1.4057E-02
   2.7201E+00   -1.4057E-02
   2.7214E+00   -1.4057E-02
   2.7227E+00   -1.4057E-02
   2.7240E+00   -1.4058E-02
   2.7253E+00   -1.4058E-02
   2.7265E+00   -1.4058E-02
   2.7278E+00   -1.4057E-02
   2.7291E+00   -1.4057E-02
   2.7304E+00   -1.4057E-02
   2.7317E+00   -1.4058E-02
   2.7330E+00   -1.4058E-02
   2.7343E+00   -1.4058E-02
   2.7356E+00   -1.4058E-02
   2.7369E+00   -1.4058E-02
   2.7382E+00   -1.4058E-02
   2.7395E+00   -1.4058E-02
   2.7408E+00   -1.4059E-02
   2.7420E+00   -1.4059E-02
   2.7433E+00   -1.4059E-02
   2.7446E+00   -1.4059E-02
   2.7459E+00   -1.4058E-02
   2.7472E+00   -1.4059E-02
   2.7485E+00   -1.4059E-02
   2.7498E+00   -1.4060E-02
   2.7511E+00   -1.4060E-02
   2.7524E+00   -1.4059E-02
   2.7537E+00   -1.4059E-02
   2.7550E+00   -1.4059E-02
   2.7562E+00   -1.4059E-02
   2.7575E+00   -1.4060E-02
   2.7588E+00   -1.4059E-02
   2.7601E+00   -1.4059E-02
   2.7614E+00   -1.4058E-02
   2.7627E+00   -1.4058E-02
   2.7640E+00   -1.4058E-02
   2.7653E+00   -1.4059E-02
   2.7666E+00   -1.4059E-02
   2.7679E+00   -1.4058E-02
   2.7692E+00   -1.4058E-02
   2.7704E+00   -1.4057E-02
   2.7717E+00   -1.4057E-02
   2.7730E+00   -1.4058E-02
   2.7743E+00   -1.4058E-02
   2.7756E+00   -1.4058E-02
   2.7769E+00   -1.4057E-02
   2.7782E+00   -1.4057E-02
   2.7795E+00   -1.4056E-02
   2.7808E+00   -1.4057E-02
   2.7821E+00   -1.4057E-02
   2.7834E+00   -1.4057E-02
   2.7846E+00   -1.4057E-02
   2.7859E+00   -1.4057E-02
   2.7872E+00   -1.4056E-02
   2.7885E+00   -1.4057E-02
   2.7898E+00   -1.4057E-02
   2.7911E+00   -1.4058E-02
   2.7924E+00   -1.4058E-02
   2.7937E+00   -1.4058E-02
   2.7950E+00   -1.4057E-02
   2.7963E+00   -1.4058E-02
   2.7976E+00   -1.4058E-02
   2.7988E+00   -1.4059E-02
   2.8001E+00   -1.4059E-02
   2.8014E+00   -1.4059E-02
   2.8027E+00   -1.4059E-02
   2.8040E+00   -1.4059E-02
   2.8053E+00   -1.4059E-02
   2.8066E+00   -1.4060E-02
   2.8079E+00   -1.4060E-02
   2.8092E+00   -1.4060E-02
   2.8105E+00   -1.4060E-02
   2.8118E+00   -1.4060E-02
   2.8130E+00   -1.4060E-02
   2.8143E+00   -1.4060E-02
   2.8156E+00   -1.4061E-02
   2.8169E+00   -1.4061E-02
   2.8182E+00   -1.4061E-02
   2.8195E+00   -1.4060E-02
   2.8208E+00   -1.4060E-02
   2.8221E+00   -1.4060E-02
   2.8234E+00   -1.4061E-02
   2.8247E+00   -1.4061E-02
   2.8260E+00   -1.4061E-02
   2.8272E+00   -1.4061E-02
   2.8285E+00   -1.4060E-02
   2.8298E+00   -1.4060E-02
   2.8311E+00   -1.4061E-02
   2.8324E+00   -1.4061E-02
   2.8337E+00   -1.4061E-02
   2.8350E+00   -1.4060E-02
   2.8363E+00   -1.4060E-02
   2.8376E+00   -1.4059E-02
   2.8389E+00   -1.4060E-02
   2.8402E+00   -1.4060E-02
   2.8414E+00   -1.4060E-02
   2.8427E+00   -1.4060E-02
   2.8440E+00   -1.4059E-02
   2.8453E+00   -1.4059E-02
   2.8466E+00   -1.4059E-02
   2.8479E+00   -1.4059E-02
   2.8492E+00   -1.4059E-02
   2.8505E+00   -1.4059E-02
   2.8518E+00   -1.4059E-02
   2.8531E+00   -1.4058E-02
   2.8544E+00   -1.4058E-02
   2.8556E+00   -1.4058E-02
   2.8569E+00   -1.4059E-02
   2.8582E+00   -1.4059E-02
   2.8595E+00   -1.4058E-02
   2.8608E+00   -1.4058E-02
   2.8621E+00   -1.4058E-02
   2.8634E+00   -1.4058E-02
   2.8647E+00   -1.4059E-02
   2.8660E+00   -1.4059E-02
   2.8673E+00   -1.4059E-02
   2.8686E+00   -1.4058E-02
   2.8698E+00   -1.4058E-02
   2.8711E+00   -1.4058E-02
   2.8724E+00   -1.4059E-02
   2.8737E+00   -1.4060E-02
   2.8750E+00   -1.4060E-02
   2.8763E+00   -1.4059E-02
   2.8776E+00   -1.4059E-02
   2.8789E+00   -1.4059E-02
   2.8802E+00   -1.4060E-02
   2.8815E+00   -1.4061E-02
   2.8828E+00   -1.4061E-02
   2.8840E+00   -1.4061E-02
   2.8853E+00   -1.4060E-02
   2.8866E+00   -1.4060E-02
   2.8879E+00   -1.4061E-02
   2.8892E+00   -1.4061E-02
   2.8905E+00   -1.4062E-02
   2.8918E+00   -1.4062E-02
   2.8931E+00   -1.4061E-02
   2.8944E+00   -1.4061E-02
   2.8957E+00   -1.4061E-02
   2.8970E+00   -1.4061E-02
   2.8983E+00   -1.4062E-02
   2.8995E+00   -1.4062E-02
   2.9008E+00   -1.4062E-02
   2.9021E+00   -1.4061E-02
   2.9034E+00   -1.4061E-02
   2.9047E+00   -1.4061E-02
   2.9060E+00   -1.4061E-02
   2.9073E+00   -1.4062E-02
   2.9086E+00   -1.4062E-02
   2.9099E+00   -1.4061E-02
   2.9112E+00   -1.4060E-02
   2.9125E+00   -1.4060E-02
   2.9137E+00   -1.4060E-02
   2.9150E+00   -1.4061E-02
   2.9163E+00   -1.4061E-02
   2.9176E+00   -1.4061E-02
   2.9189E+00   -1.4060E-02
   2.9202E+00   -1.4059E-02
   2.9215E+00   -1.4059E-02
   2.9228E+00   -1.4060E-02
   2.9241E+00   -1.4060E-02
   2.9254E+00   -1.4060E-02
   2.9267E+00   -1.4060E-02
   2.9279E+00   -1.4059E-02
   2.9292E+00   -1.4059E-02
   2.9305E+00   -1.4059E-02
   2.9318E+00   -1.4060E-02
   2.9331E+00   -1.4060E-02
   2.9344E+00   -1.4060E-02
   2.9357E+00   -1.4059E-02
   2.9370E+00   -1.4059E-02
   2.9383E+00   -1.4060E-02
   2.9396E+00   -1.4060E-02
   2.9409E+00   -1.4061E-02
   2.9421E+00   -1.4061E-02
   2.9434E+00   -1.4060E-02
   2.9447E+00   -1.4060E-02
   2.9460E+00   -1.4060E-02
   2.9473E+00   -1.4060E-02
   2.9486E+00   -1.4061E-02
   2.9499E+00   -1.4061E-02
   2.9512E+00   -1.4061E-02
   2.9525E+00   -1.4060E-02
   2.9538E+00   -1.4060E-02
   2.9551E+00   -1.4061E-02
   2.9563E+00   -1.4061E-02
   2.9576E+00   -1.4061E-02
   2.9589E+00   -1.4061E-02
   2.9602E+00   -1.4061E-02
   2.9615E+00   -1.4060E-02
   2.9628E+00   -1.4061E-02
   2.9641E+00   -1.4061E-02
   2.9654E+00   -1.4062E-02
   2.9667E+00   -1.4062E-02
   2.9680E+00   -1.4061E-02
   2.9693E+00   -1.4061E-02
   2.9705E+00   -1.4061E-02
   2.9718E+00   -1.4061E-02
   2.9731E+00   -1.4062E-02
   2.9744E+00   -1.4062E-02
   2.9757E+00   -1.4062E-02
   2.9770E+00   -1.4061E-02
   2.9783E+00   -1.4061E-02
   2.9796E+00   -1.4061E-02
   2.9809E+00   -1.4061E-02
   2.9822E+00   -1.4062E-02
   2.9835E+00   -1.4061E-02
   2.9847E+00   -1.4061E-02
   2.9860E+00   -1.4060E-02
   2.9873E+00   -1.4060E-02
   2.9886E+00   -1.4060E-02
   2.9899E+00   -1.4061E-02
   2.9912E+00   -1.4061E-02
   2.9925E+00   -1.4060E-02
   2.9938E+00   -1.4059E-02
   2.9951E+00   -1.4059E-02
   2.9964E+00   -1.4059E-02
   2.9977E+00   -1.4060E-02
   2.9989E+00   -1.4060E-02
   3.0000E+00   -1.4059E-02
