Scalar STRAINP3 under Static for nodeset
189
   0.0000E+00
 -4.8273E-01
 -4.4188E-01
 -4.8273E-01
 -4.4188E-01
 -3.9818E-01
 -4.4188E-01
 -4.8273E-01
 -4.4188E-01
 -4.8273E-01
 -4.6236E-01
 -4.6091E-01
 -4.6236E-01
 -4.6091E-01
 -4.5935E-01
 -4.6091E-01
 -4.6236E-01
 -4.6091E-01
 -4.6236E-01
 -4.7529E-01
 -4.9003E-01
 -4.7529E-01
 -4.9003E-01
 -5.0561E-01
 -4.9003E-01
 -4.7529E-01
 -4.9003E-01
 -4.7529E-01
 -4.8746E-01
 -4.8821E-01
 -4.8746E-01
 -4.8821E-01
 -4.8893E-01
 -4.8821E-01
 -4.8746E-01
 -4.8821E-01
 -4.8746E-01
 -4.8789E-01
 -4.8790E-01
 -4.8789E-01
 -4.8790E-01
 -4.8749E-01
 -4.8790E-01
 -4.8789E-01
 -4.8790E-01
 -4.8789E-01
 -4.8783E-01
 -4.8778E-01
 -4.8783E-01
 -4.8778E-01
 -4.8781E-01
 -4.8778E-01
 -4.8783E-01
 -4.8778E-01
 -4.8783E-01
 -4.8780E-01
 -4.8781E-01
 -4.8780E-01
 -4.8781E-01
 -4.8781E-01
 -4.8781E-01
 -4.8780E-01
 -4.8781E-01
 -4.8780E-01
 -4.8780E-01
 -4.8780E-01
 -4.8780E-01
 -4.8780E-01
 -4.8781E-01
 -4.8780E-01
 -4.8780E-01
 -4.8780E-01
 -4.8780E-01
 -4.8780E-01
 -4.8780E-01
 -4.8780E-01
 -4.8780E-01
 -4.8780E-01
 -4.8780E-01
 -4.8780E-01
 -4.8780E-01
 -4.8780E-01
 -4.8780E-01
 -4.8780E-01
 -4.8780E-01
 -4.8780E-01
 -4.8780E-01
 -4.8780E-01
 -4.8780E-01
 -4.8780E-01
 -4.8780E-01
 -4.8780E-01
 -4.8780E-01
 -4.8780E-01
 -4.8780E-01
 -4.8780E-01
 -4.8780E-01
 -4.8780E-01
 -4.8780E-01
 -4.8780E-01
 -4.8780E-01
 -4.8780E-01
 -4.8780E-01
 -4.8780E-01
 -4.8780E-01
 -4.8780E-01
 -4.8780E-01
 -4.8780E-01
 -4.8780E-01
 -4.8780E-01
 -4.8780E-01
 -4.8780E-01
 -4.8780E-01
 -4.8780E-01
 -4.8780E-01
 -4.8780E-01
 -4.8780E-01
 -4.8780E-01
 -4.8780E-01
 -4.8780E-01
 -4.8780E-01
 -4.8780E-01
 -4.8780E-01
 -4.8780E-01
 -4.8780E-01
 -4.8780E-01
 -4.8780E-01
 -4.8780E-01
 -4.8780E-01
 -4.8780E-01
 -4.8780E-01
 -4.8780E-01
 -4.8780E-01
 -4.8780E-01
 -4.8780E-01
 -4.8780E-01
 -4.8780E-01
 -4.8780E-01
 -4.8780E-01
 -4.8780E-01
 -4.8780E-01
 -4.8780E-01
 -4.8780E-01
 -4.8780E-01
 -4.8780E-01
 -4.8780E-01
 -4.8780E-01
 -4.8780E-01
 -4.8780E-01
 -4.8780E-01
 -4.8780E-01
 -4.8780E-01
 -4.8780E-01
 -4.8780E-01
 -4.8780E-01
 -4.8780E-01
 -4.8780E-01
 -4.8780E-01
 -4.8780E-01
 -4.8780E-01
 -4.8780E-01
 -4.8780E-01
 -4.8780E-01
 -4.8780E-01
 -4.8780E-01
 -4.8780E-01
 -4.8780E-01
 -4.8780E-01
 -4.8780E-01
 -4.8780E-01
 -4.8780E-01
 -4.8780E-01
 -4.8780E-01
 -4.8780E-01
 -4.8780E-01
 -4.8780E-01
 -4.8780E-01
 -4.8780E-01
 -4.8780E-01
 -4.8780E-01
 -4.8780E-01
 -4.8780E-01
 -4.8780E-01
 -4.8780E-01
 -4.8780E-01
 -4.8780E-01
 -4.8780E-01
 -4.8780E-01
 -4.8780E-01
 -4.8780E-01
