Scalar STRAINXY under Static for nodeset
189
   0.0000E+00
  0.0000E+00
  0.0000E+00
  0.0000E+00
  0.0000E+00
  0.0000E+00
  0.0000E+00
  0.0000E+00
  0.0000E+00
  0.0000E+00
 -1.4895E-03
 -1.8600E-15
  1.4895E-03
  6.1895E-15
 -2.0796E-17
 -6.2454E-15
  1.4895E-03
  1.7814E-15
 -1.4895E-03
  6.4925E-03
 -1.5563E-15
 -6.4925E-03
  5.3568E-15
 -7.6814E-17
 -5.4681E-15
 -6.4925E-03
  1.5181E-15
  6.4925E-03
 -9.2234E-04
 -1.6039E-15
  9.2234E-04
  4.6768E-15
  6.8454E-17
 -4.5188E-15
  9.2234E-04
  1.6208E-15
 -9.2234E-04
  3.8189E-05
 -1.8211E-15
 -3.8189E-05
  4.3993E-15
 -1.0320E-16
 -4.7024E-15
 -3.8189E-05
  1.7287E-15
  3.8189E-05
 -1.8476E-06
 -1.5212E-15
  1.8476E-06
  4.3715E-15
  1.5946E-16
 -4.0681E-15
  1.8476E-06
  1.8250E-15
 -1.8476E-06
  4.8624E-07
 -1.5241E-15
 -4.8624E-07
  4.2466E-15
  1.5075E-16
 -3.7314E-15
 -4.8624E-07
  1.4473E-15
  4.8624E-07
  7.7079E-09
 -1.8296E-15
 -7.7079E-09
  2.7894E-15
 -2.6992E-16
 -3.8182E-15
 -7.7079E-09
  1.3119E-15
  7.7079E-09
 -1.1973E-08
 -2.3320E-15
  1.1973E-08
  3.3168E-15
 -1.2839E-16
 -3.2241E-15
  1.1973E-08
  2.2361E-15
 -1.1973E-08
  1.1789E-09
 -1.2718E-15
 -1.1789E-09
  3.1364E-15
  3.1235E-16
 -2.9107E-15
 -1.1789E-09
  1.3384E-15
  1.1789E-09
 -6.0794E-11
 -8.9103E-16
  6.0792E-11
  2.6923E-15
  1.0543E-16
 -2.4976E-15
  6.0798E-11
  1.0460E-15
 -6.0795E-11
  1.0670E-11
 -1.0188E-15
 -1.0672E-11
  1.1102E-15
 -4.1469E-16
 -2.5644E-15
 -1.0665E-11
  9.6246E-16
  1.0667E-11
 -1.2776E-12
 -1.4122E-15
  1.2738E-12
  1.7070E-15
 -3.1718E-16
 -2.2452E-15
  1.2803E-12
  7.0386E-16
 -1.2777E-12
 -2.7311E-14
 -8.2559E-16
  2.6729E-14
  1.7764E-15
 -1.2417E-16
 -1.9309E-15
  3.0670E-14
  1.1010E-15
 -2.9338E-14
  1.3378E-14
 -1.4592E-15
 -1.6598E-14
 -1.3878E-16
 -2.5127E-16
 -9.1056E-16
 -1.5488E-14
  9.7908E-16
  1.6653E-14
 -1.0547E-15
 -8.0395E-16
 -3.0531E-16
  7.2164E-16
 -1.7770E-17
 -9.2758E-16
  3.8580E-15
  9.2242E-16
 -2.5535E-15
 -6.6613E-16
 -7.3598E-16
 -3.3307E-15
 -3.3307E-16
  3.4985E-16
  6.3195E-17
  1.0825E-15
  1.0424E-15
  1.6376E-15
  1.9706E-15
 -1.8513E-16
 -3.6082E-16
  1.1519E-15
 -5.1592E-17
 -8.9530E-16
  7.2164E-16
  9.8902E-16
  0.0000E+00
  1.2490E-15
  1.8274E-15
 -6.9389E-16
  5.5511E-17
  5.3520E-16
  2.8803E-16
  2.2760E-15
 -1.1878E-15
 -2.9698E-15
 -2.1927E-15
 -4.0527E-16
  2.1094E-15
  2.1094E-15
  4.8393E-17
 -1.6472E-15
 -8.8818E-16
 -1.4857E-15
 -2.1094E-15
  2.0262E-15
 -8.9476E-16
 -4.6352E-15
 -3.0670E-15
 -9.8517E-16
  2.5939E-15
 -1.1102E-15
  1.9925E-16
  5.3291E-15
