Scalar STRESSP3 under Static for nodeset
189
   0.0000E+00
 -1.3030E+03
 -1.2037E+03
 -1.3030E+03
 -1.2037E+03
 -1.0988E+03
 -1.2037E+03
 -1.3030E+03
 -1.2037E+03
 -1.3030E+03
 -9.0915E+02
 -9.0690E+02
 -9.0915E+02
 -9.0690E+02
 -9.0444E+02
 -9.0690E+02
 -9.0915E+02
 -9.0690E+02
 -9.0915E+02
 -9.6489E+02
 -1.0017E+03
 -9.6489E+02
 -1.0017E+03
 -1.0409E+03
 -1.0017E+03
 -9.6489E+02
 -1.0017E+03
 -9.6489E+02
 -9.9846E+02
 -1.0011E+03
 -9.9846E+02
 -1.0011E+03
 -1.0036E+03
 -1.0011E+03
 -9.9846E+02
 -1.0011E+03
 -9.9846E+02
 -1.0003E+03
 -1.0003E+03
 -1.0003E+03
 -1.0003E+03
 -9.9918E+02
 -1.0003E+03
 -1.0003E+03
 -1.0003E+03
 -1.0003E+03
 -1.0001E+03
 -9.9993E+02
 -1.0001E+03
 -9.9993E+02
 -1.0000E+03
 -9.9993E+02
 -1.0001E+03
 -9.9993E+02
 -1.0001E+03
 -9.9999E+02
 -1.0000E+03
 -9.9999E+02
 -1.0000E+03
 -1.0000E+03
 -1.0000E+03
 -9.9999E+02
 -1.0000E+03
 -9.9999E+02
 -1.0000E+03
 -1.0000E+03
 -1.0000E+03
 -1.0000E+03
 -1.0000E+03
 -1.0000E+03
 -1.0000E+03
 -1.0000E+03
 -1.0000E+03
 -1.0000E+03
 -1.0000E+03
 -1.0000E+03
 -1.0000E+03
 -1.0000E+03
 -1.0000E+03
 -1.0000E+03
 -1.0000E+03
 -1.0000E+03
 -1.0000E+03
 -1.0000E+03
 -1.0000E+03
 -1.0000E+03
 -1.0000E+03
 -1.0000E+03
 -1.0000E+03
 -1.0000E+03
 -1.0000E+03
 -1.0000E+03
 -1.0000E+03
 -1.0000E+03
 -1.0000E+03
 -1.0000E+03
 -1.0000E+03
 -1.0000E+03
 -1.0000E+03
 -1.0000E+03
 -1.0000E+03
 -1.0000E+03
 -1.0000E+03
 -1.0000E+03
 -1.0000E+03
 -1.0000E+03
 -1.0000E+03
 -1.0000E+03
 -1.0000E+03
 -1.0000E+03
 -1.0000E+03
 -1.0000E+03
 -1.0000E+03
 -1.0000E+03
 -1.0000E+03
 -1.0000E+03
 -1.0000E+03
 -1.0000E+03
 -1.0000E+03
 -1.0000E+03
 -1.0000E+03
 -1.0000E+03
 -1.0000E+03
 -1.0000E+03
 -1.0000E+03
 -1.0000E+03
 -1.0000E+03
 -1.0000E+03
 -1.0000E+03
 -1.0000E+03
 -1.0000E+03
 -1.0000E+03
 -1.0000E+03
 -1.0000E+03
 -1.0000E+03
 -1.0000E+03
 -1.0000E+03
 -1.0000E+03
 -1.0000E+03
 -1.0000E+03
 -1.0000E+03
 -1.0000E+03
 -1.0000E+03
 -1.0000E+03
 -1.0000E+03
 -1.0000E+03
 -1.0000E+03
 -1.0000E+03
 -1.0000E+03
 -1.0000E+03
 -1.0000E+03
 -1.0000E+03
 -1.0000E+03
 -1.0000E+03
 -1.0000E+03
 -1.0000E+03
 -1.0000E+03
 -1.0000E+03
 -1.0000E+03
 -1.0000E+03
 -1.0000E+03
 -1.0000E+03
 -1.0000E+03
 -1.0000E+03
 -1.0000E+03
 -1.0000E+03
 -1.0000E+03
 -1.0000E+03
 -1.0000E+03
 -1.0000E+03
 -1.0000E+03
 -1.0000E+03
 -1.0000E+03
 -1.0000E+03
 -1.0000E+03
 -1.0000E+03
 -1.0000E+03
 -1.0000E+03
 -1.0000E+03
 -1.0000E+03
 -1.0000E+03
 -1.0000E+03
 -1.0000E+03
 -1.0000E+03
 -1.0000E+03
 -1.0000E+03
 -1.0000E+03
 -1.0000E+03
 -1.0000E+03
 -1.0000E+03
