Scalar STRESSP2 under Static for nodeset
189
   0.0000E+00
 -5.4176E+02
 -5.0684E+02
 -5.4176E+02
 -5.0684E+02
 -4.7092E+02
 -5.0684E+02
 -5.4176E+02
 -5.0684E+02
 -5.4176E+02
  6.2091E+01
  6.3224E+01
  6.2091E+01
  6.3224E+01
  6.2052E+01
  6.3224E+01
  6.2091E+01
  6.3224E+01
  6.2091E+01
  1.0662E+01
  2.1426E+00
  1.0662E+01
  2.1426E+00
 -7.3419E+00
  2.1426E+00
  1.0662E+01
  2.1426E+00
  1.0662E+01
  6.4495E-01
 -7.9144E-01
  6.4494E-01
 -7.9144E-01
 -2.1907E+00
 -7.9144E-01
  6.4494E-01
 -7.9144E-01
  6.4495E-01
 -2.8673E-01
 -2.4652E-01
 -2.8672E-01
 -2.4652E-01
  2.8953E-01
 -2.4652E-01
 -2.8677E-01
 -2.4652E-01
 -2.8673E-01
 -2.3045E-02
  2.7961E-02
 -2.3047E-02
  2.7955E-02
 -2.7768E-03
  2.7961E-02
 -2.3041E-02
  2.7955E-02
 -2.3045E-02
  3.0796E-03
 -5.8375E-04
  3.0696E-03
 -5.8853E-04
  4.2797E-04
 -5.8375E-04
  3.1073E-03
 -5.8853E-04
  3.0796E-03
  1.1197E-04
  4.5878E-05
  1.1656E-04
  4.2556E-05
 -2.7476E-04
  4.5878E-05
  1.2078E-04
  4.2556E-05
  1.1197E-04
 -1.4731E-05
 -2.9515E-05
 -1.4784E-05
 -2.9255E-05
  2.6402E-06
 -2.9515E-05
 -2.7196E-05
 -2.9255E-05
 -1.4731E-05
 -2.4460E-05
 -1.0917E-05
 -2.2676E-06
 -1.2971E-05
 -6.6929E-06
 -1.0917E-05
 -7.8079E-05
 -1.2971E-05
 -2.4460E-05
  2.4096E-05
  3.1731E-05
 -1.5703E-05
  2.1014E-05
  3.4072E-05
  3.1731E-05
  7.0947E-05
  2.1014E-05
  2.4096E-05
 -5.4927E-06
 -5.2862E-06
 -8.8051E-06
 -1.6269E-05
 -1.4755E-05
 -5.2861E-06
  2.1935E-05
 -1.6269E-05
 -5.4927E-06
 -1.0251E-05
 -5.3396E-06
 -5.6108E-06
 -6.2198E-07
 -1.6729E-06
 -5.3396E-06
  1.1087E-05
 -6.2197E-07
 -1.0251E-05
 -1.8444E-05
 -8.5072E-06
 -6.3003E-06
  3.2971E-07
 -7.4478E-06
 -8.5072E-06
  2.9840E-05
  3.2971E-07
 -1.8444E-05
  1.6772E-05
  1.1013E-06
  2.6728E-06
 -2.3936E-05
 -1.3063E-05
  1.1013E-06
  1.2821E-04
 -2.3936E-05
  1.6772E-05
 -4.0195E-05
 -6.3401E-05
 -7.7612E-05
 -3.3435E-05
 -5.4809E-05
 -6.3401E-05
 -1.1667E-06
 -3.3435E-05
 -4.0195E-05
 -5.6695E-05
 -1.0151E-06
 -7.3396E-06
 -1.0953E-05
 -1.4634E-05
 -1.0151E-06
 -1.3749E-04
 -1.0953E-05
 -5.6695E-05
  9.6546E-06
 -8.3211E-06
 -9.5454E-06
  3.3001E-06
 -2.2044E-06
 -8.3211E-06
 -2.1567E-05
  3.3001E-06
  9.6546E-06
  5.3599E-07
  4.3595E-07
 -2.6225E-06
 -6.8722E-07
 -1.5443E-07
  4.3595E-07
  1.5850E-06
 -6.8722E-07
  5.3599E-07
  6.3416E-09
 -8.8803E-08
  1.5623E-07
 -1.9985E-08
 -1.5999E-07
 -8.8800E-08
 -1.3249E-07
 -1.9983E-08
  6.3332E-09
 -2.0353E-07
 -7.3463E-08
  7.3963E-08
 -7.2402E-08
 -4.7455E-08
 -7.3466E-08
  8.0350E-08
 -7.2406E-08
 -2.0353E-07
