Scalar STRAINP1 under Static for nodeset
189
   0.0000E+00
  2.4657E-02
  1.3339E-02
  2.4657E-02
  1.3339E-02
  2.1071E-28
  1.3339E-02
  2.4657E-02
  1.3339E-02
  2.4657E-02
  1.5659E-01
  1.5435E-01
  1.5659E-01
  1.5435E-01
  1.5355E-01
  1.5435E-01
  1.5659E-01
  1.5435E-01
  1.5659E-01
  1.4982E-01
  1.4983E-01
  1.4982E-01
  1.4983E-01
  1.4982E-01
  1.4983E-01
  1.4982E-01
  1.4983E-01
  1.4982E-01
  1.4705E-01
  1.4658E-01
  1.4705E-01
  1.4658E-01
  1.4612E-01
  1.4658E-01
  1.4705E-01
  1.4658E-01
  1.4705E-01
  1.4632E-01
  1.4632E-01
  1.4632E-01
  1.4632E-01
  1.4632E-01
  1.4632E-01
  1.4632E-01
  1.4632E-01
  1.4632E-01
  1.4634E-01
  1.4634E-01
  1.4634E-01
  1.4634E-01
  1.4634E-01
  1.4634E-01
  1.4634E-01
  1.4634E-01
  1.4634E-01
  1.4634E-01
  1.4634E-01
  1.4634E-01
  1.4634E-01
  1.4634E-01
  1.4634E-01
  1.4634E-01
  1.4634E-01
  1.4634E-01
  1.4634E-01
  1.4634E-01
  1.4634E-01
  1.4634E-01
  1.4634E-01
  1.4634E-01
  1.4634E-01
  1.4634E-01
  1.4634E-01
  1.4634E-01
  1.4634E-01
  1.4634E-01
  1.4634E-01
  1.4634E-01
  1.4634E-01
  1.4634E-01
  1.4634E-01
  1.4634E-01
  1.4634E-01
  1.4634E-01
  1.4634E-01
  1.4634E-01
  1.4634E-01
  1.4634E-01
  1.4634E-01
  1.4634E-01
  1.4634E-01
  1.4634E-01
  1.4634E-01
  1.4634E-01
  1.4634E-01
  1.4634E-01
  1.4634E-01
  1.4634E-01
  1.4634E-01
  1.4634E-01
  1.4634E-01
  1.4634E-01
  1.4634E-01
  1.4634E-01
  1.4634E-01
  1.4634E-01
  1.4634E-01
  1.4634E-01
  1.4634E-01
  1.4634E-01
  1.4634E-01
  1.4634E-01
  1.4634E-01
  1.4634E-01
  1.4634E-01
  1.4634E-01
  1.4634E-01
  1.4634E-01
  1.4634E-01
  1.4634E-01
  1.4634E-01
  1.4634E-01
  1.4634E-01
  1.4634E-01
  1.4634E-01
  1.4634E-01
  1.4634E-01
  1.4634E-01
  1.4634E-01
  1.4634E-01
  1.4634E-01
  1.4634E-01
  1.4634E-01
  1.4634E-01
  1.4634E-01
  1.4634E-01
  1.4634E-01
  1.4634E-01
  1.4634E-01
  1.4634E-01
  1.4634E-01
  1.4634E-01
  1.4634E-01
  1.4634E-01
  1.4634E-01
  1.4634E-01
  1.4634E-01
  1.4634E-01
  1.4634E-01
  1.4634E-01
  1.4634E-01
  1.4634E-01
  1.4634E-01
  1.4634E-01
  1.4634E-01
  1.4634E-01
  1.4634E-01
  1.4634E-01
  1.4634E-01
  1.4634E-01
  1.4634E-01
  1.4634E-01
  1.4634E-01
  1.4634E-01
  1.4634E-01
  1.4634E-01
  1.4634E-01
  1.4634E-01
  1.4634E-01
  1.4634E-01
  1.4634E-01
  1.4634E-01
  1.4634E-01
  1.4634E-01
  1.4634E-01
  1.4634E-01
  1.4634E-01
  1.4634E-01
  1.4634E-01
  1.4634E-01
  1.4634E-01
  1.4634E-01
  1.4634E-01
  1.4634E-01
  1.4634E-01
  1.4634E-01
  1.4634E-01
  1.4634E-01
  1.4634E-01
  1.4634E-01
