Scalar STRAINXY under Static for nodeset
189
   0.0000E+00
  0.0000E+00
  0.0000E+00
  0.0000E+00
  0.0000E+00
  0.0000E+00
  0.0000E+00
  0.0000E+00
  0.0000E+00
  0.0000E+00
 -1.4895E-03
 -8.4889E-12
  1.4895E-03
  3.9056E-12
 -3.2982E-17
 -3.9057E-12
  1.4895E-03
  8.4888E-12
 -1.4895E-03
  6.4925E-03
 -1.4043E-11
 -6.4925E-03
  2.6798E-11
 -5.4881E-17
 -2.6798E-11
 -6.4925E-03
  1.4042E-11
  6.4925E-03
 -9.2234E-04
 -1.1532E-11
  9.2234E-04
  5.7928E-11
 -6.3543E-17
 -5.7928E-11
  9.2234E-04
  1.1532E-11
 -9.2234E-04
  3.8188E-05
 -1.2869E-12
 -3.8188E-05
  5.6729E-11
  6.0355E-17
 -5.6729E-11
 -3.8188E-05
  1.2870E-12
  3.8188E-05
 -1.8465E-06
  1.0437E-11
  1.8465E-06
  2.4213E-12
  8.7893E-18
 -2.4212E-12
  1.8465E-06
 -1.0437E-11
 -1.8465E-06
  4.8674E-07
  1.5446E-11
 -4.8675E-07
 -7.0162E-11
  8.0847E-17
  7.0162E-11
 -4.8672E-07
 -1.5446E-11
  4.8673E-07
  7.3512E-09
  1.1734E-11
 -7.3554E-09
 -9.6094E-11
  8.6420E-17
  9.6095E-11
 -7.3206E-09
 -1.1734E-11
  7.3248E-09
 -1.3257E-08
  5.7062E-12
  1.3255E-08
 -4.5628E-11
  9.3106E-17
  4.5628E-11
  1.3272E-08
 -5.7060E-12
 -1.3269E-08
  1.9550E-09
  4.2847E-12
 -1.9569E-09
  4.4230E-11
  1.9958E-16
 -4.4230E-11
 -1.9696E-09
 -4.2844E-12
  1.9714E-09
  1.8237E-09
  6.2733E-12
 -1.8257E-09
  1.0753E-10
  3.1415E-17
 -1.0753E-10
 -1.8596E-09
 -6.2732E-12
  1.8616E-09
 -2.7006E-09
  4.6045E-12
  2.6993E-09
  1.0965E-10
 -2.1253E-16
 -1.0965E-10
  2.6628E-09
 -4.6050E-12
 -2.6615E-09
  2.0760E-09
 -3.2562E-12
 -2.0748E-09
  6.4722E-11
 -4.2655E-16
 -6.4723E-11
 -2.0993E-09
  3.2557E-12
  2.0981E-09
 -2.5062E-09
 -1.0845E-11
  2.5097E-09
  7.7555E-12
 -2.2077E-16
 -7.7557E-12
  2.5022E-09
  1.0845E-11
 -2.5057E-09
  2.3034E-09
 -1.0152E-11
 -2.3002E-09
 -3.2764E-11
 -1.9715E-16
  3.2763E-11
 -2.2933E-09
  1.0151E-11
  2.2901E-09
 -2.1706E-09
 -9.0191E-13
  2.1708E-09
 -3.9997E-11
 -2.8140E-16
  3.9996E-11
  2.1830E-09
  9.0189E-13
 -2.1833E-09
  1.4329E-09
  9.7970E-12
 -1.4362E-09
 -9.6290E-12
 -1.2221E-16
  9.6290E-12
 -1.4307E-09
 -9.7978E-12
  1.4340E-09
 -6.9446E-10
  1.5269E-11
  6.8922E-10
  4.2031E-11
  2.2633E-16
 -4.2031E-11
  6.7975E-10
 -1.5268E-11
 -6.7450E-10
  1.5548E-09
  1.4167E-11
 -1.5598E-09
  7.9151E-11
 -3.6199E-17
 -7.9151E-11
 -1.5811E-09
 -1.4167E-11
  1.5861E-09
 -4.4918E-10
  8.7341E-12
  4.4598E-10
  6.9084E-11
 -4.1859E-16
 -6.9085E-11
  4.2596E-10
 -8.7358E-12
 -4.2277E-10
 -1.1056E-09
  1.7174E-12
  1.1047E-09
  1.5221E-11
  1.6031E-16
 -1.5221E-11
  1.0977E-09
 -1.7165E-12
 -1.0967E-09
