Scalar STRESSP1 under Static for nodeset
189
   0.0000E+00
 -5.0287E+02
 -4.8580E+02
 -5.0287E+02
 -4.8580E+02
 -4.7092E+02
 -4.8580E+02
 -5.0287E+02
 -4.8580E+02
 -5.0287E+02
  6.6886E+01
  6.3322E+01
  6.6886E+01
  6.3322E+01
  6.2052E+01
  6.3322E+01
  6.6886E+01
  6.3322E+01
  6.6886E+01
  2.0865E+01
  7.2784E+00
  2.0865E+01
  7.2784E+00
 -7.3419E+00
  7.2784E+00
  2.0865E+01
  7.2784E+00
  2.0865E+01
  2.0994E+00
 -6.4744E-02
  2.0994E+00
 -6.4744E-02
 -2.1907E+00
 -6.4744E-02
  2.0994E+00
 -6.4744E-02
  2.0994E+00
 -2.2650E-01
 -2.1641E-01
 -2.2650E-01
 -2.1641E-01
  2.8954E-01
 -2.1641E-01
 -2.2650E-01
 -2.1641E-01
 -2.2650E-01
 -2.0119E-02
  2.9430E-02
 -2.0119E-02
  2.9430E-02
 -2.7552E-03
  2.9430E-02
 -2.0119E-02
  2.9430E-02
 -2.0119E-02
  3.8347E-03
 -1.9692E-04
  3.8347E-03
 -1.9733E-04
  4.2417E-04
 -1.9718E-04
  3.8345E-03
 -1.9760E-04
  3.8345E-03
  1.2847E-04
  5.0597E-05
  1.2850E-04
  5.0073E-05
 -2.7500E-04
  5.0186E-05
  1.2820E-04
  4.9661E-05
  1.2823E-04
  4.6890E-06
 -1.7232E-05
  4.7009E-06
 -1.7358E-05
  1.9018E-06
 -1.7333E-05
  4.5834E-06
 -1.7459E-05
  4.5953E-06
 -4.6608E-06
  8.1714E-07
 -4.6489E-06
  1.0121E-06
  4.3209E-06
  1.0529E-06
 -4.5371E-06
  1.2463E-06
 -4.5253E-06
  3.8823E-07
 -1.3659E-07
  4.0585E-07
  3.6001E-07
  1.7692E-06
  4.2074E-07
  6.8928E-07
  9.0751E-07
  7.0674E-07
  6.3439E-06
  7.2192E-07
  6.3549E-06
  9.7968E-07
 -1.6407E-06
  1.0032E-06
  6.5911E-06
  1.2539E-06
  6.6020E-06
 -3.1316E-07
 -1.0189E-06
 -3.2227E-07
 -6.8912E-07
  1.5887E-06
 -7.2052E-07
 -1.3260E-07
 -3.9390E-07
 -1.4167E-07
  3.9794E-06
  2.5528E-06
  3.9544E-06
  2.5953E-06
 -1.9737E-06
  2.5416E-06
  3.9941E-06
  2.5841E-06
  3.9692E-06
 -2.3315E-06
  1.3572E-06
 -2.3600E-06
  1.2463E-06
  8.8070E-07
  1.1473E-06
 -2.4239E-06
  1.0357E-06
 -2.4524E-06
  5.2283E-06
  1.4713E-06
  5.2261E-06
  1.3741E-06
 -1.0124E-06
  1.3693E-06
  5.1353E-06
  1.2708E-06
  5.1331E-06
 -4.2281E-07
 -3.6545E-07
 -3.9543E-07
 -4.6101E-07
  1.1846E-06
 -3.6600E-07
 -4.5026E-07
 -4.6155E-07
 -4.2285E-07
  1.5746E-06
  4.5961E-07
  1.6092E-06
  5.2569E-07
 -6.4005E-07
  6.0003E-07
  1.6690E-06
  6.6258E-07
  1.7032E-06
 -1.4809E-06
  3.4512E-08
 -1.4411E-06
  3.5386E-07
  8.4790E-07
  4.9080E-07
 -1.2588E-06
  8.0408E-07
 -1.2193E-06
  8.9569E-07
 -4.9696E-07
  9.1520E-07
 -3.4272E-07
  7.1442E-08
 -3.0053E-07
  1.0520E-06
 -1.6283E-07
  1.0709E-06
  3.7101E-06
  5.8944E-07
  3.7136E-06
  6.2375E-07
  6.9653E-07
  6.3132E-07
  3.7438E-06
  6.6530E-07
  3.7473E-06
