Scalar DX under Static for nodeset
189
   0.0000E+00
  0.0000E+00
  0.0000E+00
  0.0000E+00
  0.0000E+00
  0.0000E+00
  0.0000E+00
  0.0000E+00
  0.0000E+00
  0.0000E+00
 -7.7145E-02
 -7.6773E-02
 -7.7145E-02
 -1.1920E-14
 -1.3510E-14
 -7.4935E-15
  7.7145E-02
  7.6773E-02
  7.7145E-02
 -7.3287E-02
 -7.4910E-02
 -7.3287E-02
 -5.4412E-14
 -5.3933E-14
 -4.5603E-14
  7.3287E-02
  7.4910E-02
  7.3287E-02
 -7.3292E-02
 -7.3062E-02
 -7.3292E-02
 -1.2185E-13
 -1.1894E-13
 -1.0876E-13
  7.3292E-02
  7.3062E-02
  7.3292E-02
 -7.3151E-02
 -7.3160E-02
 -7.3151E-02
 -2.1318E-13
 -2.0789E-13
 -1.9574E-13
  7.3151E-02
  7.3160E-02
  7.3151E-02
 -7.3171E-02
 -7.3171E-02
 -7.3171E-02
 -3.2697E-13
 -3.1905E-13
 -3.0506E-13
  7.3171E-02
  7.3171E-02
  7.3171E-02
 -7.3171E-02
 -7.3171E-02
 -7.3171E-02
 -4.6102E-13
 -4.5088E-13
 -4.3486E-13
  7.3171E-02
  7.3171E-02
  7.3171E-02
 -7.3171E-02
 -7.3171E-02
 -7.3171E-02
 -6.1341E-13
 -6.0127E-13
 -5.8325E-13
  7.3171E-02
  7.3171E-02
  7.3171E-02
 -7.3171E-02
 -7.3171E-02
 -7.3171E-02
 -7.8302E-13
 -7.6796E-13
 -7.4894E-13
  7.3171E-02
  7.3171E-02
  7.3171E-02
 -7.3171E-02
 -7.3171E-02
 -7.3171E-02
 -9.6794E-13
 -9.5077E-13
 -9.2916E-13
  7.3171E-02
  7.3171E-02
  7.3171E-02
 -7.3171E-02
 -7.3171E-02
 -7.3171E-02
 -1.1666E-12
 -1.1468E-12
 -1.1232E-12
  7.3171E-02
  7.3171E-02
  7.3171E-02
 -7.3171E-02
 -7.3171E-02
 -7.3171E-02
 -1.3765E-12
 -1.3544E-12
 -1.3292E-12
  7.3171E-02
  7.3171E-02
  7.3171E-02
 -7.3171E-02
 -7.3171E-02
 -7.3171E-02
 -1.5960E-12
 -1.5718E-12
 -1.5454E-12
  7.3171E-02
  7.3171E-02
  7.3171E-02
 -7.3171E-02
 -7.3171E-02
 -7.3171E-02
 -1.8227E-12
 -1.7973E-12
 -1.7687E-12
  7.3171E-02
  7.3171E-02
  7.3171E-02
 -7.3171E-02
 -7.3171E-02
 -7.3171E-02
 -2.0571E-12
 -2.0295E-12
 -2.0007E-12
  7.3171E-02
  7.3171E-02
  7.3171E-02
 -7.3171E-02
 -7.3171E-02
 -7.3171E-02
 -2.2978E-12
 -2.2698E-12
 -2.2397E-12
  7.3171E-02
  7.3171E-02
  7.3171E-02
 -7.3171E-02
 -7.3171E-02
 -7.3171E-02
 -2.5454E-12
 -2.5160E-12
 -2.4858E-12
  7.3171E-02
  7.3171E-02
  7.3171E-02
 -7.3171E-02
 -7.3171E-02
 -7.3171E-02
 -2.7964E-12
 -2.7667E-12
 -2.7359E-12
  7.3171E-02
  7.3171E-02
  7.3171E-02
 -7.3171E-02
 -7.3171E-02
 -7.3171E-02
 -3.0500E-12
 -3.0188E-12
 -2.9884E-12
  7.3171E-02
  7.3171E-02
  7.3171E-02
 -7.3171E-02
 -7.3171E-02
 -7.3171E-02
 -3.3020E-12
 -3.2711E-12
 -3.2402E-12
  7.3171E-02
  7.3171E-02
  7.3171E-02
 -7.3171E-02
 -7.3171E-02
 -7.3171E-02
 -3.5544E-12
 -3.5227E-12
 -3.4923E-12
  7.3171E-02
  7.3171E-02
  7.3171E-02
