Scalar DZ under Static for nodeset
189
   0.0000E+00
  0.0000E+00
  0.0000E+00
  0.0000E+00
  0.0000E+00
  0.0000E+00
  0.0000E+00
  0.0000E+00
  0.0000E+00
  0.0000E+00
 -2.2904E-01
 -2.1427E-01
 -2.2904E-01
 -2.1427E-01
 -1.9909E-01
 -2.1427E-01
 -2.2904E-01
 -2.1427E-01
 -2.2904E-01
 -4.6081E-01
 -4.6010E-01
 -4.6081E-01
 -4.6010E-01
 -4.5935E-01
 -4.6010E-01
 -4.6081E-01
 -4.6010E-01
 -4.6081E-01
 -7.0430E-01
 -7.0429E-01
 -7.0430E-01
 -7.0429E-01
 -7.0470E-01
 -7.0429E-01
 -7.0430E-01
 -7.0429E-01
 -7.0430E-01
 -9.4827E-01
 -9.4831E-01
 -9.4827E-01
 -9.4831E-01
 -9.4828E-01
 -9.4831E-01
 -9.4827E-01
 -9.4831E-01
 -9.4827E-01
 -1.1922E+00
 -1.1922E+00
 -1.1922E+00
 -1.1922E+00
 -1.1922E+00
 -1.1922E+00
 -1.1922E+00
 -1.1922E+00
 -1.1922E+00
 -1.4361E+00
 -1.4361E+00
 -1.4361E+00
 -1.4361E+00
 -1.4361E+00
 -1.4361E+00
 -1.4361E+00
 -1.4361E+00
 -1.4361E+00
 -1.6800E+00
 -1.6800E+00
 -1.6800E+00
 -1.6800E+00
 -1.6800E+00
 -1.6800E+00
 -1.6800E+00
 -1.6800E+00
 -1.6800E+00
 -1.9239E+00
 -1.9239E+00
 -1.9239E+00
 -1.9239E+00
 -1.9239E+00
 -1.9239E+00
 -1.9239E+00
 -1.9239E+00
 -1.9239E+00
 -2.1678E+00
 -2.1678E+00
 -2.1678E+00
 -2.1678E+00
 -2.1678E+00
 -2.1678E+00
 -2.1678E+00
 -2.1678E+00
 -2.1678E+00
 -2.4117E+00
 -2.4117E+00
 -2.4117E+00
 -2.4117E+00
 -2.4117E+00
 -2.4117E+00
 -2.4117E+00
 -2.4117E+00
 -2.4117E+00
 -2.6556E+00
 -2.6556E+00
 -2.6556E+00
 -2.6556E+00
 -2.6556E+00
 -2.6556E+00
 -2.6556E+00
 -2.6556E+00
 -2.6556E+00
 -2.8995E+00
 -2.8995E+00
 -2.8995E+00
 -2.8995E+00
 -2.8995E+00
 -2.8995E+00
 -2.8995E+00
 -2.8995E+00
 -2.8995E+00
 -3.1434E+00
 -3.1434E+00
 -3.1434E+00
 -3.1434E+00
 -3.1434E+00
 -3.1434E+00
 -3.1434E+00
 -3.1434E+00
 -3.1434E+00
 -3.3873E+00
 -3.3873E+00
 -3.3873E+00
 -3.3873E+00
 -3.3873E+00
 -3.3873E+00
 -3.3873E+00
 -3.3873E+00
 -3.3873E+00
 -3.6312E+00
 -3.6312E+00
 -3.6312E+00
 -3.6312E+00
 -3.6312E+00
 -3.6312E+00
 -3.6312E+00
 -3.6312E+00
 -3.6312E+00
 -3.8751E+00
 -3.8751E+00
 -3.8751E+00
 -3.8751E+00
 -3.8751E+00
 -3.8751E+00
 -3.8751E+00
 -3.8751E+00
 -3.8751E+00
 -4.1190E+00
 -4.1190E+00
 -4.1190E+00
 -4.1190E+00
 -4.1190E+00
 -4.1190E+00
 -4.1190E+00
 -4.1190E+00
 -4.1190E+00
 -4.3629E+00
 -4.3629E+00
 -4.3629E+00
 -4.3629E+00
 -4.3629E+00
 -4.3629E+00
 -4.3629E+00
 -4.3629E+00
 -4.3629E+00
 -4.6068E+00
 -4.6068E+00
 -4.6068E+00
 -4.6068E+00
 -4.6068E+00
 -4.6068E+00
 -4.6068E+00
 -4.6068E+00
 -4.6068E+00
 -4.8507E+00
 -4.8507E+00
 -4.8507E+00
 -4.8507E+00
 -4.8507E+00
 -4.8507E+00
 -4.8507E+00
 -4.8507E+00
 -4.8507E+00
