Scalar STRAINXX under Static for nodeset
189
   0.0000E+00
  0.0000E+00
  0.0000E+00
  0.0000E+00
  0.0000E+00
  0.0000E+00
  0.0000E+00
  0.0000E+00
  0.0000E+00
  0.0000E+00
  1.5429E-01
  1.5355E-01
  1.5429E-01
  1.5429E-01
  1.5355E-01
  1.5429E-01
  1.5429E-01
  1.5355E-01
  1.5429E-01
  1.4657E-01
  1.4982E-01
  1.4657E-01
  1.4657E-01
  1.4982E-01
  1.4657E-01
  1.4657E-01
  1.4982E-01
  1.4657E-01
  1.4658E-01
  1.4612E-01
  1.4658E-01
  1.4658E-01
  1.4612E-01
  1.4658E-01
  1.4658E-01
  1.4612E-01
  1.4658E-01
  1.4630E-01
  1.4632E-01
  1.4630E-01
  1.4630E-01
  1.4632E-01
  1.4630E-01
  1.4630E-01
  1.4632E-01
  1.4630E-01
  1.4634E-01
  1.4634E-01
  1.4634E-01
  1.4634E-01
  1.4634E-01
  1.4634E-01
  1.4634E-01
  1.4634E-01
  1.4634E-01
  1.4634E-01
  1.4634E-01
  1.4634E-01
  1.4634E-01
  1.4634E-01
  1.4634E-01
  1.4634E-01
  1.4634E-01
  1.4634E-01
  1.4634E-01
  1.4634E-01
  1.4634E-01
  1.4634E-01
  1.4634E-01
  1.4634E-01
  1.4634E-01
  1.4634E-01
  1.4634E-01
  1.4634E-01
  1.4634E-01
  1.4634E-01
  1.4634E-01
  1.4634E-01
  1.4634E-01
  1.4634E-01
  1.4634E-01
  1.4634E-01
  1.4634E-01
  1.4634E-01
  1.4634E-01
  1.4634E-01
  1.4634E-01
  1.4634E-01
  1.4634E-01
  1.4634E-01
  1.4634E-01
  1.4634E-01
  1.4634E-01
  1.4634E-01
  1.4634E-01
  1.4634E-01
  1.4634E-01
  1.4634E-01
  1.4634E-01
  1.4634E-01
  1.4634E-01
  1.4634E-01
  1.4634E-01
  1.4634E-01
  1.4634E-01
  1.4634E-01
  1.4634E-01
  1.4634E-01
  1.4634E-01
  1.4634E-01
  1.4634E-01
  1.4634E-01
  1.4634E-01
  1.4634E-01
  1.4634E-01
  1.4634E-01
  1.4634E-01
  1.4634E-01
  1.4634E-01
  1.4634E-01
  1.4634E-01
  1.4634E-01
  1.4634E-01
  1.4634E-01
  1.4634E-01
  1.4634E-01
  1.4634E-01
  1.4634E-01
  1.4634E-01
  1.4634E-01
  1.4634E-01
  1.4634E-01
  1.4634E-01
  1.4634E-01
  1.4634E-01
  1.4634E-01
  1.4634E-01
  1.4634E-01
  1.4634E-01
  1.4634E-01
  1.4634E-01
  1.4634E-01
  1.4634E-01
  1.4634E-01
  1.4634E-01
  1.4634E-01
  1.4634E-01
  1.4634E-01
  1.4634E-01
  1.4634E-01
  1.4634E-01
  1.4634E-01
  1.4634E-01
  1.4634E-01
  1.4634E-01
  1.4634E-01
  1.4634E-01
  1.4634E-01
  1.4634E-01
  1.4634E-01
  1.4634E-01
  1.4634E-01
  1.4634E-01
  1.4634E-01
  1.4634E-01
  1.4634E-01
  1.4634E-01
  1.4634E-01
  1.4634E-01
  1.4634E-01
  1.4634E-01
  1.4634E-01
  1.4634E-01
  1.4634E-01
  1.4634E-01
  1.4634E-01
  1.4634E-01
  1.4634E-01
  1.4634E-01
  1.4634E-01
  1.4634E-01
  1.4634E-01
  1.4634E-01
  1.4634E-01
  1.4634E-01
  1.4634E-01
  1.4634E-01
  1.4634E-01
  1.4634E-01
  1.4634E-01
