Scalar DY under Static for nodeset
189
   0.0000E+00
  0.0000E+00
  0.0000E+00
  0.0000E+00
  0.0000E+00
  0.0000E+00
  0.0000E+00
  0.0000E+00
  0.0000E+00
  0.0000E+00
  7.7145E-02
  1.6161E-12
 -7.7145E-02
  7.6773E-02
  6.2934E-12
 -7.6773E-02
  7.7145E-02
  1.6159E-12
 -7.7145E-02
  7.3287E-02
  4.9267E-12
 -7.3287E-02
  7.4910E-02
  1.8958E-11
 -7.4910E-02
  7.3287E-02
  4.9263E-12
 -7.3287E-02
  7.3292E-02
  9.9165E-12
 -7.3292E-02
  7.3062E-02
  3.7973E-11
 -7.3062E-02
  7.3292E-02
  9.9162E-12
 -7.3292E-02
  7.3151E-02
  1.4698E-11
 -7.3151E-02
  7.3160E-02
  5.6143E-11
 -7.3160E-02
  7.3151E-02
  1.4698E-11
 -7.3151E-02
  7.3171E-02
  1.6556E-11
 -7.3171E-02
  7.3171E-02
  6.3185E-11
 -7.3171E-02
  7.3171E-02
  1.6556E-11
 -7.3171E-02
  7.3171E-02
  1.4203E-11
 -7.3171E-02
  7.3171E-02
  5.4263E-11
 -7.3171E-02
  7.3171E-02
  1.4204E-11
 -7.3171E-02
  7.3171E-02
  9.4472E-12
 -7.3171E-02
  7.3171E-02
  3.6267E-11
 -7.3171E-02
  7.3171E-02
  9.4483E-12
 -7.3171E-02
  7.3171E-02
  6.3730E-12
 -7.3171E-02
  7.3171E-02
  2.4653E-11
 -7.3171E-02
  7.3171E-02
  6.3744E-12
 -7.3171E-02
  7.3171E-02
  7.8461E-12
 -7.3171E-02
  7.3171E-02
  3.0226E-11
 -7.3171E-02
  7.3171E-02
  7.8480E-12
 -7.3171E-02
  7.3171E-02
  1.2511E-11
 -7.3171E-02
  7.3171E-02
  4.7848E-11
 -7.3171E-02
  7.3171E-02
  1.2513E-11
 -7.3171E-02
  7.3171E-02
  1.5846E-11
 -7.3171E-02
  7.3171E-02
  6.0442E-11
 -7.3171E-02
  7.3171E-02
  1.5848E-11
 -7.3171E-02
  7.3171E-02
  1.4552E-11
 -7.3171E-02
  7.3171E-02
  5.5547E-11
 -7.3171E-02
  7.3171E-02
  1.4556E-11
 -7.3171E-02
  7.3171E-02
  9.6896E-12
 -7.3171E-02
  7.3171E-02
  3.7147E-11
 -7.3171E-02
  7.3171E-02
  9.6939E-12
 -7.3171E-02
  7.3171E-02
  5.4181E-12
 -7.3171E-02
  7.3171E-02
  2.0956E-11
 -7.3171E-02
  7.3171E-02
  5.4230E-12
 -7.3171E-02
  7.3171E-02
  4.9754E-12
 -7.3171E-02
  7.3171E-02
  1.9237E-11
 -7.3171E-02
  7.3171E-02
  4.9809E-12
 -7.3171E-02
  7.3171E-02
  7.9712E-12
 -7.3171E-02
  7.3171E-02
  3.0543E-11
 -7.3171E-02
  7.3171E-02
  7.9775E-12
 -7.3171E-02
  7.3171E-02
  1.1178E-11
 -7.3171E-02
  7.3171E-02
  4.2679E-11
 -7.3171E-02
  7.3171E-02
  1.1185E-11
 -7.3171E-02
  7.3171E-02
  1.1459E-11
 -7.3171E-02
  7.3171E-02
  4.3711E-11
 -7.3171E-02
  7.3171E-02
  1.1467E-11
 -7.3171E-02
  7.3171E-02
  7.7867E-12
 -7.3171E-02
  7.3171E-02
  2.9729E-11
 -7.3171E-02
  7.3171E-02
  7.7959E-12
 -7.3171E-02
  7.3171E-02
  1.4195E-12
 -7.3171E-02
  7.3171E-02
  5.8511E-12
 -7.3171E-02
  7.3171E-02
  1.4284E-12
 -7.3171E-02
