Scalar STRAINXY under Static for nodeset
189
   0.0000E+00
  0.0000E+00
  0.0000E+00
  0.0000E+00
  0.0000E+00
  0.0000E+00
  0.0000E+00
  0.0000E+00
  0.0000E+00
  0.0000E+00
 -1.4895E-03
 -1.3444E-15
  1.4895E-03
 -9.6173E-15
 -1.0020E-16
  9.4582E-15
  1.4895E-03
  1.1725E-15
 -1.4895E-03
  6.4925E-03
 -1.0001E-15
 -6.4925E-03
 -8.0769E-15
 -1.1769E-16
  7.9899E-15
 -6.4925E-03
  6.9432E-16
  6.4925E-03
 -9.2234E-04
 -9.9226E-16
  9.2234E-04
 -7.4107E-15
 -1.1384E-17
  7.4294E-15
  9.2234E-04
  7.5287E-16
 -9.2234E-04
  3.8189E-05
 -1.0199E-15
 -3.8189E-05
 -6.8140E-15
  7.5483E-17
  7.0673E-15
 -3.8189E-05
  1.2388E-15
  3.8189E-05
 -1.8476E-06
 -3.8489E-16
  1.8476E-06
 -6.6752E-15
  7.1015E-18
  6.7493E-15
  1.8476E-06
  3.8684E-16
 -1.8476E-06
  4.8624E-07
 -2.7756E-16
 -4.8624E-07
 -5.7593E-15
  5.4533E-17
  5.8922E-15
 -4.8624E-07
  5.2042E-16
  4.8624E-07
  7.7079E-09
 -3.0531E-16
 -7.7079E-09
 -4.7462E-15
 -1.2878E-16
  4.9070E-15
 -7.7079E-09
 -5.0307E-16
  7.7079E-09
 -1.1973E-08
 -1.9082E-16
  1.1973E-08
 -5.1209E-15
  4.8523E-16
  5.9116E-15
  1.1973E-08
  9.9226E-16
 -1.1973E-08
  1.1789E-09
 -1.6088E-16
 -1.1789E-09
 -3.9413E-15
 -9.2057E-17
  3.9899E-15
 -1.1789E-09
  4.7401E-16
  1.1789E-09
 -6.0799E-11
  2.1858E-16
  6.0800E-11
 -3.6221E-15
 -2.0687E-16
  3.1370E-15
  6.0791E-11
 -4.9656E-16
 -6.0793E-11
  1.0666E-11
  2.8276E-16
 -1.0666E-11
 -3.1086E-15
 -1.6388E-16
  2.5448E-15
 -1.0672E-11
 -1.3357E-16
  1.0672E-11
 -1.2770E-12
  1.3600E-15
  1.2784E-12
 -3.0392E-15
  1.0972E-16
  3.0948E-15
  1.2717E-12
 -1.5682E-15
 -1.2738E-12
 -3.1669E-14
  1.9429E-16
  3.1697E-14
 -1.3878E-15
 -7.2078E-16
  1.9600E-16
  2.7922E-14
 -1.4572E-15
 -2.9976E-14
  1.3323E-14
 -1.5063E-16
 -1.3156E-14
 -4.1078E-15
 -3.0645E-16
  3.1460E-15
 -1.8707E-14
  2.9143E-16
  1.8152E-14
 -6.1062E-16
  1.1102E-16
  3.0531E-15
 -1.1241E-15
  3.3716E-16
  1.5651E-15
 -2.5813E-15
  3.0531E-16
  5.2736E-16
 -1.1102E-15
  4.0939E-16
 -3.3307E-16
 -1.6931E-15
  4.3411E-16
  1.9344E-15
 -1.7208E-15
 -9.7145E-17
  2.5258E-15
  3.6082E-16
 -6.9389E-17
  2.1649E-15
  3.3307E-16
 -2.4282E-16
  4.1174E-16
  6.6613E-16
 -1.1449E-16
 -1.0825E-15
 -1.0270E-15
  4.8572E-16
  1.6653E-16
 -2.7756E-17
  8.6529E-17
 -4.5548E-16
  1.3878E-15
  3.1919E-16
 -2.7756E-16
 -2.7756E-17
  6.5573E-16
 -2.2760E-15
  7.3552E-16
  1.7079E-16
 -1.0579E-15
 -9.1593E-16
 -1.2906E-15
  6.9389E-16
 -1.7486E-15
  5.8287E-16
  4.7462E-15
 -2.1927E-15
  9.5828E-16
  3.6563E-15
  4.4409E-16
  1.4225E-16
 -2.9421E-15
