Scalar STRAINXZ under Static for nodeset
189
   0.0000E+00
 -1.5429E-01
 -1.5355E-01
 -1.5429E-01
 -4.6446E-12
 -1.7689E-11
 -4.6448E-12
  1.5429E-01
  1.5355E-01
  1.5429E-01
 -4.3762E-02
 -4.4540E-02
 -4.3762E-02
 -3.5623E-12
 -1.3111E-11
 -3.5625E-12
  4.3762E-02
  4.4540E-02
  4.3762E-02
  5.2726E-03
  5.2048E-03
  5.2726E-03
  1.8645E-12
  6.9608E-12
  1.8646E-12
 -5.2726E-03
 -5.2048E-03
 -5.2726E-03
  1.6474E-04
  9.3183E-04
  1.6474E-04
  4.6675E-12
  1.7270E-11
  4.6681E-12
 -1.6474E-04
 -9.3183E-04
 -1.6474E-04
  3.3382E-05
 -5.8105E-05
  3.3382E-05
  4.8859E-13
  1.5908E-12
  4.8968E-13
 -3.3382E-05
  5.8105E-05
 -3.3382E-05
 -1.2689E-05
 -1.1203E-05
 -1.2689E-05
 -7.6632E-12
 -2.8897E-11
 -7.6613E-12
  1.2689E-05
  1.1203E-05
  1.2689E-05
  4.5282E-07
  4.0705E-07
  4.5282E-07
 -1.2115E-11
 -4.5489E-11
 -1.2113E-11
 -4.5281E-07
 -4.0703E-07
 -4.5281E-07
  6.8224E-08
  1.2002E-07
  6.8229E-08
 -7.8395E-12
 -2.9414E-11
 -7.8399E-12
 -6.8219E-08
 -1.2001E-07
 -6.8224E-08
  5.6365E-11
  2.9263E-09
  5.5494E-11
  2.5011E-12
  9.3959E-12
  2.5019E-12
 -5.8056E-11
 -2.9299E-09
 -5.7184E-11
  8.4370E-10
 -2.5825E-09
  8.3753E-10
  1.1187E-11
  4.2044E-11
  1.1187E-11
 -8.5131E-10
  2.5658E-09
 -8.4515E-10
  6.0644E-10
 -5.1874E-10
  5.9877E-10
  1.2266E-11
  4.6156E-11
  1.2265E-11
 -6.1496E-10
  5.0000E-10
 -6.0729E-10
 -5.9604E-10
  7.5877E-10
 -6.0108E-10
  5.7229E-12
  2.1595E-11
  5.7223E-12
  5.9187E-10
 -7.6810E-10
  5.9691E-10
 -6.3135E-10
  3.5884E-10
 -6.3162E-10
 -3.4054E-12
 -1.2705E-11
 -3.4038E-12
  6.3339E-10
 -3.5461E-10
  6.3366E-10
 -1.2865E-09
  1.2686E-09
 -1.2823E-09
 -8.7273E-12
 -3.2715E-11
 -8.7258E-12
  1.2921E-09
 -1.2564E-09
  1.2880E-09
  9.5342E-10
 -7.5368E-10
  9.5955E-10
 -6.5941E-12
 -2.4694E-11
 -6.5919E-12
 -9.4918E-10
  7.6272E-10
 -9.5531E-10
  3.0627E-10
 -1.4870E-10
  3.1081E-10
  1.3568E-12
  5.1518E-12
  1.3604E-12
 -3.0733E-10
  1.4627E-10
 -3.1187E-10
  5.6568E-10
  1.5980E-10
  5.6629E-10
  9.0678E-12
  3.4080E-11
  9.0671E-12
 -5.7185E-10
 -1.7325E-10
 -5.7246E-10
 -7.1389E-10
  1.7549E-11
 -7.1624E-10
  1.0526E-11
  3.9532E-11
  1.0528E-11
  7.0679E-10
 -3.2967E-11
  7.0915E-10
  4.6194E-10
  1.6568E-10
  4.6035E-10
  4.4274E-12
  1.6594E-11
  4.4222E-12
 -4.6493E-10
 -1.7227E-10
 -4.6335E-10
 -3.3320E-10
 -2.4980E-10
 -3.3114E-10
 -4.7901E-12
 -1.7549E-11
 -4.7869E-12
  3.3556E-10
  2.5447E-10
  3.3350E-10
 -3.2281E-10
  3.5271E-10
 -3.1971E-10
 -8.6020E-12
 -3.1511E-11
 -8.6056E-12
  3.2878E-10
 -3.3848E-10
  3.2567E-10
