Scalar STRAINXZ under Static for nodeset
189
   0.0000E+00
 -1.5429E-01
 -1.5355E-01
 -1.5429E-01
 -8.0285E-15
 -5.1192E-15
  7.8009E-16
  1.5429E-01
  1.5355E-01
  1.5429E-01
 -4.3762E-02
 -4.4540E-02
 -4.3762E-02
 -4.0749E-15
 -8.1532E-16
  4.7254E-15
  4.3762E-02
  4.4540E-02
  4.3762E-02
  5.2726E-03
  5.2048E-03
  5.2726E-03
 -4.7565E-15
 -2.9588E-16
  4.1412E-15
 -5.2726E-03
 -5.2048E-03
 -5.2726E-03
  1.6474E-04
  9.3183E-04
  1.6474E-04
 -4.8576E-15
 -1.9575E-16
  4.0662E-15
 -1.6474E-04
 -9.3183E-04
 -1.6474E-04
  3.3381E-05
 -5.8103E-05
  3.3381E-05
 -5.0348E-15
 -5.6004E-16
  3.8611E-15
 -3.3381E-05
  5.8103E-05
 -3.3381E-05
 -1.2689E-05
 -1.1204E-05
 -1.2689E-05
 -4.8149E-15
 -5.2521E-16
  3.2771E-15
  1.2689E-05
  1.1204E-05
  1.2689E-05
  4.5371E-07
  4.0611E-07
  4.5371E-07
 -5.0239E-15
 -3.1685E-16
  3.7601E-15
 -4.5371E-07
 -4.0611E-07
 -4.5371E-07
  6.8972E-08
  1.1948E-07
  6.8972E-08
 -5.0966E-15
  1.9002E-16
  3.4964E-15
 -6.8972E-08
 -1.1948E-07
 -6.8972E-08
  4.3184E-11
  2.4001E-09
  4.3193E-11
 -4.6466E-15
 -2.9117E-16
  4.2539E-15
 -4.3194E-11
 -2.4001E-09
 -4.3184E-11
 -3.7347E-10
 -1.8094E-09
 -3.7346E-10
 -3.8391E-15
  1.0962E-16
  2.7862E-15
  3.7346E-10
  1.8094E-09
  3.7347E-10
 -1.3542E-10
 -2.9518E-11
 -1.3542E-10
 -3.1988E-15
 -1.3834E-16
  3.6880E-15
  1.3542E-10
  2.9518E-11
  1.3543E-10
  1.9759E-11
  1.6729E-11
  1.9765E-11
 -1.7389E-15
 -2.4980E-16
  2.8595E-15
 -1.9761E-11
 -1.6729E-11
 -1.9759E-11
 -1.0818E-13
  9.0911E-13
 -1.0421E-13
 -2.8391E-15
  1.3495E-17
  3.3307E-15
  1.0200E-13
 -9.0915E-13
  1.0961E-13
 -3.4583E-14
 -1.5306E-13
 -2.6520E-14
 -4.4426E-15
  6.5226E-16
  6.3838E-16
  2.4800E-14
  1.5522E-13
  2.7450E-14
 -1.9970E-14
 -2.3981E-14
 -6.2311E-15
 -4.8210E-15
 -1.3344E-15
  1.7025E-15
  1.0783E-14
  2.1566E-14
  1.0922E-14
 -8.7291E-15
 -1.2768E-15
  1.4294E-15
 -7.3871E-15
 -2.2760E-15
  1.8874E-15
 -6.5642E-15
 -2.6368E-15
  3.4278E-15
 -2.2760E-15
 -4.8711E-15
  4.1356E-15
 -5.2955E-15
 -1.9642E-15
  1.0772E-15
 -7.5773E-15
  1.9845E-15
 -2.8311E-15
  1.8319E-15
 -2.2343E-15
  6.6613E-16
 -4.6178E-15
 -3.9552E-16
  1.0686E-15
 -8.0075E-15
  6.2450E-16
  1.3878E-15
 -4.3021E-15
 -2.3592E-16
  4.4409E-16
 -2.8004E-15
 -2.6971E-15
  1.8082E-15
 -1.1657E-15
 -3.8858E-15
  4.6213E-15
 -3.1503E-15
  4.6907E-15
 -1.3323E-15
  1.8183E-15
 -5.5056E-16
  1.7640E-16
  6.8556E-15
 -6.5087E-15
  1.9706E-15
  5.3291E-15
 -1.7764E-15
  0.0000E+00
  0.0000E+00
  0.0000E+00
 -2.6645E-15
 -3.5527E-15
  1.7764E-15
 -3.5527E-15
