Scalar MD under Static for nodeset
189
   0.0000E+00
  0.0000E+00
  0.0000E+00
  0.0000E+00
  0.0000E+00
  0.0000E+00
  0.0000E+00
  0.0000E+00
  0.0000E+00
  0.0000E+00
  2.5369E-01
  2.2761E-01
  2.5369E-01
  2.2761E-01
  1.9909E-01
  2.2761E-01
  2.5369E-01
  2.2761E-01
  2.5369E-01
  4.7232E-01
  4.6616E-01
  4.7232E-01
  4.6616E-01
  4.5935E-01
  4.6616E-01
  4.7232E-01
  4.6616E-01
  4.7232E-01
  7.1189E-01
  7.0807E-01
  7.1189E-01
  7.0807E-01
  7.0470E-01
  7.0807E-01
  7.1189E-01
  7.0807E-01
  7.1189E-01
  9.5389E-01
  9.5113E-01
  9.5389E-01
  9.5113E-01
  9.4828E-01
  9.5113E-01
  9.5389E-01
  9.5113E-01
  9.5389E-01
  1.1967E+00
  1.1944E+00
  1.1967E+00
  1.1944E+00
  1.1922E+00
  1.1944E+00
  1.1967E+00
  1.1944E+00
  1.1967E+00
  1.4398E+00
  1.4380E+00
  1.4398E+00
  1.4380E+00
  1.4361E+00
  1.4380E+00
  1.4398E+00
  1.4380E+00
  1.4398E+00
  1.6832E+00
  1.6816E+00
  1.6832E+00
  1.6816E+00
  1.6800E+00
  1.6816E+00
  1.6832E+00
  1.6816E+00
  1.6832E+00
  1.9267E+00
  1.9253E+00
  1.9267E+00
  1.9253E+00
  1.9239E+00
  1.9253E+00
  1.9267E+00
  1.9253E+00
  1.9267E+00
  2.1703E+00
  2.1690E+00
  2.1703E+00
  2.1690E+00
  2.1678E+00
  2.1690E+00
  2.1703E+00
  2.1690E+00
  2.1703E+00
  2.4139E+00
  2.4128E+00
  2.4139E+00
  2.4128E+00
  2.4117E+00
  2.4128E+00
  2.4139E+00
  2.4128E+00
  2.4139E+00
  2.6576E+00
  2.6566E+00
  2.6576E+00
  2.6566E+00
  2.6556E+00
  2.6566E+00
  2.6576E+00
  2.6566E+00
  2.6576E+00
  2.9014E+00
  2.9004E+00
  2.9014E+00
  2.9004E+00
  2.8995E+00
  2.9004E+00
  2.9014E+00
  2.9004E+00
  2.9014E+00
  3.1451E+00
  3.1443E+00
  3.1451E+00
  3.1443E+00
  3.1434E+00
  3.1443E+00
  3.1451E+00
  3.1443E+00
  3.1451E+00
  3.3889E+00
  3.3881E+00
  3.3889E+00
  3.3881E+00
  3.3873E+00
  3.3881E+00
  3.3889E+00
  3.3881E+00
  3.3889E+00
  3.6327E+00
  3.6320E+00
  3.6327E+00
  3.6320E+00
  3.6312E+00
  3.6320E+00
  3.6327E+00
  3.6320E+00
  3.6327E+00
  3.8765E+00
  3.8758E+00
  3.8765E+00
  3.8758E+00
  3.8751E+00
  3.8758E+00
  3.8765E+00
  3.8758E+00
  3.8765E+00
  4.1203E+00
  4.1197E+00
  4.1203E+00
  4.1197E+00
  4.1190E+00
  4.1197E+00
  4.1203E+00
  4.1197E+00
  4.1203E+00
  4.3641E+00
  4.3635E+00
  4.3641E+00
  4.3635E+00
  4.3629E+00
  4.3635E+00
  4.3641E+00
  4.3635E+00
  4.3641E+00
  4.6080E+00
  4.6074E+00
  4.6080E+00
  4.6074E+00
  4.6068E+00
  4.6074E+00
  4.6080E+00
  4.6074E+00
  4.6080E+00
  4.8518E+00
  4.8513E+00
  4.8518E+00
  4.8513E+00
  4.8507E+00
  4.8513E+00
  4.8518E+00
  4.8513E+00
  4.8518E+00
