Scalar STRAINXZ under Static for nodeset
189
   0.0000E+00
 -1.5429E-01
 -1.5355E-01
 -1.5429E-01
  2.8664E-11
  1.0857E-10
  2.8663E-11
  1.5429E-01
  1.5355E-01
  1.5429E-01
 -4.3762E-02
 -4.4540E-02
 -4.3762E-02
  1.5341E-11
  5.4938E-11
  1.5341E-11
  4.3762E-02
  4.4540E-02
  4.3762E-02
  5.2726E-03
  5.2048E-03
  5.2726E-03
 -3.3545E-11
 -1.2618E-10
 -3.3545E-11
 -5.2726E-03
 -5.2048E-03
 -5.2726E-03
  1.6474E-04
  9.3183E-04
  1.6474E-04
 -5.8158E-11
 -2.1719E-10
 -5.8157E-11
 -1.6474E-04
 -9.3183E-04
 -1.6474E-04
  3.3384E-05
 -5.8105E-05
  3.3384E-05
 -2.5716E-11
 -9.5907E-11
 -2.5714E-11
 -3.3384E-05
  5.8105E-05
 -3.3384E-05
 -1.2688E-05
 -1.1203E-05
 -1.2688E-05
  3.4832E-11
  1.3050E-10
  3.4833E-11
  1.2688E-05
  1.1203E-05
  1.2688E-05
  4.5167E-07
  4.0742E-07
  4.5168E-07
  6.6774E-11
  2.5025E-10
  6.6776E-11
 -4.5171E-07
 -4.0751E-07
 -4.5172E-07
  6.6303E-08
  1.2031E-07
  6.6318E-08
  4.4003E-11
  1.6555E-10
  4.4005E-11
 -6.6334E-08
 -1.2038E-07
 -6.6348E-08
  8.4863E-11
  2.6365E-09
  8.7885E-11
 -7.0416E-12
 -2.5604E-11
 -7.0383E-12
 -8.2617E-11
 -2.6337E-09
 -8.5633E-11
  3.0477E-09
 -3.3165E-09
  3.0362E-09
 -4.2244E-11
 -1.5834E-10
 -4.2243E-11
 -3.0202E-09
  3.3754E-09
 -3.0087E-09
  9.0976E-10
 -8.3781E-10
  8.9476E-10
 -4.2119E-11
 -1.5863E-10
 -4.2116E-11
 -8.8012E-10
  9.0325E-10
 -8.6512E-10
  2.4923E-11
  5.2785E-10
  2.1064E-11
 -1.6351E-11
 -6.1838E-11
 -1.6351E-11
 -1.2643E-11
 -5.0008E-10
 -8.7835E-12
 -1.6931E-09
  9.0095E-10
 -1.6817E-09
  1.5491E-11
  5.8171E-11
  1.5495E-11
  1.6827E-09
 -9.2321E-10
  1.6713E-09
 -3.9600E-09
  2.4912E-09
 -3.9431E-09
  3.4320E-11
  1.2878E-10
  3.4321E-11
  3.9373E-09
 -2.5400E-09
  3.9205E-09
  2.3845E-09
 -1.4979E-09
  2.3930E-09
  2.5045E-11
  9.3476E-11
  2.5046E-11
 -2.3996E-09
  1.4668E-09
 -2.4081E-09
  6.1536E-10
 -4.2258E-10
  6.1034E-10
 -1.1058E-11
 -4.2167E-11
 -1.1056E-11
 -6.0601E-10
  4.4453E-10
 -6.0099E-10
  1.1089E-09
 -1.9330E-10
  1.0973E-09
 -4.7946E-11
 -1.8021E-10
 -4.7943E-11
 -1.0763E-09
  2.6459E-10
 -1.0646E-09
 -9.2811E-10
  6.0063E-10
 -9.3471E-10
 -5.1982E-11
 -1.9478E-10
 -5.1976E-11
  9.6192E-10
 -5.2817E-10
  9.6854E-10
  6.8341E-10
 -2.3025E-10
  6.8922E-10
 -1.2792E-11
 -4.7275E-11
 -1.2790E-11
 -6.7655E-10
  2.4409E-10
 -6.8236E-10
 -2.6034E-11
 -4.4107E-10
 -8.4184E-12
  4.4578E-11
  1.6488E-10
  4.4577E-11
  3.0696E-13
  3.8664E-10
 -1.7312E-11
 -1.6867E-09
  1.1551E-09
 -1.6699E-09
  6.7354E-11
  2.4765E-10
  6.7351E-11
  1.6377E-09
 -1.2736E-09
  1.6208E-09
