# node 2
   0.0000E+00    0.0000E+00
   1.0000E-02    4.9476E-07
   2.0000E-02    3.9821E-06
   3.0000E-02    1.3425E-05
   4.0000E-02    3.1726E-05
   5.0000E-02    6.1700E-05
   6.0000E-02    1.0605E-04
   7.0000E-02    1.6732E-04
   8.0000E-02    2.4790E-04
   9.0000E-02    3.4998E-04
   1.0000E-01    4.7555E-04
   1.1000E-01    6.2634E-04
   1.2000E-01    8.0384E-04
   1.3000E-01    1.0093E-03
   1.4000E-01    1.2436E-03
   1.5000E-01    1.5075E-03
   1.6000E-01    1.8012E-03
   1.7000E-01    2.1250E-03
   1.8000E-01    2.4784E-03
   1.9000E-01    2.8611E-03
   2.0000E-01    3.2721E-03
   2.1000E-01    3.7104E-03
   2.2000E-01    4.1745E-03
   2.3000E-01    4.6629E-03
   2.4000E-01    5.1736E-03
   2.5000E-01    5.7046E-03
   2.6000E-01    6.2535E-03
   2.7000E-01    6.8179E-03
   2.8000E-01    7.3951E-03
   2.9000E-01    7.9823E-03
   3.0000E-01    8.5767E-03
   3.1000E-01    9.1753E-03
   3.2000E-01    9.7752E-03
   3.3000E-01    1.0373E-02
   3.4000E-01    1.0967E-02
   3.5000E-01    1.1552E-02
   3.6000E-01    1.2128E-02
   3.7000E-01    1.2690E-02
   3.8000E-01    1.3236E-02
   3.9000E-01    1.3763E-02
   4.0000E-01    1.4270E-02
   4.1000E-01    1.4755E-02
   4.2000E-01    1.5215E-02
   4.3000E-01    1.5649E-02
   4.4000E-01    1.6055E-02
   4.5000E-01    1.6433E-02
   4.6000E-01    1.6781E-02
   4.7000E-01    1.7100E-02
   4.8000E-01    1.7389E-02
   4.9000E-01    1.7647E-02
   5.0000E-01    1.7877E-02
   5.1000E-01    1.8077E-02
   5.2000E-01    1.8250E-02
   5.3000E-01    1.8397E-02
   5.4000E-01    1.8518E-02
   5.5000E-01    1.8617E-02
   5.6000E-01    1.8694E-02
   5.7000E-01    1.8752E-02
   5.8000E-01    1.8794E-02
   5.9000E-01    1.8822E-02
   6.0000E-01    1.8838E-02
   6.1000E-01    1.8846E-02
   6.2000E-01    1.8849E-02
   6.3000E-01    1.8849E-02
   6.4000E-01    1.8850E-02
   6.5000E-01    1.8855E-02
   6.6000E-01    1.8865E-02
   6.7000E-01    1.8885E-02
   6.8000E-01    1.8918E-02
   6.9000E-01    1.8965E-02
   7.0000E-01    1.9029E-02
   7.1000E-01    1.9113E-02
   7.2000E-01    1.9219E-02
   7.3000E-01    1.9349E-02
   7.4000E-01    1.9504E-02
   7.5000E-01    1.9686E-02
   7.6000E-01    1.9896E-02
   7.7000E-01    2.0135E-02
   7.8000E-01    2.0404E-02
   7.9000E-01    2.0703E-02
   8.0000E-01    2.1032E-02
   8.1000E-01    2.1390E-02
   8.2000E-01    2.1778E-02
   8.3000E-01    2.2193E-02
   8.4000E-01    2.2636E-02
   8.5000E-01    2.3105E-02
   8.6000E-01    2.3597E-02
   8.7000E-01    2.4111E-02
   8.8000E-01    2.4645E-02
   8.9000E-01    2.5197E-02
   9.0000E-01    2.5764E-02
   9.1000E-01    2.6343E-02
   9.2000E-01    2.6931E-02
   9.3000E-01    2.7527E-02
   9.4000E-01    2.8126E-02
   9.5000E-01    2.8726E-02
   9.6000E-01    2.9323E-02
   9.7000E-01    2.9915E-02
   9.8000E-01    3.0500E-02
   9.9000E-01    3.1073E-02
   1.0000E+00    3.1632E-02
   1.0100E+00    3.2175E-02
   1.0200E+00    3.2696E-02
   1.0300E+00    3.3190E-02
   1.0400E+00    3.3652E-02
   1.0500E+00    3.4077E-02
   1.0600E+00    3.4462E-02
   1.0700E+00    3.4803E-02
   1.0800E+00    3.5095E-02
   1.0900E+00    3.5336E-02
   1.1000E+00    3.5524E-02
   1.1100E+00    3.5657E-02
   1.1200E+00    3.5734E-02
   1.1300E+00    3.5753E-02
   1.1400E+00    3.5714E-02
   1.1500E+00    3.5619E-02
   1.1600E+00    3.5467E-02
   1.1700E+00    3.5261E-02
   1.1800E+00    3.5002E-02
   1.1900E+00    3.4693E-02
   1.2000E+00    3.4338E-02
   1.2100E+00    3.3938E-02
   1.2200E+00    3.3500E-02
   1.2300E+00    3.3027E-02
   1.2400E+00    3.2523E-02
   1.2500E+00    3.1994E-02
   1.2600E+00    3.1445E-02
   1.2700E+00    3.0882E-02
   1.2800E+00    3.0310E-02
   1.2900E+00    2.9735E-02
   1.3000E+00    2.9163E-02
   1.3100E+00    2.8599E-02
   1.3200E+00    2.8048E-02
   1.3300E+00    2.7518E-02
   1.3400E+00    2.7012E-02
   1.3500E+00    2.6536E-02
   1.3600E+00    2.6095E-02
   1.3700E+00    2.5692E-02
   1.3800E+00    2.5333E-02
   1.3900E+00    2.5021E-02
   1.4000E+00    2.4758E-02
   1.4100E+00    2.4547E-02
   1.4200E+00    2.4391E-02
   1.4300E+00    2.4291E-02
   1.4400E+00    2.4248E-02
   1.4500E+00    2.4263E-02
   1.4600E+00    2.4335E-02
   1.4700E+00    2.4463E-02
   1.4800E+00    2.4647E-02
   1.4900E+00    2.4884E-02
   1.5000E+00    2.5172E-02
   1.5100E+00    2.5509E-02
   1.5200E+00    2.5891E-02
   1.5300E+00    2.6313E-02
   1.5400E+00    2.6773E-02
   1.5500E+00    2.7264E-02
   1.5600E+00    2.7783E-02
   1.5700E+00    2.8324E-02
   1.5800E+00    2.8882E-02
   1.5900E+00    2.9451E-02
   1.6000E+00    3.0026E-02
   1.6100E+00    3.0600E-02
   1.6200E+00    3.1168E-02
   1.6300E+00    3.1725E-02
   1.6400E+00    3.2264E-02
   1.6500E+00    3.2781E-02
   1.6600E+00    3.3270E-02
   1.6700E+00    3.3726E-02
   1.6800E+00    3.4145E-02
   1.6900E+00    3.4523E-02
   1.7000E+00    3.4855E-02
   1.7100E+00    3.5139E-02
   1.7200E+00    3.5372E-02
   1.7300E+00    3.5551E-02
   1.7400E+00    3.5674E-02
   1.7500E+00    3.5741E-02
   1.7600E+00    3.5750E-02
   1.7700E+00    3.5702E-02
   1.7800E+00    3.5597E-02
   1.7900E+00    3.5436E-02
   1.8000E+00    3.5221E-02
   1.8100E+00    3.4953E-02
   1.8200E+00    3.4637E-02
   1.8300E+00    3.4273E-02
   1.8400E+00    3.3867E-02
   1.8500E+00    3.3423E-02
   1.8600E+00    3.2944E-02
   1.8700E+00    3.2436E-02
   1.8800E+00    3.1903E-02
   1.8900E+00    3.1351E-02
   1.9000E+00    3.0786E-02
   1.9100E+00    3.0213E-02
   1.9200E+00    2.9638E-02
   1.9300E+00    2.9067E-02
   1.9400E+00    2.8505E-02
   1.9500E+00    2.7958E-02
   1.9600E+00    2.7431E-02
   1.9700E+00    2.6930E-02
   1.9800E+00    2.6459E-02
   1.9900E+00    2.6024E-02
   2.0000E+00    2.5629E-02
   2.0100E+00    2.5277E-02
   2.0200E+00    2.4973E-02
   2.0300E+00    2.4718E-02
   2.0400E+00    2.4517E-02
   2.0500E+00    2.4370E-02
   2.0600E+00    2.4280E-02
   2.0700E+00    2.4247E-02
   2.0800E+00    2.4271E-02
   2.0900E+00    2.4352E-02
   2.1000E+00    2.4490E-02
   2.1100E+00    2.4683E-02
   2.1200E+00    2.4929E-02
   2.1300E+00    2.5226E-02
   2.1400E+00    2.5570E-02
   2.1500E+00    2.5959E-02
   2.1600E+00    2.6388E-02
   2.1700E+00    2.6853E-02
   2.1800E+00    2.7350E-02
   2.1900E+00    2.7873E-02
   2.2000E+00    2.8417E-02
   2.2100E+00    2.8977E-02
   2.2200E+00    2.9548E-02
   2.2300E+00    3.0123E-02
   2.2400E+00    3.0696E-02
   2.2500E+00    3.1263E-02
   2.2600E+00    3.1817E-02
   2.2700E+00    3.2353E-02
   2.2800E+00    3.2865E-02
   2.2900E+00    3.3349E-02
   2.3000E+00    3.3800E-02
   2.3100E+00    3.4212E-02
   2.3200E+00    3.4582E-02
   2.3300E+00    3.4907E-02
   2.3400E+00    3.5182E-02
   2.3500E+00    3.5406E-02
   2.3600E+00    3.5575E-02
   2.3700E+00    3.5689E-02
   2.3800E+00    3.5747E-02
   2.3900E+00    3.5746E-02
   2.4000E+00    3.5689E-02
   2.4100E+00    3.5574E-02
   2.4200E+00    3.5404E-02
   2.4300E+00    3.5179E-02
   2.4400E+00    3.4903E-02
   2.4500E+00    3.4579E-02
   2.4600E+00    3.4208E-02
   2.4700E+00    3.3795E-02
   2.4800E+00    3.3344E-02
   2.4900E+00    3.2860E-02
   2.5000E+00    3.2347E-02
   2.5100E+00    3.1811E-02
   2.5200E+00    3.1257E-02
   2.5300E+00    3.0690E-02
   2.5400E+00    3.0117E-02
   2.5500E+00    2.9542E-02
   2.5600E+00    2.8971E-02
   2.5700E+00    2.8411E-02
   2.5800E+00    2.7867E-02
   2.5900E+00    2.7344E-02
   2.6000E+00    2.6848E-02
   2.6100E+00    2.6383E-02
   2.6200E+00    2.5955E-02
   2.6300E+00    2.5566E-02
   2.6400E+00    2.5223E-02
   2.6500E+00    2.4926E-02
   2.6600E+00    2.4681E-02
   2.6700E+00    2.4488E-02
   2.6800E+00    2.4351E-02
   2.6900E+00    2.4270E-02
   2.7000E+00    2.4247E-02
   2.7100E+00    2.4281E-02
   2.7200E+00    2.4372E-02
   2.7300E+00    2.4519E-02
   2.7400E+00    2.4721E-02
   2.7500E+00    2.4976E-02
   2.7600E+00    2.5281E-02
   2.7700E+00    2.5633E-02
   2.7800E+00    2.6029E-02
   2.7900E+00    2.6464E-02
   2.8000E+00    2.6935E-02
   2.8100E+00    2.7436E-02
   2.8200E+00    2.7963E-02
   2.8300E+00    2.8511E-02
   2.8400E+00    2.9073E-02
   2.8500E+00    2.9644E-02
   2.8600E+00    3.0219E-02
   2.8700E+00    3.0792E-02
   2.8800E+00    3.1357E-02
   2.8900E+00    3.1909E-02
   2.9000E+00    3.2441E-02
   2.9100E+00    3.2949E-02
   2.9200E+00    3.3427E-02
   2.9300E+00    3.3872E-02
   2.9400E+00    3.4277E-02
   2.9500E+00    3.4640E-02
   2.9600E+00    3.4957E-02
   2.9700E+00    3.5223E-02
   2.9800E+00    3.5438E-02
   2.9900E+00    3.5599E-02
   3.0000E+00    3.5703E-02
   3.0100E+00    3.5751E-02
   3.0200E+00    3.5741E-02
   3.0300E+00    3.5673E-02
   3.0400E+00    3.5549E-02
   3.0500E+00    3.5370E-02
   3.0600E+00    3.5137E-02
   3.0700E+00    3.4852E-02
   3.0800E+00    3.4519E-02
   3.0900E+00    3.4141E-02
   3.1000E+00    3.3722E-02
   3.1100E+00    3.3265E-02
   3.1200E+00    3.2776E-02
   3.1300E+00    3.2259E-02
   3.1400E+00    3.1719E-02
   3.1500E+00    3.1162E-02
   3.1600E+00    3.0594E-02
   3.1700E+00    3.0020E-02
   3.1800E+00    2.9445E-02
   3.1900E+00    2.8876E-02
   3.2000E+00    2.8319E-02
   3.2100E+00    2.7778E-02
   3.2200E+00    2.7259E-02
   3.2300E+00    2.6768E-02
   3.2400E+00    2.6309E-02
   3.2500E+00    2.5886E-02
   3.2600E+00    2.5505E-02
   3.2700E+00    2.5169E-02
   3.2800E+00    2.4881E-02
   3.2900E+00    2.4645E-02
   3.3000E+00    2.4461E-02
   3.3100E+00    2.4334E-02
   3.3200E+00    2.4262E-02
   3.3300E+00    2.4248E-02
   3.3400E+00    2.4292E-02
   3.3500E+00    2.4392E-02
   3.3600E+00    2.4549E-02
   3.3700E+00    2.4760E-02
   3.3800E+00    2.5024E-02
   3.3900E+00    2.5337E-02
   3.4000E+00    2.5696E-02
   3.4100E+00    2.6099E-02
   3.4200E+00    2.6541E-02
   3.4300E+00    2.7017E-02
   3.4400E+00    2.7523E-02
   3.4500E+00    2.8054E-02
   3.4600E+00    2.8604E-02
   3.4700E+00    2.9169E-02
   3.4800E+00    2.9741E-02
   3.4900E+00    3.0316E-02
   3.5000E+00    3.0888E-02
   3.5100E+00    3.1451E-02
   3.5200E+00    3.2000E-02
   3.5300E+00    3.2528E-02
   3.5400E+00    3.3032E-02
   3.5500E+00    3.3505E-02
   3.5600E+00    3.3943E-02
   3.5700E+00    3.4341E-02
   3.5800E+00    3.4697E-02
   3.5900E+00    3.5005E-02
   3.6000E+00    3.5263E-02
   3.6100E+00    3.5469E-02
   3.6200E+00    3.5620E-02
   3.6300E+00    3.5715E-02
   3.6400E+00    3.5753E-02
   3.6500E+00    3.5733E-02
   3.6600E+00    3.5656E-02
   3.6700E+00    3.5523E-02
   3.6800E+00    3.5334E-02
   3.6900E+00    3.5092E-02
   3.7000E+00    3.4799E-02
   3.7100E+00    3.4459E-02
   3.7200E+00    3.4073E-02
   3.7300E+00    3.3647E-02
   3.7400E+00    3.3185E-02
   3.7500E+00    3.2690E-02
   3.7600E+00    3.2169E-02
   3.7700E+00    3.1626E-02
   3.7800E+00    3.1067E-02
   3.7900E+00    3.0498E-02
   3.8000E+00    2.9923E-02
   3.8100E+00    2.9349E-02
   3.8200E+00    2.8781E-02
   3.8300E+00    2.8226E-02
   3.8400E+00    2.7689E-02
   3.8500E+00    2.7174E-02
   3.8600E+00    2.6688E-02
   3.8700E+00    2.6235E-02
   3.8800E+00    2.5819E-02
   3.8900E+00    2.5445E-02
   3.9000E+00    2.5117E-02
   3.9100E+00    2.4838E-02
   3.9200E+00    2.4610E-02
   3.9300E+00    2.4436E-02
   3.9400E+00    2.4318E-02
   3.9500E+00    2.4256E-02
   3.9600E+00    2.4252E-02
   3.9700E+00    2.4305E-02
   3.9800E+00    2.4415E-02
   3.9900E+00    2.4581E-02
   4.0000E+00    2.4801E-02
   4.0100E+00    2.5073E-02
   4.0200E+00    2.5394E-02
   4.0300E+00    2.5761E-02
   4.0400E+00    2.6171E-02
   4.0500E+00    2.6619E-02
   4.0600E+00    2.7100E-02
   4.0700E+00    2.7611E-02
   4.0800E+00    2.8146E-02
   4.0900E+00    2.8699E-02
   4.1000E+00    2.9265E-02
   4.1100E+00    2.9838E-02
   4.1200E+00    3.0413E-02
   4.1300E+00    3.0984E-02
   4.1400E+00    3.1545E-02
   4.1500E+00    3.2090E-02
   4.1600E+00    3.2615E-02
   4.1700E+00    3.3114E-02
   4.1800E+00    3.3581E-02
   4.1900E+00    3.4013E-02
   4.2000E+00    3.4404E-02
   4.2100E+00    3.4752E-02
   4.2200E+00    3.5052E-02
   4.2300E+00    3.5302E-02
   4.2400E+00    3.5498E-02
   4.2500E+00    3.5640E-02
   4.2600E+00    3.5725E-02
   4.2700E+00    3.5754E-02
   4.2800E+00    3.5724E-02
   4.2900E+00    3.5638E-02
   4.3000E+00    3.5495E-02
   4.3100E+00    3.5297E-02
   4.3200E+00    3.5046E-02
   4.3300E+00    3.4745E-02
   4.3400E+00    3.4397E-02
   4.3500E+00    3.4004E-02
   4.3600E+00    3.3572E-02
   4.3700E+00    3.3104E-02
   4.3800E+00    3.2604E-02
   4.3900E+00    3.2079E-02
   4.4000E+00    3.1533E-02
   4.4100E+00    3.0972E-02
   4.4200E+00    3.0401E-02
   4.4300E+00    2.9826E-02
   4.4400E+00    2.9253E-02
   4.4500E+00    2.8687E-02
   4.4600E+00    2.8134E-02
   4.4700E+00    2.7600E-02
   4.4800E+00    2.7090E-02
   4.4900E+00    2.6609E-02
   4.5000E+00    2.6162E-02
   4.5100E+00    2.5753E-02
   4.5200E+00    2.5387E-02
   4.5300E+00    2.5067E-02
   4.5400E+00    2.4796E-02
   4.5500E+00    2.4577E-02
   4.5600E+00    2.4412E-02
   4.5700E+00    2.4303E-02
   4.5800E+00    2.4251E-02
   4.5900E+00    2.4257E-02
   4.6000E+00    2.4319E-02
   4.6100E+00    2.4439E-02
   4.6200E+00    2.4614E-02
   4.6300E+00    2.4843E-02
   4.6400E+00    2.5124E-02
   4.6500E+00    2.5453E-02
   4.6600E+00    2.5827E-02
   4.6700E+00    2.6244E-02
   4.6800E+00    2.6698E-02
   4.6900E+00    2.7185E-02
   4.7000E+00    2.7700E-02
   4.7100E+00    2.8238E-02
   4.7200E+00    2.8793E-02
   4.7300E+00    2.9361E-02
   4.7400E+00    2.9935E-02
   4.7500E+00    3.0510E-02
   4.7600E+00    3.1079E-02
   4.7700E+00    3.1638E-02
   4.7800E+00    3.2180E-02
   4.7900E+00    3.2701E-02
   4.8000E+00    3.3195E-02
   4.8100E+00    3.3657E-02
   4.8200E+00    3.4082E-02
   4.8300E+00    3.4466E-02
   4.8400E+00    3.4806E-02
   4.8500E+00    3.5098E-02
   4.8600E+00    3.5339E-02
   4.8700E+00    3.5526E-02
   4.8800E+00    3.5658E-02
   4.8900E+00    3.5734E-02
   4.9000E+00    3.5753E-02
   4.9100E+00    3.5714E-02
   4.9200E+00    3.5618E-02
   4.9300E+00    3.5465E-02
   4.9400E+00    3.5258E-02
   4.9500E+00    3.4999E-02
   4.9600E+00    3.4690E-02
   4.9700E+00    3.4334E-02
   4.9800E+00    3.3934E-02
   4.9900E+00    3.3495E-02
   5.0000E+00    3.3022E-02
