Scalar STRESSP3 under Static for nodeset
63
   0.0000E+00
 -2.5000E+08
 -2.5000E+08
 -2.5000E+08
 -2.5000E+08
 -2.5000E+08
 -2.5000E+08
 -2.5000E+08
 -2.5000E+08
 -2.5000E+08
 -2.5000E+08
 -2.5000E+08
 -2.5000E+08
 -2.5000E+08
 -2.5000E+08
 -2.5000E+08
 -2.5000E+08
 -2.5000E+08
 -2.5000E+08
 -2.5000E+08
 -2.5000E+08
 -2.5000E+08
 -2.5000E+08
 -2.5000E+08
 -2.5000E+08
 -2.5000E+08
 -2.5000E+08
 -2.5000E+08
 -2.5000E+08
 -2.5000E+08
 -2.5000E+08
 -2.5000E+08
 -2.5000E+08
 -2.5000E+08
 -2.5000E+08
 -2.5000E+08
 -2.5000E+08
 -2.5000E+08
 -2.5000E+08
 -2.5000E+08
 -2.5000E+08
 -2.5000E+08
 -2.5000E+08
 -2.5000E+08
 -2.5000E+08
 -2.5000E+08
 -2.5000E+08
 -2.5000E+08
 -2.5000E+08
 -2.5000E+08
 -2.5000E+08
 -2.5000E+08
 -2.5000E+08
 -2.5000E+08
 -2.5000E+08
 -2.5000E+08
 -2.5000E+08
 -2.5000E+08
 -2.5000E+08
 -2.5000E+08
 -2.5000E+08
 -2.5000E+08
 -2.5000E+08
 -2.5000E+08
