Scalar STRAINP3 under Static for nodeset
63
   0.0000E+00
 -1.2953E-03
 -1.2953E-03
 -1.2953E-03
 -1.2953E-03
 -1.2953E-03
 -1.2953E-03
 -1.2953E-03
 -1.2953E-03
 -1.2953E-03
 -2.4082E-03
 -2.4082E-03
 -2.4082E-03
 -3.5211E-03
 -3.5211E-03
 -3.5211E-03
 -3.5211E-03
 -3.5211E-03
 -3.5211E-03
 -3.5211E-03
 -3.5211E-03
 -3.5211E-03
 -3.5211E-03
 -3.5211E-03
 -3.5211E-03
 -3.5211E-03
 -3.5211E-03
 -3.5211E-03
 -3.5211E-03
 -3.5211E-03
 -3.5211E-03
 -3.5211E-03
 -3.5211E-03
 -3.5211E-03
 -3.5211E-03
 -3.5211E-03
 -3.5211E-03
 -3.5211E-03
 -3.5211E-03
 -3.5211E-03
 -2.3856E-03
 -2.3856E-03
 -2.3856E-03
 -1.2500E-03
 -1.2500E-03
 -1.2500E-03
 -1.2500E-03
 -1.2500E-03
 -1.2500E-03
 -1.2500E-03
 -1.2500E-03
 -1.2500E-03
 -1.2500E-03
 -1.2500E-03
 -1.2500E-03
 -1.7614E-03
 -1.7614E-03
 -1.7614E-03
 -2.2727E-03
 -2.2727E-03
 -2.2727E-03
 -2.2727E-03
 -2.2727E-03
 -2.2727E-03
